day	seedRun	susceptible	exposed	infected	removed	susceptible-in-quarantine	exposed-in-quarantine	infected-in-quarantine	removed-in-quarantine	susceptible-in-quarantine-external-1	exposed-in-quarantine-external-1	infected-in-quarantine-external-1	removed-in-quarantine-external-1	susceptible-in-quarantine-external-2	exposed-in-quarantine-external-2	infected-in-quarantine-external-2	removed-in-quarantine-external-2	num-of-screened-agents	num-of-screened-agents-external-1	num-of-screened-agents-external-2	num-of-positive-agents	num-of-positive-agents-external-1	num-of-positive-agents-external-2	num-vaccinated	num-immunized	num-immunized-in-quarantine	num-immunized-in-quarantine-external-1	num-immunized-in-quarantine-external-2	num-infected-outside	classroom-in-quarantine	num-of-classroom-in-quarantine	classroom-with-at-least-one-infected
0	123457033	250	0	0	0	0	0	0	0	0	0	0	0	0	0	0	0	0	0	0	0	0	0	74	40	0	0	0	0	[]	0	0
1	123457033	241	9	0	0	0	0	0	0	0	0	0	0	0	0	0	0	0	1	0	0	0	0	74	40	0	0	0	9	[]	0	0
2	123457033	195	51	4	0	0	0	0	0	0	0	0	0	0	0	0	0	0	3	0	0	0	0	74	40	0	0	0	20	[]	0	3
3	123457033	122	104	24	0	0	0	0	0	0	0	0	0	0	0	0	0	0	4	0	0	0	0	74	40	0	0	0	31	[]	0	7
4	123457033	47	146	54	3	0	0	0	0	0	0	0	0	0	0	0	0	0	4	1	0	0	1	74	40	0	0	0	34	[]	0	11
5	123457033	17	134	90	9	0	0	0	0	0	0	0	0	0	0	0	0	0	5	3	0	0	3	74	40	0	0	0	40	[]	0	11
6	123457033	17	98	117	18	0	0	0	0	0	0	0	0	0	0	0	0	0	5	5	0	0	5	74	40	0	0	0	40	[]	0	12
7	123457033	17	66	135	32	0	0	0	0	0	0	0	0	0	0	0	0	0	5	13	0	0	13	74	40	0	0	0	40	[]	0	12
8	123457033	2	61	132	55	0	0	0	0	0	0	0	0	0	0	0	0	0	6	21	0	0	21	74	40	0	0	0	40	[]	0	12
9	123457033	1	43	136	70	0	0	0	0	0	0	0	0	0	0	0	0	0	10	22	0	2	22	74	40	0	0	0	40	[]	0	12
10	123457033	1	34	126	89	0	0	0	0	0	0	0	0	0	0	0	0	0	14	25	0	5	25	74	40	0	0	0	40	[]	0	12
11	123457033	0	23	118	109	0	0	0	0	0	0	0	0	0	0	0	0	0	15	26	0	5	26	74	40	0	0	0	40	[]	0	12
12	123457033	0	20	110	120	0	0	0	0	0	0	0	0	0	0	0	0	0	16	30	0	5	30	74	40	0	0	0	40	[]	0	12
13	123457033	0	18	99	133	0	0	0	0	0	0	0	0	0	0	0	0	0	18	33	0	6	33	74	40	0	0	0	40	[]	0	12
14	123457033	0	12	93	145	0	0	0	0	0	0	0	0	0	0	0	0	0	21	34	0	8	34	74	40	0	0	0	40	[]	0	12
15	123457033	0	8	90	152	0	0	0	0	0	0	0	0	0	0	0	0	0	25	39	0	10	39	74	40	0	0	0	40	[]	0	12
16	123457033	0	7	70	173	0	0	0	0	0	0	0	0	0	0	0	0	0	26	40	0	10	40	74	40	0	0	0	40	[]	0	12
17	123457033	0	5	67	178	0	0	0	0	0	0	0	0	0	0	0	0	0	26	40	0	10	40	74	40	0	0	0	40	[]	0	12
18	123457033	0	2	62	186	0	0	0	0	0	0	0	0	0	0	0	0	0	29	40	0	10	40	74	40	0	0	0	40	[]	0	12
19	123457033	0	1	54	195	0	0	0	0	0	0	0	0	0	0	0	0	0	33	41	0	10	41	74	40	0	0	0	40	[]	0	11
20	123457033	0	1	44	205	0	0	0	0	0	0	0	0	0	0	0	0	0	35	42	0	10	42	74	40	0	0	0	40	[]	0	10
21	123457033	0	1	37	212	0	0	0	0	0	0	0	0	0	0	0	0	0	38	43	0	11	43	74	40	0	0	0	40	[]	0	10
22	123457033	0	0	33	217	0	0	0	0	0	0	0	0	0	0	0	0	0	40	46	0	11	46	74	40	0	0	0	40	[]	0	10
23	123457033	0	0	25	225	0	0	0	0	0	0	0	0	0	0	0	0	0	41	46	0	11	46	74	40	0	0	0	40	[]	0	10
24	123457033	0	0	21	229	0	0	0	0	0	0	0	0	0	0	0	0	0	43	47	0	11	47	74	40	0	0	0	40	[]	0	9
25	123457033	0	0	20	230	0	0	0	0	0	0	0	0	0	0	0	0	0	47	48	0	11	48	74	40	0	0	0	40	[]	0	9
26	123457033	0	0	18	232	0	0	0	0	0	0	0	0	0	0	0	0	0	49	48	0	11	48	74	40	0	0	0	40	[]	0	9
27	123457033	0	0	17	233	0	0	0	0	0	0	0	0	0	0	0	0	0	50	50	0	11	50	74	40	0	0	0	40	[]	0	9
28	123457033	0	0	15	235	0	0	0	0	0	0	0	0	0	0	0	0	0	51	50	0	11	50	74	40	0	0	0	40	[]	0	9
29	123457033	0	0	12	238	0	0	0	0	0	0	0	0	0	0	0	0	0	52	50	0	11	50	74	40	0	0	0	40	[]	0	7
30	123457033	0	0	11	239	0	0	0	0	0	0	0	0	0	0	0	0	0	54	50	0	11	50	74	40	0	0	0	40	[]	0	6
31	123457033	0	0	10	240	0	0	0	0	0	0	0	0	0	0	0	0	0	55	50	0	11	50	74	40	0	0	0	40	[]	0	5
32	123457033	0	0	10	240	0	0	0	0	0	0	0	0	0	0	0	0	0	61	50	0	12	50	74	40	0	0	0	40	[]	0	5
33	123457033	0	0	10	240	0	0	0	0	0	0	0	0	0	0	0	0	0	63	50	0	12	50	74	40	0	0	0	40	[]	0	5
34	123457033	0	0	9	241	0	0	0	0	0	0	0	0	0	0	0	0	0	68	50	0	12	50	74	40	0	0	0	40	[]	0	5
35	123457033	0	0	8	242	0	0	0	0	0	0	0	0	0	0	0	0	0	68	50	0	12	50	74	40	0	0	0	40	[]	0	5
36	123457033	0	0	6	244	0	0	0	0	0	0	0	0	0	0	0	0	0	68	50	0	12	50	74	40	0	0	0	40	[]	0	4
37	123457033	0	0	6	244	0	0	0	0	0	0	0	0	0	0	0	0	0	68	50	0	12	50	74	40	0	0	0	40	[]	0	4
38	123457033	0	0	6	244	0	0	0	0	0	0	0	0	0	0	0	0	0	69	50	0	12	50	74	40	0	0	0	40	[]	0	4
39	123457033	0	0	6	244	0	0	0	0	0	0	0	0	0	0	0	0	0	69	50	0	12	50	74	40	0	0	0	40	[]	0	4
40	123457033	0	0	6	244	0	0	0	0	0	0	0	0	0	0	0	0	0	70	51	0	12	51	74	40	0	0	0	40	[]	0	4
41	123457033	0	0	4	246	0	0	0	0	0	0	0	0	0	0	0	0	0	72	51	0	12	51	74	40	0	0	0	40	[]	0	2
42	123457033	0	0	1	249	0	0	0	0	0	0	0	0	0	0	0	0	0	73	51	0	12	51	74	40	0	0	0	40	[]	0	1
43	123457033	0	0	1	249	0	0	0	0	0	0	0	0	0	0	0	0	0	75	51	0	12	51	74	40	0	0	0	40	[]	0	1
44	123457033	0	0	1	249	0	0	0	0	0	0	0	0	0	0	0	0	0	75	51	0	12	51	74	40	0	0	0	40	[]	0	1
45	123457033	0	0	1	249	0	0	0	0	0	0	0	0	0	0	0	0	0	79	51	0	12	51	74	40	0	0	0	40	[]	0	1
46	123457033	0	0	1	249	0	0	0	0	0	0	0	0	0	0	0	0	0	81	51	0	12	51	74	40	0	0	0	40	[]	0	1
47	123457033	0	0	1	249	0	0	0	0	0	0	0	0	0	0	0	0	0	81	51	0	12	51	74	40	0	0	0	40	[]	0	1
48	123457033	0	0	1	249	0	0	0	0	0	0	0	0	0	0	0	0	0	84	51	0	12	51	74	40	0	0	0	40	[]	0	1
49	123457033	0	0	1	249	0	0	0	0	0	0	0	0	0	0	0	0	0	89	51	0	12	51	74	40	0	0	0	40	[]	0	1
50	123457033	0	0	1	249	0	0	0	0	0	0	0	0	0	0	0	0	0	91	51	0	12	51	74	40	0	0	0	40	[]	0	1
51	123457033	0	0	1	249	0	0	0	0	0	0	0	0	0	0	0	0	0	92	51	0	12	51	74	40	0	0	0	40	[]	0	1
52	123457033	0	0	1	249	0	0	0	0	0	0	0	0	0	0	0	0	0	92	51	0	12	51	74	40	0	0	0	40	[]	0	1
53	123457033	0	0	1	249	0	0	0	0	0	0	0	0	0	0	0	0	0	93	51	0	12	51	74	40	0	0	0	40	[]	0	1
54	123457033	0	0	1	249	0	0	0	0	0	0	0	0	0	0	0	0	0	95	51	0	12	51	74	40	0	0	0	40	[]	0	1
55	123457033	0	0	1	249	0	0	0	0	0	0	0	0	0	0	0	0	0	97	51	0	12	51	74	40	0	0	0	40	[]	0	1
56	123457033	0	0	1	249	0	0	0	0	0	0	0	0	0	0	0	0	0	98	51	0	12	51	74	40	0	0	0	40	[]	0	1
57	123457033	0	0	1	249	0	0	0	0	0	0	0	0	0	0	0	0	0	99	51	0	12	51	74	40	0	0	0	40	[]	0	1
58	123457033	0	0	1	249	0	0	0	0	0	0	0	0	0	0	0	0	0	100	51	0	12	51	74	40	0	0	0	40	[]	0	1
59	123457033	0	0	1	249	0	0	0	0	0	0	0	0	0	0	0	0	0	100	51	0	12	51	74	40	0	0	0	40	[]	0	1
60	123457033	0	0	1	249	0	0	0	0	0	0	0	0	0	0	0	0	0	102	51	0	12	51	74	40	0	0	0	40	[]	0	1
