day	seedRun	susceptible	exposed	infected	removed	susceptible-in-quarantine	exposed-in-quarantine	infected-in-quarantine	removed-in-quarantine	susceptible-in-quarantine-external-1	exposed-in-quarantine-external-1	infected-in-quarantine-external-1	removed-in-quarantine-external-1	susceptible-in-quarantine-external-2	exposed-in-quarantine-external-2	infected-in-quarantine-external-2	removed-in-quarantine-external-2	num-of-screened-agents	num-of-screened-agents-external-1	num-of-screened-agents-external-2	num-of-positive-agents	num-of-positive-agents-external-1	num-of-positive-agents-external-2	num-vaccinated	num-immunized	num-immunized-in-quarantine	num-immunized-in-quarantine-external-1	num-immunized-in-quarantine-external-2	num-infected-outside	classroom-in-quarantine	num-of-classroom-in-quarantine	classroom-with-at-least-one-infected
0	123457089	240	0	0	0	0	0	0	0	0	0	0	0	0	0	0	0	0	0	0	0	0	0	50	50	0	0	0	0	[]	0	0
1	123457089	230	10	0	0	0	0	0	0	0	0	0	0	0	0	0	0	0	2	0	0	0	0	50	50	0	0	0	10	[]	0	0
2	123457089	211	27	1	0	0	0	0	0	0	0	1	0	0	0	0	0	19	4	0	0	1	0	50	50	0	0	0	20	[]	0	2
3	123457089	168	63	8	0	0	0	0	0	0	0	1	0	0	0	0	0	19	6	0	0	1	0	50	50	0	0	0	28	[]	0	5
4	123457089	90	120	27	2	0	0	0	0	0	0	1	0	0	0	0	0	19	8	0	0	1	0	50	50	0	0	0	36	[]	0	10
5	123457089	54	95	47	3	6	18	12	2	0	0	2	0	0	0	1	0	57	9	1	12	2	1	50	50	0	0	0	38	[3C 1C]	2	11
6	123457089	50	58	40	11	7	28	33	8	0	0	2	0	0	0	3	0	95	9	3	29	2	3	50	50	0	0	0	41	[3C 1C 1D 3B]	4	11
7	123457089	40	35	34	9	12	35	47	21	0	0	1	1	0	0	5	0	152	13	5	43	2	5	50	50	0	0	0	46	[3C 1C 1D 3B 2C 1A]	6	12
8	123457089	18	52	38	10	12	27	51	25	0	0	0	2	0	0	4	1	152	15	5	43	2	5	50	50	0	0	0	48	[3C 1C 1D 3B 2C 1A]	6	11
9	123457089	11	18	19	10	18	37	77	40	0	0	1	2	0	0	5	2	209	16	7	65	3	7	50	50	0	0	0	49	[3C 1C 1D 3B 2C 1A 1B 3A 3D]	9	12
10	123457089	9	8	10	11	18	36	81	56	0	0	0	3	0	0	5	3	228	17	8	74	3	8	50	50	0	0	0	49	[3C 1C 1D 3B 2C 1A 1B 3A 3D 2A]	10	12
11	123457089	8	7	9	14	18	21	84	68	0	0	0	3	0	0	4	4	228	18	8	74	3	8	50	50	0	0	0	49	[3C 1C 1D 3B 2C 1A 1B 3A 3D 2A]	10	12
12	123457089	2	12	10	15	18	15	83	75	0	0	0	2	0	0	3	5	228	18	8	74	3	8	50	50	0	0	0	49	[3C 1C 1D 3B 2C 1A 1B 3A 3D 2A]	10	12
13	123457089	2	6	15	16	18	10	78	85	0	0	0	2	0	0	3	5	228	18	8	74	3	8	50	50	0	0	0	49	[3C 1C 1D 3B 2C 1A 1B 3A 3D 2A]	10	12
14	123457089	2	4	14	19	18	7	67	99	0	0	0	2	0	0	3	5	228	18	8	74	3	8	50	50	0	0	0	49	[3C 1C 1D 3B 2C 1A 1B 3A 3D 2A]	10	12
15	123457089	5	5	15	54	12	6	53	82	0	0	0	1	0	0	2	5	228	18	8	74	3	8	50	50	0	0	0	50	[1D 3B 2C 1A 1B 3A 3D 2A]	8	10
16	123457089	6	4	14	95	11	2	36	66	0	0	0	1	0	0	1	4	228	20	8	74	3	8	50	50	0	0	0	50	[2C 1A 1B 3A 3D 2A]	6	8
17	123457089	6	4	5	125	6	3	31	55	0	0	0	1	0	0	2	2	247	22	9	84	3	9	50	50	0	0	0	51	[1B 3A 3D 2A 2B]	5	8
18	123457089	5	3	5	127	6	1	29	59	0	0	0	1	0	0	2	2	247	22	9	84	3	9	50	50	0	0	0	51	[1B 3A 3D 2A 2B]	5	7
19	123457089	10	3	4	182	0	1	8	29	0	0	1	0	0	0	2	0	266	25	9	84	4	9	50	50	0	0	0	52	[2A 2B]	2	4
20	123457089	7	6	3	203	0	1	7	11	0	0	1	0	0	0	1	0	266	27	9	84	4	9	50	50	0	0	0	55	[2B]	1	3
21	123457089	7	6	2	204	0	1	5	13	0	0	1	0	0	0	1	0	266	28	9	84	4	9	50	50	0	0	0	55	[2B]	1	3
22	123457089	7	6	2	204	0	1	4	14	0	0	1	0	0	0	1	0	266	29	9	84	4	9	50	50	0	0	0	55	[2B]	1	3
23	123457089	7	6	2	204	0	1	4	14	0	0	1	0	0	0	0	1	266	32	9	84	4	9	50	50	0	0	0	55	[2B]	1	3
24	123457089	5	6	4	204	0	1	4	14	0	0	0	1	0	0	0	1	285	34	9	84	4	9	50	50	0	0	0	56	[2B]	1	3
25	123457089	4	5	6	204	0	0	5	14	0	0	0	1	0	0	0	1	285	34	9	84	4	9	50	50	0	0	0	57	[2B]	1	4
26	123457089	4	4	6	205	0	0	5	14	0	0	0	1	0	0	0	1	285	38	9	84	4	9	50	50	0	0	0	57	[2B]	1	4
27	123457089	4	3	6	226	0	0	0	0	0	0	0	1	0	0	0	0	285	40	9	84	4	9	50	50	0	0	0	57	[]	0	3
28	123457089	3	3	7	226	0	0	0	0	0	0	0	1	0	0	0	0	285	43	9	84	4	9	50	50	0	0	0	58	[]	0	3
29	123457089	1	3	7	229	0	0	0	0	0	0	0	0	0	0	0	0	285	47	9	84	4	9	50	50	0	0	0	58	[]	0	3
30	123457089	0	1	10	229	0	0	0	0	0	0	0	0	0	0	0	0	285	49	9	84	4	9	50	50	0	0	0	58	[]	0	3
31	123457089	0	1	10	229	0	0	0	0	0	0	0	0	0	0	0	0	285	51	9	84	4	9	50	50	0	0	0	58	[]	0	3
32	123457089	0	1	5	230	0	0	3	0	0	0	0	0	0	0	1	0	304	53	10	87	4	10	50	50	0	0	0	58	[]	0	3
33	123457089	0	1	4	231	0	0	2	1	0	0	0	0	0	0	1	0	304	54	10	87	4	10	50	50	0	0	0	58	[]	0	3
34	123457089	0	1	3	232	0	0	1	2	0	0	0	0	0	0	1	0	304	55	10	87	4	10	50	50	0	0	0	58	[]	0	3
35	123457089	0	1	3	232	0	0	1	2	0	0	0	0	0	0	1	0	304	58	10	87	4	10	50	50	0	0	0	58	[]	0	3
36	123457089	0	1	3	232	0	0	1	2	0	0	0	0	0	0	0	1	304	59	10	87	4	10	50	50	0	0	0	58	[]	0	3
37	123457089	0	1	3	232	0	0	0	3	0	0	0	0	0	0	0	1	320	61	10	87	4	10	50	50	0	0	0	58	[]	0	2
38	123457089	0	1	3	232	0	0	0	3	0	0	0	0	0	0	0	1	320	63	10	87	4	10	50	50	0	0	0	58	[]	0	2
39	123457089	0	0	4	232	0	0	0	3	0	0	0	0	0	0	0	1	320	64	10	87	4	10	50	50	0	0	0	58	[]	0	2
40	123457089	0	0	2	234	0	0	0	3	0	0	0	0	0	0	0	1	320	66	10	87	4	10	50	50	0	0	0	58	[]	0	1
41	123457089	0	0	1	235	0	0	0	3	0	0	0	0	0	0	0	1	320	69	10	87	4	10	50	50	0	0	0	58	[]	0	1
42	123457089	0	0	1	239	0	0	0	0	0	0	0	0	0	0	0	0	320	69	10	87	4	10	50	50	0	0	0	58	[]	0	1
43	123457089	0	0	1	239	0	0	0	0	0	0	0	0	0	0	0	0	320	69	10	87	4	10	50	50	0	0	0	58	[]	0	1
44	123457089	0	0	1	239	0	0	0	0	0	0	0	0	0	0	0	0	320	71	10	87	4	10	50	50	0	0	0	58	[]	0	1
45	123457089	0	0	1	239	0	0	0	0	0	0	0	0	0	0	0	0	320	75	10	87	4	10	50	50	0	0	0	58	[]	0	1
46	123457089	0	0	1	239	0	0	0	0	0	0	0	0	0	0	0	0	320	76	10	87	4	10	50	50	0	0	0	58	[]	0	1
47	123457089	0	0	1	239	0	0	0	0	0	0	0	0	0	0	0	0	320	79	10	87	4	10	50	50	0	0	0	58	[]	0	1
48	123457089	0	0	0	240	0	0	0	0	0	0	0	0	0	0	0	0	320	80	10	87	4	10	50	50	0	0	0	58	[]	0	0
49	123457089	0	0	0	240	0	0	0	0	0	0	0	0	0	0	0	0	320	84	10	87	4	10	50	50	0	0	0	58	[]	0	0
50	123457089	0	0	0	240	0	0	0	0	0	0	0	0	0	0	0	0	320	85	10	87	4	10	50	50	0	0	0	58	[]	0	0
51	123457089	0	0	0	240	0	0	0	0	0	0	0	0	0	0	0	0	320	87	10	87	4	10	50	50	0	0	0	58	[]	0	0
52	123457089	0	0	0	240	0	0	0	0	0	0	0	0	0	0	0	0	320	90	10	87	4	10	50	50	0	0	0	58	[]	0	0
53	123457089	0	0	0	240	0	0	0	0	0	0	0	0	0	0	0	0	320	91	10	87	4	10	50	50	0	0	0	58	[]	0	0
54	123457089	0	0	0	240	0	0	0	0	0	0	0	0	0	0	0	0	320	94	10	87	4	10	50	50	0	0	0	58	[]	0	0
55	123457089	0	0	0	240	0	0	0	0	0	0	0	0	0	0	0	0	320	95	10	87	4	10	50	50	0	0	0	58	[]	0	0
56	123457089	0	0	0	240	0	0	0	0	0	0	0	0	0	0	0	0	320	98	10	87	4	10	50	50	0	0	0	58	[]	0	0
57	123457089	0	0	0	240	0	0	0	0	0	0	0	0	0	0	0	0	320	105	10	87	4	10	50	50	0	0	0	58	[]	0	0
58	123457089	0	0	0	240	0	0	0	0	0	0	0	0	0	0	0	0	320	107	10	87	4	10	50	50	0	0	0	58	[]	0	0
59	123457089	0	0	0	240	0	0	0	0	0	0	0	0	0	0	0	0	320	112	10	87	4	10	50	50	0	0	0	58	[]	0	0
60	123457089	0	0	0	240	0	0	0	0	0	0	0	0	0	0	0	0	320	116	10	87	4	10	50	50	0	0	0	58	[]	0	0
