day	seedRun	susceptible	exposed	infected	removed	susceptible-in-quarantine	exposed-in-quarantine	infected-in-quarantine	removed-in-quarantine	susceptible-in-quarantine-external-1	exposed-in-quarantine-external-1	infected-in-quarantine-external-1	removed-in-quarantine-external-1	susceptible-in-quarantine-external-2	exposed-in-quarantine-external-2	infected-in-quarantine-external-2	removed-in-quarantine-external-2	num-of-screened-agents	num-of-screened-agents-external-1	num-of-screened-agents-external-2	num-of-positive-agents	num-of-positive-agents-external-1	num-of-positive-agents-external-2	num-vaccinated	num-immunized	num-immunized-in-quarantine	num-immunized-in-quarantine-external-1	num-immunized-in-quarantine-external-2	num-infected-outside	classroom-in-quarantine	num-of-classroom-in-quarantine	classroom-with-at-least-one-infected
0	123457219	240	0	0	0	0	0	0	0	0	0	0	0	0	0	0	0	0	0	0	0	0	0	50	50	0	0	0	0	[]	0	0
1	123457219	232	8	0	0	0	0	0	0	0	0	0	0	0	0	0	0	0	2	0	0	0	0	50	50	0	0	0	8	[]	0	0
2	123457219	199	38	3	0	0	0	0	0	0	0	0	0	0	0	0	0	0	3	0	0	0	0	50	50	0	0	0	18	[]	0	3
3	123457219	144	83	13	0	0	0	0	0	0	0	0	0	0	0	0	0	0	4	0	0	0	0	50	50	0	0	0	30	[]	0	5
4	123457219	84	100	33	1	0	8	12	0	0	0	0	0	0	0	2	0	38	4	2	12	0	2	50	50	0	0	0	38	[2D]	1	10
5	123457219	55	97	44	2	0	14	21	4	0	0	0	0	0	0	3	0	57	5	3	21	0	3	50	50	0	0	0	44	[2D 3B]	2	10
6	123457219	51	56	47	4	1	26	42	8	0	0	1	0	0	0	3	1	95	6	4	38	1	4	50	50	0	0	0	47	[2D 3B 1B 1C]	4	12
7	123457219	35	39	37	9	14	23	59	17	0	0	2	0	0	0	3	2	131	7	5	51	2	5	50	50	0	0	0	50	[2D 3B 1B 1C 2A 3A]	6	12
8	123457219	4	54	35	7	14	25	66	27	0	0	2	0	0	0	3	3	150	8	6	58	2	6	50	50	0	0	0	50	[2D 3B 1B 1C 2A 3A 2B]	7	12
9	123457219	0	33	19	8	14	25	94	37	0	0	3	0	0	0	3	4	188	9	7	85	3	7	50	50	0	0	0	50	[2D 3B 1B 1C 2A 3A 2B 1A 2C]	9	12
10	123457219	0	19	18	3	14	18	103	54	0	0	3	0	0	0	3	5	207	10	8	95	3	8	50	50	0	0	0	50	[2D 3B 1B 1C 2A 3A 2B 1A 2C 3C]	10	12
11	123457219	0	14	21	5	14	14	93	68	0	0	3	0	0	0	2	6	207	10	8	95	3	8	50	50	0	0	0	50	[2D 3B 1B 1C 2A 3A 2B 1A 2C 3C]	10	12
12	123457219	0	4	12	4	14	17	95	82	0	0	4	0	0	0	2	6	226	11	8	105	4	8	50	50	0	0	0	50	[2D 3B 1B 1C 2A 3A 2B 1A 2C 3C 3D]	11	12
13	123457219	0	3	11	6	14	9	86	99	0	0	4	0	0	0	1	7	226	11	8	105	4	8	50	50	0	0	0	50	[2D 3B 1B 1C 2A 3A 2B 1A 2C 3C 3D]	11	12
14	123457219	0	3	9	28	14	7	73	95	0	0	4	0	0	0	1	6	226	11	8	105	4	8	50	50	0	0	0	50	[3B 1B 1C 2A 3A 2B 1A 2C 3C 3D]	10	11
15	123457219	0	3	8	49	14	6	57	93	0	0	3	1	0	0	1	5	226	13	8	105	4	8	50	50	0	0	0	50	[1B 1C 2A 3A 2B 1A 2C 3C 3D]	9	10
16	123457219	1	1	10	88	13	4	42	73	0	0	2	1	0	0	1	4	226	13	8	105	4	8	50	50	0	0	0	50	[2A 3A 2B 1A 2C 3C 3D]	7	8
17	123457219	13	1	9	117	0	1	35	59	0	0	1	1	0	0	0	3	226	13	8	105	4	8	50	50	0	0	0	51	[2B 1A 2C 3C 3D]	5	6
18	123457219	7	6	1	126	0	1	32	62	0	0	1	1	0	0	1	2	245	15	9	113	4	9	50	50	0	0	0	51	[1A 2C 3C 3D 1D]	5	6
19	123457219	1	10	3	166	0	1	19	37	0	0	1	0	0	0	1	1	245	15	9	113	4	9	50	50	0	0	0	51	[3C 3D 1D]	3	4
20	123457219	1	8	5	186	0	1	10	27	0	0	1	0	0	0	1	0	245	17	9	113	4	9	50	50	0	0	0	51	[3D 1D]	2	3
21	123457219	1	0	0	179	0	5	18	34	0	0	1	0	0	0	2	0	264	19	10	120	4	10	50	50	0	0	0	51	[3D 1D 3A]	3	3
22	123457219	1	0	0	199	0	2	13	23	0	0	0	0	0	0	1	1	264	19	10	120	4	10	50	50	0	0	0	51	[1D 3A]	2	2
23	123457219	1	0	0	199	0	2	11	25	0	0	0	0	0	0	1	1	264	20	10	120	4	10	50	50	0	0	0	51	[1D 3A]	2	2
24	123457219	1	0	0	199	0	2	9	27	0	0	0	0	0	0	1	1	264	20	10	120	4	10	50	50	0	0	0	51	[1D 3A]	2	2
25	123457219	1	0	0	199	0	1	6	31	0	0	0	0	0	0	1	1	264	21	10	120	4	10	50	50	0	0	0	51	[1D 3A]	2	2
26	123457219	1	0	0	199	0	1	5	32	0	0	0	0	0	0	1	1	264	22	10	120	4	10	50	50	0	0	0	51	[1D 3A]	2	2
27	123457219	1	0	0	199	0	1	4	33	0	0	0	0	0	0	1	1	264	24	10	120	4	10	50	50	0	0	0	51	[1D 3A]	2	2
28	123457219	1	0	0	219	0	0	4	15	0	0	0	0	0	0	0	1	264	25	10	120	4	10	50	50	0	0	0	51	[3A]	1	1
29	123457219	1	0	0	219	0	0	3	16	0	0	0	0	0	0	0	1	264	26	10	120	4	10	50	50	0	0	0	51	[3A]	1	1
30	123457219	1	0	0	219	0	0	2	17	0	0	0	0	0	0	0	1	264	29	10	120	4	10	50	50	0	0	0	51	[3A]	1	1
31	123457219	1	0	0	239	0	0	0	0	0	0	0	0	0	0	0	0	264	30	10	120	4	10	50	50	0	0	0	51	[]	0	0
32	123457219	1	0	0	239	0	0	0	0	0	0	0	0	0	0	0	0	264	34	10	120	4	10	50	50	0	0	0	51	[]	0	0
33	123457219	1	0	0	239	0	0	0	0	0	0	0	0	0	0	0	0	264	35	10	120	4	10	50	50	0	0	0	51	[]	0	0
34	123457219	1	0	0	239	0	0	0	0	0	0	0	0	0	0	0	0	264	35	10	120	4	10	50	50	0	0	0	51	[]	0	0
35	123457219	1	0	0	239	0	0	0	0	0	0	0	0	0	0	0	0	264	36	10	120	4	10	50	50	0	0	0	51	[]	0	0
36	123457219	1	0	0	239	0	0	0	0	0	0	0	0	0	0	0	0	264	36	10	120	4	10	50	50	0	0	0	51	[]	0	0
37	123457219	1	0	0	239	0	0	0	0	0	0	0	0	0	0	0	0	264	37	10	120	4	10	50	50	0	0	0	51	[]	0	0
38	123457219	1	0	0	239	0	0	0	0	0	0	0	0	0	0	0	0	264	38	10	120	4	10	50	50	0	0	0	51	[]	0	0
39	123457219	1	0	0	239	0	0	0	0	0	0	0	0	0	0	0	0	264	41	10	120	4	10	50	50	0	0	0	51	[]	0	0
40	123457219	1	0	0	239	0	0	0	0	0	0	0	0	0	0	0	0	264	43	10	120	4	10	50	50	0	0	0	51	[]	0	0
41	123457219	1	0	0	239	0	0	0	0	0	0	0	0	0	0	0	0	264	45	10	120	4	10	50	50	0	0	0	51	[]	0	0
42	123457219	1	0	0	239	0	0	0	0	0	0	0	0	0	0	0	0	264	48	10	120	4	10	50	50	0	0	0	51	[]	0	0
43	123457219	1	0	0	239	0	0	0	0	0	0	0	0	0	0	0	0	264	50	10	120	4	10	50	50	0	0	0	51	[]	0	0
44	123457219	0	1	0	239	0	0	0	0	0	0	0	0	0	0	0	0	264	52	10	120	4	10	50	50	0	0	0	52	[]	0	0
45	123457219	0	1	0	239	0	0	0	0	0	0	0	0	0	0	0	0	264	54	10	120	4	10	50	50	0	0	0	52	[]	0	0
46	123457219	0	1	0	239	0	0	0	0	0	0	0	0	0	0	0	0	264	55	10	120	4	10	50	50	0	0	0	52	[]	0	0
47	123457219	0	0	1	239	0	0	0	0	0	0	0	0	0	0	0	0	264	55	10	120	4	10	50	50	0	0	0	52	[]	0	1
48	123457219	0	0	1	239	0	0	0	0	0	0	0	0	0	0	0	0	264	55	10	120	4	10	50	50	0	0	0	52	[]	0	1
49	123457219	0	0	1	239	0	0	0	0	0	0	0	0	0	0	0	0	264	59	10	120	4	10	50	50	0	0	0	52	[]	0	1
50	123457219	0	0	1	239	0	0	0	0	0	0	0	0	0	0	0	0	264	60	10	120	4	10	50	50	0	0	0	52	[]	0	1
51	123457219	0	0	1	239	0	0	0	0	0	0	0	0	0	0	0	0	264	63	10	120	4	10	50	50	0	0	0	52	[]	0	1
52	123457219	0	0	1	239	0	0	0	0	0	0	0	0	0	0	0	0	264	63	10	120	4	10	50	50	0	0	0	52	[]	0	1
53	123457219	0	0	1	239	0	0	0	0	0	0	0	0	0	0	0	0	264	64	10	120	4	10	50	50	0	0	0	52	[]	0	1
54	123457219	0	0	1	239	0	0	0	0	0	0	0	0	0	0	0	0	264	67	10	120	4	10	50	50	0	0	0	52	[]	0	1
55	123457219	0	0	1	239	0	0	0	0	0	0	0	0	0	0	0	0	264	71	10	120	4	10	50	50	0	0	0	52	[]	0	1
56	123457219	0	0	1	239	0	0	0	0	0	0	0	0	0	0	0	0	264	72	10	120	4	10	50	50	0	0	0	52	[]	0	1
57	123457219	0	0	1	239	0	0	0	0	0	0	0	0	0	0	0	0	264	72	10	120	4	10	50	50	0	0	0	52	[]	0	1
58	123457219	0	0	1	239	0	0	0	0	0	0	0	0	0	0	0	0	264	73	10	120	4	10	50	50	0	0	0	52	[]	0	1
59	123457219	0	0	0	240	0	0	0	0	0	0	0	0	0	0	0	0	264	75	10	120	4	10	50	50	0	0	0	52	[]	0	0
60	123457219	0	0	0	240	0	0	0	0	0	0	0	0	0	0	0	0	264	77	10	120	4	10	50	50	0	0	0	52	[]	0	0
