day	seedRun	susceptible	exposed	infected	removed	susceptible-in-quarantine	exposed-in-quarantine	infected-in-quarantine	removed-in-quarantine	susceptible-in-quarantine-external-1	exposed-in-quarantine-external-1	infected-in-quarantine-external-1	removed-in-quarantine-external-1	susceptible-in-quarantine-external-2	exposed-in-quarantine-external-2	infected-in-quarantine-external-2	removed-in-quarantine-external-2	num-of-screened-agents	num-of-screened-agents-external-1	num-of-screened-agents-external-2	num-of-positive-agents	num-of-positive-agents-external-1	num-of-positive-agents-external-2	num-vaccinated	num-immunized	num-immunized-in-quarantine	num-immunized-in-quarantine-external-1	num-immunized-in-quarantine-external-2	num-infected-outside	classroom-in-quarantine	num-of-classroom-in-quarantine	classroom-with-at-least-one-infected
0	123456983	144	0	0	0	0	0	0	0	0	0	0	0	0	0	0	0	0	0	0	0	0	0	146	146	0	0	0	0	[]	0	0
1	123456983	144	0	0	0	0	0	0	0	0	0	0	0	0	0	0	0	0	0	0	0	0	0	146	146	0	0	0	0	[]	0	0
2	123456983	144	0	0	0	0	0	0	0	0	0	0	0	0	0	0	0	0	2	0	0	0	0	146	146	0	0	0	0	[]	0	0
3	123456983	143	1	0	0	0	0	0	0	0	0	0	0	0	0	0	0	0	3	0	0	0	0	146	146	0	0	0	1	[]	0	0
4	123456983	143	1	0	0	0	0	0	0	0	0	0	0	0	0	0	0	0	6	0	0	0	0	146	146	0	0	0	1	[]	0	0
5	123456983	143	1	0	0	0	0	0	0	0	0	0	0	0	0	0	0	0	8	0	0	0	0	146	146	0	0	0	1	[]	0	0
6	123456983	143	1	0	0	0	0	0	0	0	0	0	0	0	0	0	0	0	8	0	0	0	0	146	146	0	0	0	1	[]	0	0
7	123456983	143	1	0	0	0	0	0	0	0	0	0	0	0	0	0	0	0	9	0	0	0	0	146	146	0	0	0	1	[]	0	0
8	123456983	136	7	1	0	0	0	0	0	0	0	0	0	0	0	0	0	0	11	0	0	0	0	146	146	0	0	0	1	[]	0	1
9	123456983	133	9	2	0	0	0	0	0	0	0	0	0	0	0	0	0	0	14	0	0	0	0	146	146	0	0	0	1	[]	0	1
10	123456983	132	7	5	0	0	0	0	0	0	0	0	0	0	0	0	0	0	16	0	0	0	0	146	146	0	0	0	1	[]	0	1
11	123456983	132	5	6	1	0	0	0	0	0	0	0	0	0	0	0	0	0	23	0	0	0	0	146	146	0	0	0	1	[]	0	1
12	123456983	131	6	5	2	0	0	0	0	0	0	0	0	0	0	0	0	0	24	0	0	0	0	146	146	0	0	0	1	[]	0	1
13	123456983	131	5	5	3	0	0	0	0	0	0	0	0	0	0	0	0	0	27	0	0	0	0	146	146	0	0	0	1	[]	0	1
14	123456983	131	5	4	4	0	0	0	0	0	0	0	0	0	0	0	0	0	28	0	0	0	0	146	146	0	0	0	1	[]	0	1
15	123456983	131	5	4	4	0	0	0	0	0	0	0	0	0	0	0	0	0	29	0	0	0	0	146	146	0	0	0	1	[]	0	1
16	123456983	130	4	5	5	0	0	0	0	0	0	0	0	0	0	0	0	0	31	0	0	0	0	146	146	0	0	0	1	[]	0	1
17	123456983	129	3	6	5	0	0	0	0	0	0	0	0	0	0	1	0	0	31	1	0	0	1	146	146	0	0	0	1	[]	0	2
18	123456983	123	7	8	5	0	0	0	0	0	0	0	0	0	0	1	0	0	32	1	0	0	1	146	146	0	0	0	1	[]	0	3
19	123456983	118	10	9	6	0	0	0	0	0	0	0	0	0	0	1	0	0	33	1	0	0	1	146	146	0	0	0	1	[]	0	3
20	123456983	118	6	12	7	0	0	0	0	0	0	0	0	0	0	1	0	0	35	1	0	0	1	146	146	0	0	0	1	[]	0	3
21	123456983	118	4	13	8	0	0	0	0	0	0	0	0	0	0	0	1	0	36	1	0	0	1	146	146	0	0	0	1	[]	0	2
22	123456983	114	6	13	10	0	0	0	0	0	0	0	0	0	0	0	1	0	36	1	0	0	1	146	146	0	0	0	1	[]	0	3
23	123456983	110	9	11	12	0	0	0	0	0	0	0	0	0	0	1	1	0	40	2	0	0	2	146	146	0	0	0	1	[]	0	3
24	123456983	103	14	11	14	0	0	0	0	0	0	0	0	0	0	1	1	0	44	2	0	0	2	146	146	0	0	0	1	[]	0	3
25	123456983	88	23	14	17	0	0	0	0	0	0	0	0	0	0	1	1	0	47	2	0	0	2	146	146	0	0	0	1	[]	0	5
26	123456983	82	15	24	18	0	0	0	0	0	0	1	0	0	0	3	1	0	51	4	0	1	4	146	146	0	0	0	1	[]	0	5
27	123456983	82	10	23	23	0	0	0	0	0	0	2	0	0	0	3	1	0	52	5	0	2	5	146	146	0	0	0	1	[]	0	5
28	123456983	82	7	24	24	0	0	0	0	0	0	1	1	0	0	2	3	0	54	6	0	2	6	146	146	0	0	0	1	[]	0	6
29	123456983	70	17	23	25	0	0	0	0	0	0	1	1	0	0	4	3	0	55	8	0	2	8	146	146	0	0	0	1	[]	0	7
30	123456983	58	22	26	29	0	0	0	0	0	0	1	1	0	0	4	3	0	55	8	0	2	8	146	146	0	0	0	1	[]	0	7
31	123456983	56	17	25	35	0	0	0	0	0	0	1	2	0	0	4	4	0	59	9	0	3	9	146	146	0	0	0	1	[]	0	7
32	123456983	51	16	29	37	0	0	0	0	0	0	1	2	0	0	4	4	0	61	9	0	3	9	146	146	0	0	0	1	[]	0	8
33	123456983	38	23	29	44	0	0	0	0	0	0	1	2	0	0	3	4	0	61	9	0	3	9	146	146	0	0	0	1	[]	0	9
34	123456983	38	14	31	50	0	0	0	0	0	0	2	2	0	0	3	4	0	64	9	0	4	9	146	146	0	0	0	1	[]	0	9
35	123456983	38	14	24	55	0	0	0	0	0	0	3	2	0	0	4	4	0	67	10	0	5	10	146	146	0	0	0	1	[]	0	9
36	123456983	32	17	19	64	0	0	0	0	0	0	4	1	0	0	5	2	0	72	11	0	6	11	146	146	0	0	0	1	[]	0	9
37	123456983	29	18	16	69	0	0	0	0	0	0	5	0	0	0	6	1	0	75	12	0	7	12	146	146	0	0	0	1	[]	0	10
38	123456983	21	22	16	73	0	0	0	0	0	0	4	1	0	0	6	1	0	75	13	0	7	13	146	146	0	0	0	2	[]	0	10
39	123456983	12	27	18	77	0	0	0	0	0	0	3	2	0	0	5	0	0	76	13	0	7	13	146	146	0	0	0	2	[]	0	11
40	123456983	2	33	18	81	0	0	0	0	0	0	3	2	0	0	5	0	0	77	13	0	7	13	146	146	0	0	0	2	[]	0	10
41	123456983	2	25	25	84	0	0	0	0	0	0	2	2	0	0	3	1	0	77	13	0	7	13	146	146	0	0	0	2	[]	0	10
42	123456983	2	19	30	84	0	0	0	0	0	0	1	3	0	0	4	1	0	79	14	0	7	14	146	146	0	0	0	2	[]	0	10
43	123456983	0	18	27	87	0	0	0	0	0	0	0	4	0	0	6	2	0	80	17	0	7	17	146	146	0	0	0	2	[]	0	10
44	123456983	0	11	29	93	0	0	0	0	0	0	0	3	0	0	5	3	0	81	17	0	7	17	146	146	0	0	0	2	[]	0	10
45	123456983	0	7	26	97	0	0	0	0	0	0	2	2	0	0	8	2	0	84	20	0	9	20	146	146	0	0	0	2	[]	0	10
46	123456983	0	6	24	100	0	0	0	0	0	0	2	1	0	0	10	1	0	87	22	0	9	22	146	146	0	0	0	2	[]	0	10
47	123456983	0	5	22	105	0	0	0	0	0	0	2	0	0	0	7	3	0	87	22	0	9	22	146	146	0	0	0	2	[]	0	10
48	123456983	0	3	20	110	0	0	0	0	0	0	2	0	0	0	5	4	0	87	22	0	9	22	146	146	0	0	0	2	[]	0	8
49	123456983	0	1	17	113	0	0	0	0	0	0	2	0	0	0	5	6	0	90	24	0	9	24	146	146	0	0	0	2	[]	0	8
50	123456983	0	1	13	116	0	0	0	0	0	0	2	0	0	0	4	8	0	90	25	0	9	25	146	146	0	0	0	2	[]	0	8
51	123456983	0	0	13	117	0	0	0	0	0	0	2	0	0	0	4	8	0	92	25	0	9	25	146	146	0	0	0	2	[]	0	8
52	123456983	0	0	9	122	0	0	0	0	0	0	2	0	0	0	3	8	0	92	25	0	9	25	146	146	0	0	0	2	[]	0	7
53	123456983	0	0	9	125	0	0	0	0	0	0	2	0	0	0	2	6	0	94	25	0	9	25	146	146	0	0	0	2	[]	0	7
54	123456983	0	0	7	127	0	0	0	0	0	0	2	0	0	0	2	6	0	96	25	0	9	25	146	146	0	0	0	2	[]	0	6
55	123456983	0	0	5	134	0	0	0	0	0	0	0	0	0	0	0	5	0	98	25	0	9	25	146	146	0	0	0	2	[]	0	4
56	123456983	0	0	4	137	0	0	0	0	0	0	0	0	0	0	0	3	0	99	25	0	9	25	146	146	0	0	0	2	[]	0	3
57	123456983	0	0	2	139	0	0	0	0	0	0	0	0	0	0	0	3	0	103	25	0	9	25	146	146	0	0	0	2	[]	0	2
58	123456983	0	0	2	139	0	0	0	0	0	0	0	0	0	0	0	3	0	107	25	0	9	25	146	146	0	0	0	2	[]	0	2
59	123456983	0	0	2	141	0	0	0	0	0	0	0	0	0	0	0	1	0	109	25	0	9	25	146	146	0	0	0	2	[]	0	2
60	123456983	0	0	2	142	0	0	0	0	0	0	0	0	0	0	0	0	0	112	25	0	9	25	146	146	0	0	0	2	[]	0	2
