day	seedRun	susceptible	exposed	infected	removed	susceptible-in-quarantine	exposed-in-quarantine	infected-in-quarantine	removed-in-quarantine	susceptible-in-quarantine-external-1	exposed-in-quarantine-external-1	infected-in-quarantine-external-1	removed-in-quarantine-external-1	susceptible-in-quarantine-external-2	exposed-in-quarantine-external-2	infected-in-quarantine-external-2	removed-in-quarantine-external-2	num-of-screened-agents	num-of-screened-agents-external-1	num-of-screened-agents-external-2	num-of-positive-agents	num-of-positive-agents-external-1	num-of-positive-agents-external-2	num-vaccinated	num-immunized	num-immunized-in-quarantine	num-immunized-in-quarantine-external-1	num-immunized-in-quarantine-external-2	num-infected-outside	classroom-in-quarantine	num-of-classroom-in-quarantine	classroom-with-at-least-one-infected
0	123457027	144	0	0	0	0	0	0	0	0	0	0	0	0	0	0	0	0	0	0	0	0	0	146	146	0	0	0	0	[]	0	0
1	123457027	144	0	0	0	0	0	0	0	0	0	0	0	0	0	0	0	0	0	0	0	0	0	146	146	0	0	0	0	[]	0	0
2	123457027	144	0	0	0	0	0	0	0	0	0	0	0	0	0	0	0	0	2	0	0	0	0	146	146	0	0	0	0	[]	0	0
3	123457027	143	1	0	0	0	0	0	0	0	0	0	0	0	0	0	0	0	2	0	0	0	0	146	146	0	0	0	1	[]	0	0
4	123457027	143	1	0	0	0	0	0	0	0	0	0	0	0	0	0	0	0	5	0	0	0	0	146	146	0	0	0	1	[]	0	0
5	123457027	134	9	1	0	0	0	0	0	0	0	0	0	0	0	0	0	0	6	0	0	0	0	146	146	0	0	0	2	[]	0	1
6	123457027	134	7	3	0	0	0	0	0	0	0	0	0	0	0	0	0	0	8	0	0	0	0	146	146	0	0	0	2	[]	0	2
7	123457027	134	6	4	0	0	0	0	0	0	0	0	0	0	0	0	0	0	8	0	0	0	0	146	146	0	0	0	2	[]	0	2
8	123457027	131	8	4	1	0	0	0	0	0	0	0	0	0	0	0	0	0	11	0	0	0	0	146	146	0	0	0	2	[]	0	1
9	123457027	128	9	4	3	0	0	0	0	0	0	0	0	0	0	0	0	0	12	0	0	0	0	146	146	0	0	0	2	[]	0	1
10	123457027	122	13	5	4	0	0	0	0	0	0	0	0	0	0	0	0	0	13	0	0	0	0	146	146	0	0	0	2	[]	0	2
11	123457027	120	15	4	5	0	0	0	0	0	0	0	0	0	0	0	0	0	18	0	0	0	0	146	146	0	0	0	2	[]	0	2
12	123457027	119	14	4	6	0	0	0	0	0	0	0	0	0	0	1	0	0	21	1	0	0	1	146	146	0	0	0	2	[]	0	2
13	123457027	119	10	8	6	0	0	0	0	0	0	0	0	0	0	1	0	0	24	1	0	0	1	146	146	0	0	0	2	[]	0	2
14	123457027	119	8	8	8	0	0	0	0	0	0	0	0	0	0	1	0	0	26	1	0	0	1	146	146	0	0	0	2	[]	0	2
15	123457027	115	9	9	9	0	0	0	0	0	0	0	0	0	0	2	0	0	32	2	0	0	2	146	146	0	0	0	2	[]	0	3
16	123457027	110	13	10	9	0	0	0	0	0	0	0	0	0	0	2	0	0	34	2	0	0	2	146	146	0	0	0	2	[]	0	3
17	123457027	105	15	10	12	0	0	0	0	0	0	0	0	0	0	2	0	0	35	2	0	0	2	146	146	0	0	0	2	[]	0	3
18	123457027	102	14	12	13	0	0	0	0	0	0	0	0	0	0	3	0	0	37	3	0	0	3	146	146	0	0	0	2	[]	0	3
19	123457027	96	15	15	15	0	0	0	0	0	0	0	0	0	0	3	0	0	41	3	0	0	3	146	146	0	0	0	2	[]	0	4
20	123457027	96	9	18	18	0	0	0	0	0	0	0	0	0	0	2	1	0	41	3	0	0	3	146	146	0	0	0	2	[]	0	5
21	123457027	96	8	17	20	0	0	0	0	0	0	0	0	0	0	1	2	0	45	3	0	0	3	146	146	0	0	0	2	[]	0	5
22	123457027	87	15	16	24	0	0	0	0	0	0	0	0	0	0	0	2	0	48	3	0	0	3	146	146	0	0	0	2	[]	0	5
23	123457027	86	14	17	25	0	0	0	0	0	0	0	0	0	0	0	2	0	49	3	0	0	3	146	146	0	0	0	2	[]	0	5
24	123457027	79	17	15	29	0	0	0	0	0	0	0	0	0	0	2	2	0	50	5	0	0	5	146	146	0	0	0	2	[]	0	5
25	123457027	69	22	16	32	0	0	0	0	0	0	1	0	0	0	2	2	0	51	6	0	1	6	146	146	0	0	0	2	[]	0	7
26	123457027	57	26	21	35	0	0	0	0	0	0	1	0	0	0	2	2	0	52	6	0	1	6	146	146	0	0	0	2	[]	0	8
27	123457027	57	18	28	36	0	0	0	0	0	0	1	0	0	0	2	2	0	55	6	0	1	6	146	146	0	0	0	2	[]	0	8
28	123457027	57	16	27	40	0	0	0	0	0	0	0	1	0	0	1	2	0	59	6	0	1	6	146	146	0	0	0	2	[]	0	8
29	123457027	50	19	30	41	0	0	0	0	0	0	0	1	0	0	1	2	0	60	6	0	1	6	146	146	0	0	0	2	[]	0	8
30	123457027	38	23	32	46	0	0	0	0	0	0	1	1	0	0	1	2	0	64	6	0	2	6	146	146	0	0	0	2	[]	0	9
31	123457027	28	26	32	49	0	0	0	0	0	0	1	1	0	0	5	2	0	67	10	0	2	10	146	146	0	0	0	2	[]	0	9
32	123457027	25	17	37	53	0	0	0	0	0	0	1	1	0	0	7	3	0	67	13	0	2	13	146	146	0	0	0	2	[]	0	9
33	123457027	24	14	37	56	0	0	0	0	0	0	1	1	0	0	8	3	0	67	14	0	2	14	146	146	0	0	0	2	[]	0	9
34	123457027	24	8	40	61	0	0	0	0	0	0	0	2	0	0	5	4	0	67	14	0	2	14	146	146	0	0	0	2	[]	0	8
35	123457027	24	5	35	70	0	0	0	0	0	0	0	1	0	0	5	4	0	67	15	0	2	15	146	146	0	0	0	2	[]	0	8
36	123457027	22	6	33	72	0	0	0	0	0	0	0	1	0	0	4	6	0	68	16	0	2	16	146	146	0	0	0	2	[]	0	8
37	123457027	19	7	32	74	0	0	0	0	0	0	0	1	0	0	5	6	0	71	17	0	2	17	146	146	0	0	0	2	[]	0	9
38	123457027	10	13	32	77	0	0	0	0	0	0	0	1	0	0	5	6	0	72	17	0	2	17	146	146	0	0	0	2	[]	0	10
39	123457027	2	13	38	79	0	0	0	0	0	0	0	1	0	0	5	6	0	73	17	0	2	17	146	146	0	0	0	2	[]	0	10
40	123457027	0	11	33	87	0	0	0	0	0	0	0	0	0	0	7	6	0	74	19	0	2	19	146	146	0	0	0	2	[]	0	10
41	123457027	0	10	31	94	0	0	0	0	0	0	0	0	0	0	4	5	0	76	19	0	2	19	146	146	0	0	0	2	[]	0	10
42	123457027	0	8	27	100	0	0	0	0	0	0	0	0	0	0	7	2	0	79	22	0	2	22	146	146	0	0	0	2	[]	0	10
43	123457027	0	7	25	102	0	0	0	0	0	0	0	0	0	0	9	1	0	82	24	0	2	24	146	146	0	0	0	2	[]	0	10
44	123457027	0	4	23	105	0	0	0	0	0	0	0	0	0	0	10	2	0	84	26	0	2	26	146	146	0	0	0	2	[]	0	10
45	123457027	0	2	19	110	0	0	0	0	0	0	0	0	0	0	11	2	0	85	28	0	2	28	146	146	0	0	0	2	[]	0	9
46	123457027	0	0	19	113	0	0	0	0	0	0	0	0	0	0	10	2	0	86	28	0	2	28	146	146	0	0	0	2	[]	0	8
47	123457027	0	0	14	119	0	0	0	0	0	0	0	0	0	0	7	4	0	87	28	0	2	28	146	146	0	0	0	2	[]	0	8
48	123457027	0	0	12	120	0	0	0	0	0	0	0	0	0	0	6	6	0	88	29	0	2	29	146	146	0	0	0	2	[]	0	7
49	123457027	0	0	10	122	0	0	0	0	0	0	0	0	0	0	6	6	0	90	29	0	2	29	146	146	0	0	0	2	[]	0	6
50	123457027	0	0	9	125	0	0	0	0	0	0	0	0	0	0	4	6	0	91	29	0	2	29	146	146	0	0	0	2	[]	0	6
51	123457027	0	0	9	125	0	0	0	0	0	0	0	0	0	0	4	6	0	93	29	0	2	29	146	146	0	0	0	2	[]	0	6
52	123457027	0	0	5	129	0	0	0	0	0	0	0	0	0	0	7	3	0	96	32	0	2	32	146	146	0	0	0	2	[]	0	6
53	123457027	0	0	4	132	0	0	0	0	0	0	0	0	0	0	6	2	0	97	32	0	2	32	146	146	0	0	0	2	[]	0	6
54	123457027	0	0	4	134	0	0	0	0	0	0	0	0	0	0	3	3	0	97	32	0	2	32	146	146	0	0	0	2	[]	0	4
55	123457027	0	0	4	136	0	0	0	0	0	0	0	0	0	0	3	1	0	98	32	0	2	32	146	146	0	0	0	2	[]	0	4
56	123457027	0	0	3	137	0	0	0	0	0	0	0	0	0	0	3	1	0	100	32	0	2	32	146	146	0	0	0	2	[]	0	4
57	123457027	0	0	2	138	0	0	0	0	0	0	0	0	0	0	3	1	0	103	32	0	2	32	146	146	0	0	0	2	[]	0	4
58	123457027	0	0	1	140	0	0	0	0	0	0	0	0	0	0	2	1	0	104	32	0	2	32	146	146	0	0	0	2	[]	0	3
59	123457027	0	0	1	140	0	0	0	0	0	0	0	0	0	0	2	1	0	106	32	0	2	32	146	146	0	0	0	2	[]	0	3
60	123457027	0	0	1	140	0	0	0	0	0	0	0	0	0	0	2	1	0	108	32	0	2	32	146	146	0	0	0	2	[]	0	3
