day	seedRun	susceptible	exposed	infected	removed	susceptible-in-quarantine	exposed-in-quarantine	infected-in-quarantine	removed-in-quarantine	susceptible-in-quarantine-external-1	exposed-in-quarantine-external-1	infected-in-quarantine-external-1	removed-in-quarantine-external-1	susceptible-in-quarantine-external-2	exposed-in-quarantine-external-2	infected-in-quarantine-external-2	removed-in-quarantine-external-2	num-of-screened-agents	num-of-screened-agents-external-1	num-of-screened-agents-external-2	num-of-positive-agents	num-of-positive-agents-external-1	num-of-positive-agents-external-2	num-vaccinated	num-immunized	num-immunized-in-quarantine	num-immunized-in-quarantine-external-1	num-immunized-in-quarantine-external-2	num-infected-outside	classroom-in-quarantine	num-of-classroom-in-quarantine	classroom-with-at-least-one-infected
0	123457184	72	0	0	0	0	0	0	0	0	0	0	0	0	0	0	0	0	0	0	0	0	0	218	218	0	0	0	0	[]	0	0
1	123457184	70	2	0	0	0	0	0	0	0	0	0	0	0	0	0	0	60	1	0	0	0	0	218	218	0	0	0	2	[]	0	0
2	123457184	69	3	0	0	0	0	0	0	0	0	0	0	0	0	0	0	60	2	0	0	0	0	218	218	0	0	0	3	[]	0	0
3	123457184	69	2	1	0	0	0	0	0	0	0	0	0	0	0	0	0	60	2	0	0	0	0	218	218	0	0	0	3	[]	0	1
4	123457184	66	3	3	0	0	0	0	0	0	0	0	0	0	0	0	0	60	2	0	0	0	0	218	218	0	0	0	4	[]	0	3
5	123457184	65	4	3	0	0	0	0	0	0	0	0	0	0	0	0	0	60	3	0	0	0	0	218	218	0	0	0	4	[]	0	3
6	123457184	65	2	4	1	0	0	0	0	0	0	0	0	0	0	0	0	60	4	0	0	0	0	218	218	0	0	0	4	[]	0	3
7	123457184	65	1	5	1	0	0	0	0	0	0	0	0	0	0	0	0	60	4	0	0	0	0	218	218	0	0	0	4	[]	0	3
8	123457184	63	3	3	2	0	0	1	0	0	0	0	0	0	0	0	0	139	5	0	1	0	0	218	218	0	0	0	6	[]	0	3
9	123457184	61	4	4	2	0	0	0	1	0	0	0	0	0	0	0	0	139	5	0	1	0	0	218	218	0	0	0	7	[]	0	3
10	123457184	59	6	2	4	0	0	0	1	0	0	0	0	0	0	0	0	139	5	0	1	0	0	218	218	0	0	0	8	[]	0	1
11	123457184	56	9	1	5	0	0	0	1	0	0	0	0	0	0	0	0	139	6	0	1	0	0	218	218	0	0	0	11	[]	0	1
12	123457184	53	8	0	4	2	1	1	2	0	0	1	0	0	0	0	0	158	7	0	2	1	0	218	204	14	0	0	12	[2C]	1	1
13	123457184	52	8	1	4	2	0	2	2	0	0	0	1	0	0	0	0	177	8	0	2	1	0	218	204	14	0	0	13	[2C]	1	2
14	123457184	51	6	4	4	2	0	1	3	0	0	0	1	0	0	0	0	177	8	0	2	1	0	218	204	14	0	0	14	[2C]	1	4
15	123457184	44	7	2	5	5	0	5	3	0	0	0	1	0	0	0	0	269	10	0	6	1	0	218	190	28	0	0	16	[2C 1C]	2	5
16	123457184	43	7	3	5	5	0	4	4	0	0	0	1	0	0	0	0	269	11	0	6	1	0	218	190	28	0	0	17	[2C 1C]	2	5
17	123457184	36	9	4	4	5	0	1	7	0	0	0	1	2	0	2	1	269	11	1	6	1	1	218	176	28	0	14	19	[2C 1C 1A]	3	5
18	123457184	33	12	4	4	5	0	1	7	0	0	0	1	2	0	2	1	269	11	1	6	1	1	218	176	28	0	14	20	[2C 1C 1A]	3	5
19	123457184	30	12	7	4	5	0	1	7	0	0	0	1	2	0	2	1	269	12	1	6	1	1	218	176	28	0	14	21	[2C 1C 1A]	3	6
20	123457184	30	10	9	4	5	0	1	7	0	0	0	1	2	0	2	1	288	13	1	6	1	1	218	176	28	0	14	21	[2C 1C 1A]	3	8
21	123457184	27	6	9	5	8	1	2	7	0	0	0	1	2	0	3	1	307	13	2	7	1	2	218	162	42	0	14	21	[2C 1C 1A 1D]	4	8
22	123457184	23	4	2	6	9	5	6	10	0	0	0	1	2	0	2	2	365	13	2	11	1	2	218	134	70	0	14	24	[2C 1C 1A 1D 1B 2B]	6	6
23	123457184	22	5	2	6	9	2	8	11	0	0	0	1	2	0	2	2	365	13	2	11	1	2	218	134	70	0	14	25	[2C 1C 1A 1D 1B 2B]	6	6
24	123457184	20	3	6	6	9	1	5	15	0	0	0	1	2	0	2	2	365	13	2	11	1	2	218	134	70	0	14	26	[2C 1C 1A 1D 1B 2B]	6	7
25	123457184	17	6	5	7	9	1	5	15	0	0	0	1	2	0	2	2	365	13	2	11	1	2	218	134	70	0	14	27	[2C 1C 1A 1D 1B 2B]	6	6
26	123457184	17	7	6	11	7	1	5	12	0	0	0	0	2	0	2	2	365	13	2	11	1	2	218	148	56	0	14	28	[1C 1A 1D 1B 2B]	5	7
27	123457184	17	7	6	11	7	1	4	13	0	0	0	0	2	0	2	2	365	13	2	11	1	2	218	148	56	0	14	28	[1C 1A 1D 1B 2B]	5	7
28	123457184	17	6	6	12	7	1	3	14	0	0	0	0	2	0	2	2	365	13	2	11	1	2	218	148	56	0	14	28	[1C 1A 1D 1B 2B]	5	6
29	123457184	17	6	5	18	4	1	5	10	0	0	0	0	2	0	1	3	443	13	2	13	1	2	218	162	42	0	14	29	[1A 1D 1B 2B]	4	8
30	123457184	16	6	5	19	4	1	5	10	0	0	0	0	2	0	1	3	443	15	2	13	1	2	218	162	42	0	14	29	[1A 1D 1B 2B]	4	9
31	123457184	15	7	6	24	4	1	5	9	0	0	0	0	0	0	0	1	443	15	2	13	1	2	218	176	42	0	0	30	[1D 1B 2B]	3	7
32	123457184	15	5	8	24	4	1	5	9	0	0	0	0	0	0	0	1	443	15	2	13	1	2	218	176	42	0	0	30	[1D 1B 2B]	3	7
33	123457184	15	3	9	25	4	0	6	9	0	0	0	0	0	0	0	1	443	16	2	13	1	2	218	176	42	0	0	30	[1D 1B 2B]	3	8
34	123457184	13	1	5	23	6	1	8	14	0	0	0	0	0	0	0	1	481	16	2	16	1	2	218	148	70	0	0	30	[1D 1B 2B 3A 3C]	5	7
35	123457184	15	2	4	27	3	1	6	14	0	0	0	0	0	0	0	0	481	16	2	16	1	2	218	162	56	0	0	31	[1B 2B 3A 3C]	4	5
36	123457184	16	2	2	34	2	1	6	9	0	0	0	0	0	0	0	0	550	17	2	18	1	2	218	176	42	0	0	31	[3A 3C 3D]	3	4
37	123457184	16	1	3	34	2	0	7	9	0	0	0	0	0	0	0	0	550	17	2	18	1	2	218	176	42	0	0	31	[3A 3C 3D]	3	4
38	123457184	14	2	4	34	2	0	5	11	0	0	0	0	0	0	0	0	550	18	2	18	1	2	218	176	42	0	0	33	[3A 3C 3D]	3	5
39	123457184	13	3	4	34	2	0	5	11	0	0	0	0	0	0	0	0	550	20	2	18	1	2	218	176	42	0	0	34	[3A 3C 3D]	3	5
40	123457184	12	4	1	31	2	0	6	15	0	0	0	0	0	0	1	0	569	21	3	19	1	3	218	162	56	0	0	35	[3A 3C 3D 3B]	4	5
41	123457184	12	4	1	31	2	0	5	16	0	0	0	0	0	0	1	0	569	22	3	19	1	3	218	162	56	0	0	35	[3A 3C 3D 3B]	4	5
42	123457184	12	4	1	31	2	0	4	17	0	0	0	0	0	0	1	0	569	22	3	19	1	3	218	162	56	0	0	35	[3A 3C 3D 3B]	4	4
43	123457184	12	4	1	31	2	0	4	17	0	0	0	0	0	0	1	0	609	22	3	19	1	3	218	162	56	0	0	35	[3A 3C 3D 3B]	4	4
44	123457184	12	3	2	31	2	0	3	18	0	0	0	0	0	0	1	0	609	23	3	19	1	3	218	162	56	0	0	35	[3A 3C 3D 3B]	4	5
45	123457184	12	3	1	32	2	0	3	18	0	0	0	0	0	0	1	0	609	23	3	19	1	3	218	162	56	0	0	35	[3A 3C 3D 3B]	4	4
46	123457184	12	1	3	32	2	0	3	18	0	0	0	0	0	0	1	0	609	24	3	19	1	3	218	162	56	0	0	35	[3A 3C 3D 3B]	4	5
47	123457184	11	2	3	32	2	0	2	19	0	0	0	0	0	0	1	0	609	24	3	19	1	3	218	162	56	0	0	36	[3A 3C 3D 3B]	4	4
48	123457184	13	1	3	43	0	0	1	10	0	0	0	0	0	0	1	0	609	24	3	19	1	3	218	190	28	0	0	36	[3D 3B]	2	4
49	123457184	12	1	2	45	0	0	1	10	0	0	0	0	0	0	1	0	609	24	3	19	1	3	218	190	28	0	0	37	[3D 3B]	2	3
50	123457184	12	1	2	51	0	0	1	4	0	0	0	0	0	0	1	0	664	26	3	19	1	3	218	204	14	0	0	37	[3B]	1	3
51	123457184	12	0	3	51	0	0	1	4	0	0	0	0	0	0	1	0	664	26	3	19	1	3	218	204	14	0	0	37	[3B]	1	4
52	123457184	11	1	3	51	0	0	1	4	0	0	0	0	0	0	1	0	664	27	3	19	1	3	218	204	14	0	0	38	[3B]	1	4
53	123457184	9	3	3	51	0	0	1	4	0	0	0	0	0	0	1	0	664	28	3	19	1	3	218	204	14	0	0	39	[3B]	1	4
54	123457184	9	3	3	57	0	0	0	0	0	0	0	0	0	0	0	0	664	29	3	19	1	3	218	218	0	0	0	39	[]	0	3
55	123457184	9	2	3	58	0	0	0	0	0	0	0	0	0	0	0	0	664	29	3	19	1	3	218	218	0	0	0	39	[]	0	3
56	123457184	9	1	4	58	0	0	0	0	0	0	0	0	0	0	0	0	664	29	3	19	1	3	218	218	0	0	0	39	[]	0	4
57	123457184	9	1	3	59	0	0	0	0	0	0	0	0	0	0	0	0	724	29	3	19	1	3	218	218	0	0	0	39	[]	0	3
58	123457184	9	1	3	59	0	0	0	0	0	0	0	0	0	0	0	0	724	31	3	19	1	3	218	218	0	0	0	39	[]	0	3
59	123457184	9	1	3	59	0	0	0	0	0	0	0	0	0	0	0	0	724	31	3	19	1	3	218	218	0	0	0	39	[]	0	3
60	123457184	9	1	2	60	0	0	0	0	0	0	0	0	0	0	0	0	724	32	3	19	1	3	218	218	0	0	0	39	[]	0	2
