day	seedRun	susceptible	exposed	infected	removed	susceptible-in-quarantine	exposed-in-quarantine	infected-in-quarantine	removed-in-quarantine	susceptible-in-quarantine-external-1	exposed-in-quarantine-external-1	infected-in-quarantine-external-1	removed-in-quarantine-external-1	susceptible-in-quarantine-external-2	exposed-in-quarantine-external-2	infected-in-quarantine-external-2	removed-in-quarantine-external-2	num-of-screened-agents	num-of-screened-agents-external-1	num-of-screened-agents-external-2	num-of-positive-agents	num-of-positive-agents-external-1	num-of-positive-agents-external-2	num-vaccinated	num-immunized	num-immunized-in-quarantine	num-immunized-in-quarantine-external-1	num-immunized-in-quarantine-external-2	num-infected-outside	classroom-in-quarantine	num-of-classroom-in-quarantine	classroom-with-at-least-one-infected
0	123457152	272	0	0	0	0	0	0	0	0	0	0	0	0	0	0	0	0	0	0	0	0	0	50	18	0	0	0	0	[]	0	0
1	123457152	272	0	0	0	0	0	0	0	0	0	0	0	0	0	0	0	0	4	0	0	0	0	50	18	0	0	0	0	[]	0	0
2	123457152	271	1	0	0	0	0	0	0	0	0	0	0	0	0	0	0	0	5	0	0	0	0	50	18	0	0	0	1	[]	0	0
3	123457152	271	1	0	0	0	0	0	0	0	0	0	0	0	0	0	0	0	6	0	0	0	0	50	18	0	0	0	1	[]	0	0
4	123457152	271	1	0	0	0	0	0	0	0	0	0	0	0	0	0	0	0	8	0	0	0	0	50	18	0	0	0	1	[]	0	0
5	123457152	270	2	0	0	0	0	0	0	0	0	0	0	0	0	0	0	0	11	0	0	0	0	50	18	0	0	0	2	[]	0	0
6	123457152	270	1	1	0	0	0	0	0	0	0	0	0	0	0	0	0	0	14	0	0	0	0	50	18	0	0	0	2	[]	0	0
7	123457152	269	2	1	0	0	0	0	0	0	0	0	0	0	0	0	0	0	16	0	0	0	0	50	18	0	0	0	3	[]	0	0
8	123457152	267	4	1	0	0	0	0	0	0	0	0	0	0	0	0	0	0	17	0	0	0	0	50	18	0	0	0	3	[]	0	0
9	123457152	266	3	2	1	0	0	0	0	0	0	0	0	0	0	0	0	0	18	0	0	0	0	50	18	0	0	0	3	[]	0	2
10	123457152	255	13	3	1	0	0	0	0	0	0	0	0	0	0	0	0	0	19	0	0	0	0	50	18	0	0	0	3	[]	0	2
11	123457152	247	15	8	2	0	0	0	0	0	0	0	0	0	0	0	0	0	21	0	0	0	0	50	18	0	0	0	4	[]	0	3
12	123457152	246	13	3	4	0	0	4	0	0	0	0	0	0	0	2	0	38	24	2	4	0	2	50	18	0	0	0	4	[]	0	4
13	123457152	246	12	2	4	0	0	5	0	0	0	0	0	0	0	2	1	57	26	3	5	0	3	50	18	0	0	0	4	[]	0	4
14	123457152	246	7	7	4	0	0	4	1	0	0	0	0	0	0	2	1	57	29	3	5	0	3	50	18	0	0	0	4	[]	0	4
15	123457152	229	11	5	3	0	0	4	1	0	0	0	0	9	1	6	3	57	31	4	5	0	4	50	18	0	0	0	4	[2D]	1	5
16	123457152	221	17	7	3	0	0	3	2	0	0	0	0	9	1	5	4	57	35	4	5	0	4	50	18	0	0	0	4	[2D]	1	7
17	123457152	198	20	6	2	12	2	8	3	0	0	1	0	9	0	7	4	110	37	5	10	1	5	50	18	0	0	0	4	[2D 3D]	2	7
18	123457152	188	22	13	3	12	2	7	4	0	0	0	1	9	0	6	5	128	37	5	10	1	5	50	18	0	0	0	6	[2D 3D]	2	7
19	123457152	180	27	13	6	12	1	8	4	0	0	0	1	9	0	5	6	128	39	5	10	1	5	50	18	0	0	0	6	[2D 3D]	2	7
20	123457152	177	12	12	5	15	9	14	6	0	0	1	1	9	0	5	6	147	42	5	16	2	5	50	18	0	0	0	6	[2D 3D 3A]	3	8
21	123457152	177	8	13	8	15	7	13	9	0	0	1	1	9	0	5	6	147	42	5	16	2	5	50	18	0	0	0	6	[2D 3D 3A]	3	9
22	123457152	154	7	5	4	34	10	20	15	0	0	1	1	9	0	5	7	182	43	6	23	2	6	50	18	0	0	0	6	[2D 3D 3A 2B 2A]	5	8
23	123457152	146	10	7	9	34	8	21	15	0	0	1	1	9	0	5	6	182	44	6	23	2	6	50	18	0	0	0	7	[2D 3D 3A 2B 2A]	5	9
24	123457152	130	22	10	10	34	5	24	15	0	0	1	1	9	0	4	7	182	44	6	23	2	6	50	18	0	0	0	7	[2D 3D 3A 2B 2A]	5	10
25	123457152	123	29	17	23	34	3	22	16	0	0	1	1	0	0	2	1	182	44	6	23	2	6	50	18	0	0	0	7	[3D 3A 2B 2A]	4	9
26	123457152	102	29	17	24	43	7	23	21	0	0	1	1	0	0	3	1	201	44	7	27	2	7	50	18	0	0	0	8	[3D 3A 2B 2A 3B]	5	9
27	123457152	114	24	18	36	31	3	24	18	0	0	1	0	0	0	2	1	201	46	7	27	2	7	50	18	0	0	0	8	[3A 2B 2A 3B]	4	9
28	123457152	114	19	22	37	31	1	24	20	0	0	1	0	0	0	1	2	201	47	7	27	2	7	50	18	0	0	0	8	[3A 2B 2A 3B]	4	9
29	123457152	101	29	16	38	31	0	30	21	0	0	1	0	0	0	3	2	239	47	9	33	2	9	50	18	0	0	0	9	[3A 2B 2A 3B]	4	10
30	123457152	94	33	19	58	28	0	18	17	0	0	0	0	0	0	1	4	239	48	9	33	2	9	50	18	0	0	0	9	[2B 2A 3B]	3	9
31	123457152	92	16	31	61	28	0	19	19	0	0	0	0	0	0	2	4	258	50	10	36	2	10	50	18	0	0	0	10	[2B 2A 3B]	3	8
32	123457152	107	13	36	84	9	0	11	8	0	0	0	0	0	0	2	2	258	52	10	36	2	10	50	18	0	0	0	10	[3B]	1	7
33	123457152	104	13	22	81	9	0	21	17	0	0	0	0	0	0	3	2	277	52	11	47	2	11	50	18	0	0	0	10	[3B 1C]	2	7
34	123457152	92	4	17	75	21	6	21	31	0	0	0	0	0	0	3	2	309	54	11	52	2	11	50	18	0	0	0	10	[3B 1C 3C 1D]	4	7
35	123457152	92	3	5	68	21	5	27	45	0	0	0	0	0	0	4	2	328	55	12	58	2	12	50	18	0	0	0	10	[3B 1C 3C 1D 1B]	5	7
36	123457152	89	3	4	76	23	3	22	47	0	0	0	0	0	0	4	1	344	55	12	60	2	12	50	18	0	0	0	10	[1C 3C 1D 1B 1A]	5	6
37	123457152	85	4	7	76	23	1	22	49	0	0	0	0	0	0	4	1	344	57	12	60	2	12	50	18	0	0	0	10	[1C 3C 1D 1B 1A]	5	8
38	123457152	84	4	8	76	23	0	21	51	0	0	0	0	0	0	4	1	344	57	12	60	2	12	50	18	0	0	0	10	[1C 3C 1D 1B 1A]	5	8
39	123457152	83	4	4	77	23	0	20	54	0	0	1	0	0	0	4	2	382	58	13	62	3	13	50	18	0	0	0	10	[1C 3C 1D 1B 1A]	5	8
40	123457152	83	3	3	78	23	0	18	56	0	0	1	0	0	0	4	3	399	60	14	62	3	14	50	18	0	0	0	10	[1C 3C 1D 1B 1A]	5	8
41	123457152	83	2	2	80	23	0	15	59	0	0	1	0	0	0	4	3	399	61	14	62	3	14	50	18	0	0	0	10	[1C 3C 1D 1B 1A]	5	8
42	123457152	83	2	2	80	23	0	13	61	0	0	1	0	0	0	4	3	399	63	14	62	3	14	50	18	0	0	0	10	[1C 3C 1D 1B 1A]	5	8
43	123457152	81	4	2	100	23	0	8	47	0	0	1	0	0	0	4	2	399	63	14	62	3	14	50	18	0	0	0	10	[3C 1D 1B 1A]	4	7
44	123457152	91	5	2	128	11	0	4	25	0	0	1	0	0	0	4	1	435	63	15	62	3	15	50	18	0	0	0	10	[1B 1A]	2	5
45	123457152	86	8	3	149	11	0	2	8	0	0	1	0	0	0	3	1	435	64	15	62	3	15	50	18	0	0	0	10	[1A]	1	5
46	123457152	94	10	4	158	0	0	0	2	0	0	1	0	0	0	2	1	435	67	15	62	3	15	50	18	0	0	0	10	[]	0	4
47	123457152	89	13	6	158	0	0	0	2	0	0	1	0	0	0	2	1	435	69	15	62	3	15	50	18	0	0	0	10	[]	0	4
48	123457152	89	7	12	158	0	0	0	2	0	0	1	0	0	0	2	1	435	71	15	62	3	15	50	18	0	0	0	10	[]	0	4
49	123457152	89	4	11	163	0	0	2	1	0	0	0	0	0	0	2	0	454	72	15	65	3	15	50	18	0	0	0	10	[]	0	4
50	123457152	84	3	5	156	3	1	6	12	0	0	0	0	0	0	2	0	473	74	16	70	3	16	50	18	0	0	0	10	[2B]	1	4
51	123457152	83	4	3	158	3	1	6	12	0	0	0	0	0	0	2	0	473	75	16	70	3	16	50	18	0	0	0	10	[2B]	1	4
52	123457152	78	5	6	159	3	1	5	13	0	0	0	0	0	0	2	0	473	77	16	70	3	16	50	18	0	0	0	10	[2B]	1	5
53	123457152	74	9	5	160	3	1	4	14	0	0	0	0	0	0	2	0	473	79	16	70	3	16	50	18	0	0	0	10	[2B]	1	4
54	123457152	71	11	6	161	3	1	3	15	0	0	0	0	0	0	0	1	473	80	16	70	3	16	50	18	0	0	0	10	[2B]	1	3
55	123457152	71	10	7	161	3	1	3	15	0	0	0	0	0	0	0	1	473	81	16	70	3	16	50	18	0	0	0	10	[2B]	1	3
56	123457152	71	6	7	165	3	0	4	15	0	0	0	0	0	0	0	1	473	84	16	70	3	16	50	18	0	0	0	10	[2B]	1	3
57	123457152	64	10	10	165	3	0	2	17	0	0	0	0	0	0	0	1	473	85	16	70	3	16	50	18	0	0	0	10	[2B]	1	3
58	123457152	63	11	8	167	3	0	2	17	0	0	0	0	0	0	0	1	473	87	16	70	3	16	50	18	0	0	0	10	[2B]	1	3
59	123457152	60	1	4	167	6	6	9	17	0	0	0	0	0	0	1	1	492	87	17	77	3	17	50	18	0	0	0	10	[2B 2C]	2	3
60	123457152	62	2	4	184	3	3	10	3	0	0	0	0	0	0	0	1	492	90	17	77	3	17	50	18	0	0	0	10	[2C]	1	2
