day	seedRun	susceptible	exposed	infected	removed	susceptible-in-quarantine	exposed-in-quarantine	infected-in-quarantine	removed-in-quarantine	susceptible-in-quarantine-external-1	exposed-in-quarantine-external-1	infected-in-quarantine-external-1	removed-in-quarantine-external-1	susceptible-in-quarantine-external-2	exposed-in-quarantine-external-2	infected-in-quarantine-external-2	removed-in-quarantine-external-2	num-of-screened-agents	num-of-screened-agents-external-1	num-of-screened-agents-external-2	num-of-positive-agents	num-of-positive-agents-external-1	num-of-positive-agents-external-2	num-vaccinated-susceptible	num-vaccinated-exposed	num-vaccinated-infected	num-vaccinated-removed	num-vaccinated-susceptible-in-quarantine	num-vaccinated-exposed-in-quarantine	num-vaccinated-infected-in-quarantine	num-vaccinated-removed-in-quarantine	num-vaccinated-susceptible-in-quarantine-external-1	num-vaccinated-exposed-in-quarantine-external-1	num-vaccinated-infected-in-quarantine-external-1	num-vaccinated-removed-in-quarantine-external-1	num-vaccinated-susceptible-in-quarantine-external-2	num-vaccinated-exposed-in-quarantine-external-2	num-vaccinated-infected-in-quarantine-external-2	num-vaccinated-removed-in-quarantine-external-2	num-infected-outside	classroom-in-quarantine	num-of-classroom-in-quarantine	classroom-with-at-least-one-infected
0	123457285	240	0	0	0	0	0	0	0	0	0	0	0	0	0	0	0	0	0	0	0	0	0	50	0	0	0	0	0	0	0	0	0	0	0	0	0	0	0	0	[]	0	0
1	123457285	235	5	0	0	0	0	0	0	0	0	0	0	0	0	0	0	0	0	0	0	0	0	49	1	0	0	0	0	0	0	0	0	0	0	0	0	0	0	6	[]	0	0
2	123457285	233	6	1	0	0	0	0	0	0	0	0	0	0	0	0	0	0	1	0	0	0	0	49	0	1	0	0	0	0	0	0	0	0	0	0	0	0	0	8	[]	0	1
3	123457285	224	13	3	0	0	0	0	0	0	0	0	0	0	0	0	0	0	2	0	0	0	0	49	0	1	0	0	0	0	0	0	0	0	0	0	0	0	0	14	[]	0	3
4	123457285	215	22	3	0	0	0	0	0	0	0	0	0	0	0	0	0	0	3	0	0	0	0	49	0	1	0	0	0	0	0	0	0	0	0	0	0	0	0	19	[]	0	3
5	123457285	200	33	7	0	0	0	0	0	0	0	0	0	0	0	0	0	0	6	0	0	0	0	48	1	1	0	0	0	0	0	0	0	0	0	0	0	0	0	21	[]	0	6
6	123457285	197	27	12	4	0	0	0	0	0	0	0	0	0	0	0	0	0	6	0	0	0	0	48	1	1	0	0	0	0	0	0	0	0	0	0	0	0	0	24	[]	0	7
7	123457285	193	26	15	6	0	0	0	0	0	0	0	0	0	0	0	0	0	6	0	0	0	0	47	2	1	0	0	0	0	0	0	0	0	0	0	0	0	0	29	[]	0	7
8	123457285	172	44	15	9	0	0	0	0	0	0	0	0	0	0	0	0	0	7	0	0	0	0	46	1	3	0	0	0	0	0	0	0	0	0	0	0	0	0	31	[]	0	7
9	123457285	142	62	27	9	0	0	0	0	0	0	0	0	0	0	0	0	0	9	0	0	0	0	44	3	2	1	0	0	0	0	0	0	0	0	0	0	0	0	34	[]	0	10
10	123457285	116	71	41	12	0	0	0	0	0	0	0	0	0	0	0	0	0	10	0	0	0	0	41	5	3	1	0	0	0	0	0	0	0	0	0	0	0	0	37	[]	0	11
11	123457285	83	82	56	18	0	0	0	0	0	0	1	0	0	0	0	0	0	11	0	0	1	0	35	9	3	3	0	0	0	0	0	0	0	0	0	0	0	0	39	[]	0	11
12	123457285	57	84	75	22	0	0	0	0	0	0	2	0	0	0	0	0	0	13	0	0	2	0	30	13	2	5	0	0	0	0	0	0	0	0	0	0	0	0	41	[]	0	12
13	123457285	52	69	83	31	0	0	0	0	0	0	3	0	0	0	2	0	0	16	2	0	3	2	30	11	4	5	0	0	0	0	0	0	0	0	0	0	0	0	46	[]	0	11
14	123457285	50	56	87	41	0	0	0	0	0	0	4	0	0	0	1	1	0	17	2	0	4	2	30	7	8	5	0	0	0	0	0	0	0	0	0	0	0	0	48	[]	0	12
15	123457285	26	66	87	53	0	0	0	0	0	0	4	0	0	0	3	1	0	17	4	0	4	4	28	7	8	7	0	0	0	0	0	0	0	0	0	0	0	0	50	[]	0	12
16	123457285	11	64	88	67	0	0	0	0	0	0	4	0	0	0	5	1	0	18	6	0	4	6	24	9	7	10	0	0	0	0	0	0	0	0	0	0	0	0	51	[]	0	12
17	123457285	5	56	93	76	0	0	0	0	0	0	4	0	0	0	4	2	0	19	6	0	4	6	19	11	9	11	0	0	0	0	0	0	0	0	0	0	0	0	52	[]	0	12
18	123457285	3	41	97	86	0	0	0	0	0	0	4	1	0	0	5	3	0	20	8	0	5	8	15	14	10	11	0	0	0	0	0	0	0	0	0	0	0	0	52	[]	0	12
19	123457285	1	33	95	96	0	0	0	0	0	0	5	1	0	0	5	4	0	22	9	0	6	9	13	13	11	13	0	0	0	0	0	0	0	0	0	0	0	0	52	[]	0	12
20	123457285	1	24	93	106	0	0	0	0	0	0	5	1	0	0	5	5	0	24	10	0	6	10	13	10	13	14	0	0	0	0	0	0	0	0	0	0	0	0	52	[]	0	12
21	123457285	1	20	84	119	0	0	0	0	0	0	4	2	0	0	4	6	0	24	10	0	6	10	13	7	14	16	0	0	0	0	0	0	0	0	0	0	0	0	52	[]	0	12
22	123457285	0	15	83	126	0	0	0	0	0	0	4	2	0	0	4	6	0	25	10	0	6	10	12	7	14	17	0	0	0	0	0	0	0	0	0	0	0	0	52	[]	0	12
23	123457285	0	13	66	145	0	0	0	0	0	0	4	2	0	0	4	6	0	25	10	0	6	10	12	6	14	18	0	0	0	0	0	0	0	0	0	0	0	0	52	[]	0	12
24	123457285	0	11	60	153	0	0	0	0	0	0	3	3	0	0	4	6	0	27	10	0	6	10	11	5	14	20	0	0	0	0	0	0	0	0	0	0	0	0	52	[]	0	12
25	123457285	0	8	51	164	0	0	0	0	0	0	2	4	0	0	4	7	0	28	11	0	7	11	11	2	13	24	0	0	0	0	0	0	0	0	0	0	0	0	52	[]	0	12
26	123457285	0	4	45	174	0	0	0	0	0	0	3	3	0	0	4	7	0	29	11	0	8	11	10	2	13	25	0	0	0	0	0	0	0	0	0	0	0	0	52	[]	0	12
27	123457285	0	3	43	180	0	0	0	0	0	0	3	2	0	0	3	6	0	29	11	0	8	11	10	2	8	30	0	0	0	0	0	0	0	0	0	0	0	0	52	[]	0	12
28	123457285	0	1	37	189	0	0	0	0	0	0	3	1	0	0	3	6	0	30	11	0	8	11	10	0	9	31	0	0	0	0	0	0	0	0	0	0	0	0	52	[]	0	12
29	123457285	0	0	34	195	0	0	0	0	0	0	2	2	0	0	3	4	0	31	11	0	8	11	10	0	5	35	0	0	0	0	0	0	0	0	0	0	0	0	52	[]	0	12
30	123457285	0	0	23	208	0	0	0	0	0	0	2	2	0	0	2	3	0	31	11	0	8	11	9	1	4	36	0	0	0	0	0	0	0	0	0	0	0	0	52	[]	0	9
31	123457285	0	0	20	211	0	0	0	0	0	0	2	2	0	0	2	3	0	32	11	0	8	11	9	1	4	36	0	0	0	0	0	0	0	0	0	0	0	0	52	[]	0	9
32	123457285	0	0	19	215	0	0	0	0	0	0	1	2	0	0	1	2	0	33	11	0	8	11	9	1	2	38	0	0	0	0	0	0	0	0	0	0	0	0	52	[]	0	9
33	123457285	0	0	16	219	0	0	0	0	0	0	2	1	0	0	0	2	0	35	11	0	9	11	9	1	2	38	0	0	0	0	0	0	0	0	0	0	0	0	52	[]	0	9
34	123457285	0	0	13	222	0	0	0	0	0	0	1	2	0	0	1	1	0	35	12	0	9	12	9	0	3	38	0	0	0	0	0	0	0	0	0	0	0	0	52	[]	0	8
35	123457285	0	0	12	223	0	0	0	0	0	0	1	2	0	0	1	1	0	36	12	0	9	12	9	0	2	39	0	0	0	0	0	0	0	0	0	0	0	0	52	[]	0	7
36	123457285	0	0	11	224	0	0	0	0	0	0	1	2	0	0	0	2	0	36	12	0	9	12	9	0	2	39	0	0	0	0	0	0	0	0	0	0	0	0	52	[]	0	7
37	123457285	0	0	10	225	0	0	0	0	0	0	1	2	0	0	0	2	0	39	12	0	9	12	9	0	2	39	0	0	0	0	0	0	0	0	0	0	0	0	52	[]	0	7
38	123457285	0	0	7	228	0	0	0	0	0	0	1	2	0	0	0	2	0	41	12	0	9	12	9	0	2	39	0	0	0	0	0	0	0	0	0	0	0	0	52	[]	0	6
39	123457285	0	0	6	231	0	0	0	0	0	0	1	1	0	0	0	1	0	41	12	0	9	12	9	0	2	39	0	0	0	0	0	0	0	0	0	0	0	0	52	[]	0	5
40	123457285	0	0	5	233	0	0	0	0	0	0	1	0	0	0	0	1	0	42	12	0	9	12	9	0	2	39	0	0	0	0	0	0	0	0	0	0	0	0	52	[]	0	5
41	123457285	0	0	4	234	0	0	0	0	0	0	1	0	0	0	0	1	0	42	12	0	9	12	9	0	2	39	0	0	0	0	0	0	0	0	0	0	0	0	52	[]	0	5
42	123457285	0	0	4	234	0	0	0	0	0	0	1	0	0	0	0	1	0	43	12	0	9	12	9	0	2	39	0	0	0	0	0	0	0	0	0	0	0	0	52	[]	0	5
43	123457285	0	0	4	234	0	0	0	0	0	0	1	0	0	0	0	1	0	44	12	0	9	12	9	0	1	40	0	0	0	0	0	0	0	0	0	0	0	0	52	[]	0	5
44	123457285	0	0	3	235	0	0	0	0	0	0	1	0	0	0	0	1	0	44	12	0	9	12	9	0	1	40	0	0	0	0	0	0	0	0	0	0	0	0	52	[]	0	4
45	123457285	0	0	3	235	0	0	0	0	0	0	1	0	0	0	0	1	0	45	12	0	9	12	9	0	1	40	0	0	0	0	0	0	0	0	0	0	0	0	52	[]	0	4
46	123457285	0	0	3	235	0	0	0	0	0	0	1	0	0	0	0	1	0	46	12	0	9	12	9	0	1	40	0	0	0	0	0	0	0	0	0	0	0	0	52	[]	0	4
47	123457285	0	0	2	237	0	0	0	0	0	0	0	0	0	0	0	1	0	46	12	0	9	12	9	0	1	40	0	0	0	0	0	0	0	0	0	0	0	0	52	[]	0	2
48	123457285	0	0	2	238	0	0	0	0	0	0	0	0	0	0	0	0	0	47	12	0	9	12	9	0	1	40	0	0	0	0	0	0	0	0	0	0	0	0	52	[]	0	2
49	123457285	0	0	2	238	0	0	0	0	0	0	0	0	0	0	0	0	0	47	12	0	9	12	9	0	1	40	0	0	0	0	0	0	0	0	0	0	0	0	52	[]	0	2
50	123457285	0	0	2	238	0	0	0	0	0	0	0	0	0	0	0	0	0	49	12	0	9	12	9	0	1	40	0	0	0	0	0	0	0	0	0	0	0	0	52	[]	0	2
51	123457285	0	0	1	239	0	0	0	0	0	0	0	0	0	0	0	0	0	51	12	0	9	12	9	0	1	40	0	0	0	0	0	0	0	0	0	0	0	0	52	[]	0	1
52	123457285	0	0	0	240	0	0	0	0	0	0	0	0	0	0	0	0	0	51	12	0	9	12	9	0	1	40	0	0	0	0	0	0	0	0	0	0	0	0	52	[]	0	0
53	123457285	0	0	0	240	0	0	0	0	0	0	0	0	0	0	0	0	0	52	12	0	9	12	9	0	1	40	0	0	0	0	0	0	0	0	0	0	0	0	52	[]	0	0
54	123457285	0	0	0	240	0	0	0	0	0	0	0	0	0	0	0	0	0	52	12	0	9	12	9	0	1	40	0	0	0	0	0	0	0	0	0	0	0	0	52	[]	0	0
55	123457285	0	0	0	240	0	0	0	0	0	0	0	0	0	0	0	0	0	52	12	0	9	12	9	0	1	40	0	0	0	0	0	0	0	0	0	0	0	0	52	[]	0	0
56	123457285	0	0	0	240	0	0	0	0	0	0	0	0	0	0	0	0	0	52	12	0	9	12	9	0	1	40	0	0	0	0	0	0	0	0	0	0	0	0	52	[]	0	0
57	123457285	0	0	0	240	0	0	0	0	0	0	0	0	0	0	0	0	0	53	12	0	9	12	9	0	1	40	0	0	0	0	0	0	0	0	0	0	0	0	52	[]	0	0
58	123457285	0	0	0	240	0	0	0	0	0	0	0	0	0	0	0	0	0	56	12	0	9	12	9	0	1	40	0	0	0	0	0	0	0	0	0	0	0	0	52	[]	0	0
59	123457285	0	0	0	240	0	0	0	0	0	0	0	0	0	0	0	0	0	57	12	0	9	12	9	0	1	40	0	0	0	0	0	0	0	0	0	0	0	0	52	[]	0	0
60	123457285	0	0	0	240	0	0	0	0	0	0	0	0	0	0	0	0	0	58	12	0	9	12	9	0	1	40	0	0	0	0	0	0	0	0	0	0	0	0	52	[]	0	0
