day	seedRun	susceptible	exposed	infected	removed	susceptible-in-quarantine	exposed-in-quarantine	infected-in-quarantine	removed-in-quarantine	susceptible-in-quarantine-external-1	exposed-in-quarantine-external-1	infected-in-quarantine-external-1	removed-in-quarantine-external-1	susceptible-in-quarantine-external-2	exposed-in-quarantine-external-2	infected-in-quarantine-external-2	removed-in-quarantine-external-2	num-of-screened-agents	num-of-screened-agents-external-1	num-of-screened-agents-external-2	num-of-positive-agents	num-of-positive-agents-external-1	num-of-positive-agents-external-2	num-vaccinated-susceptible	num-vaccinated-exposed	num-vaccinated-infected	num-vaccinated-removed	num-vaccinated-susceptible-in-quarantine	num-vaccinated-exposed-in-quarantine	num-vaccinated-infected-in-quarantine	num-vaccinated-removed-in-quarantine	num-vaccinated-susceptible-in-quarantine-external-1	num-vaccinated-exposed-in-quarantine-external-1	num-vaccinated-infected-in-quarantine-external-1	num-vaccinated-removed-in-quarantine-external-1	num-vaccinated-susceptible-in-quarantine-external-2	num-vaccinated-exposed-in-quarantine-external-2	num-vaccinated-infected-in-quarantine-external-2	num-vaccinated-removed-in-quarantine-external-2	num-infected-outside	classroom-in-quarantine	num-of-classroom-in-quarantine	classroom-with-at-least-one-infected
0	123456805	216	0	0	0	0	0	0	0	0	0	0	0	0	0	0	0	0	0	0	0	0	0	74	0	0	0	0	0	0	0	0	0	0	0	0	0	0	0	0	[]	0	0
1	123456805	216	0	0	0	0	0	0	0	0	0	0	0	0	0	0	0	0	1	0	0	0	0	74	0	0	0	0	0	0	0	0	0	0	0	0	0	0	0	0	[]	0	0
2	123456805	216	0	0	0	0	0	0	0	0	0	0	0	0	0	0	0	0	1	0	0	0	0	73	1	0	0	0	0	0	0	0	0	0	0	0	0	0	0	1	[]	0	0
3	123456805	215	1	0	0	0	0	0	0	0	0	0	0	0	0	0	0	0	1	0	0	0	0	73	1	0	0	0	0	0	0	0	0	0	0	0	0	0	0	2	[]	0	0
4	123456805	213	2	1	0	0	0	0	0	0	0	0	0	0	0	0	0	0	1	0	0	0	0	73	1	0	0	0	0	0	0	0	0	0	0	0	0	0	0	2	[]	0	1
5	123456805	207	7	2	0	0	0	0	0	0	0	0	0	0	0	0	0	0	2	0	0	0	0	73	0	1	0	0	0	0	0	0	0	0	0	0	0	0	0	2	[]	0	1
6	123456805	207	3	6	0	0	0	0	0	0	0	0	0	0	0	0	0	0	3	0	0	0	0	73	0	1	0	0	0	0	0	0	0	0	0	0	0	0	0	2	[]	0	2
7	123456805	205	3	8	0	0	0	0	0	0	0	0	0	0	0	0	0	0	3	0	0	0	0	73	0	1	0	0	0	0	0	0	0	0	0	0	0	0	0	4	[]	0	2
8	123456805	198	10	6	2	0	0	0	0	0	0	0	0	0	0	0	0	0	3	0	0	0	0	73	0	1	0	0	0	0	0	0	0	0	0	0	0	0	0	4	[]	0	2
9	123456805	191	5	2	0	5	4	5	3	0	0	0	0	0	0	1	0	19	5	1	5	0	1	71	0	1	0	2	0	0	0	0	0	0	0	0	0	0	0	4	[1B]	1	3
10	123456805	182	13	3	0	5	3	6	3	0	0	0	0	0	0	0	1	19	6	1	5	0	1	71	0	1	0	2	0	0	0	0	0	0	0	0	0	0	0	4	[1B]	1	4
11	123456805	175	17	6	0	5	1	8	3	0	0	0	0	0	0	0	1	19	7	1	5	0	1	71	0	0	1	2	0	0	0	0	0	0	0	0	0	0	0	5	[1B]	1	4
12	123456805	163	24	9	2	5	1	7	4	0	0	0	0	0	0	0	1	19	9	1	5	0	1	69	2	0	1	2	0	0	0	0	0	0	0	0	0	0	0	6	[1B]	1	5
13	123456805	162	18	14	4	5	1	7	4	0	0	0	0	0	0	0	1	19	9	1	5	0	1	69	1	1	1	2	0	0	0	0	0	0	0	0	0	0	0	7	[1B]	1	6
14	123456805	161	17	14	6	5	0	8	4	0	0	0	0	0	0	0	1	19	11	1	5	0	1	69	1	1	1	2	0	0	0	0	0	0	0	0	0	0	0	8	[1B]	1	6
15	123456805	143	21	9	7	13	4	10	7	0	0	1	0	0	0	0	1	38	13	1	9	1	1	68	1	0	1	3	0	1	0	0	0	0	0	0	0	0	0	8	[1B 1C]	2	6
16	123456805	132	24	16	8	13	3	9	9	0	0	1	0	0	0	0	1	38	14	1	9	1	1	68	0	1	1	3	0	1	0	0	0	0	0	0	0	0	0	8	[1B 1C]	2	7
17	123456805	119	33	18	10	13	2	7	12	0	0	1	0	0	0	0	1	38	15	1	9	1	1	68	0	1	1	3	0	1	0	0	0	0	0	0	0	0	0	9	[1B 1C]	2	8
18	123456805	108	37	23	12	13	2	5	14	0	0	1	0	0	0	0	1	38	17	1	9	1	1	68	0	0	2	3	0	1	0	0	0	0	0	0	0	0	0	9	[1B 1C]	2	8
19	123456805	96	43	25	16	13	2	5	14	0	0	1	0	0	0	0	1	38	17	1	9	1	1	68	0	0	2	3	0	1	0	0	0	0	0	0	0	0	0	10	[1B 1C]	2	8
20	123456805	96	34	33	17	13	1	6	14	0	0	0	1	0	0	0	1	38	18	1	9	1	1	68	0	0	2	3	0	1	0	0	0	0	0	0	0	0	0	10	[1B 1C]	2	11
21	123456805	82	21	40	19	27	2	7	15	0	0	0	1	0	0	1	1	57	18	2	11	1	2	66	0	0	2	5	0	1	0	0	0	0	0	0	0	0	0	10	[1B 1C 1D]	3	11
22	123456805	70	23	30	21	27	4	17	20	0	0	0	1	0	0	2	1	76	18	3	21	1	3	61	3	0	2	7	0	0	1	0	0	0	0	0	0	0	0	10	[1B 1C 1D 3B]	4	11
23	123456805	66	27	28	41	22	2	12	15	0	0	0	1	0	0	1	1	76	18	3	21	1	3	62	3	1	2	5	0	0	1	0	0	0	0	0	0	0	0	10	[1C 1D 3B]	3	9
24	123456805	58	30	29	45	22	1	10	18	0	0	0	1	0	0	1	1	76	18	3	21	1	3	62	3	1	2	5	0	0	1	0	0	0	0	0	0	0	0	10	[1C 1D 3B]	3	8
25	123456805	51	29	31	51	22	1	8	20	0	0	0	1	0	0	1	1	76	18	3	21	1	3	61	4	0	3	5	0	0	1	0	0	0	0	0	0	0	0	11	[1C 1D 3B]	3	8
26	123456805	40	31	36	55	22	0	8	21	0	0	0	1	0	0	1	1	76	18	3	21	1	3	58	6	1	3	5	0	0	1	0	0	0	0	0	0	0	0	11	[1C 1D 3B]	3	10
27	123456805	40	24	39	59	22	0	8	21	0	0	0	1	0	0	1	1	76	18	3	21	1	3	58	5	2	3	5	0	0	1	0	0	0	0	0	0	0	0	11	[1C 1D 3B]	3	10
28	123456805	39	15	45	63	22	0	8	21	0	0	0	1	0	0	0	2	76	18	3	21	1	3	58	1	6	3	5	0	0	1	0	0	0	0	0	0	0	0	12	[1C 1D 3B]	3	10
29	123456805	36	16	36	74	15	2	15	19	0	0	1	0	0	0	0	2	95	20	3	32	2	3	56	1	6	5	6	0	0	0	0	0	0	0	0	0	0	0	12	[1D 3B 3D]	3	10
30	123456805	23	14	20	69	23	5	23	34	0	0	2	0	0	0	1	2	133	21	4	41	3	4	51	2	4	7	10	0	0	0	0	0	0	0	0	0	0	0	12	[1D 3B 3D 3A 2C]	5	11
31	123456805	18	13	24	71	23	1	23	38	0	0	2	0	0	0	1	2	133	21	4	41	3	4	50	1	4	9	10	0	0	0	0	0	0	0	0	0	0	0	12	[1D 3B 3D 3A 2C]	5	11
32	123456805	14	11	30	71	23	0	19	43	0	0	2	0	0	0	0	3	133	21	4	41	3	4	50	1	4	9	10	0	0	0	0	0	0	0	0	0	0	0	12	[1D 3B 3D 3A 2C]	5	11
33	123456805	9	11	20	68	23	2	26	51	0	0	2	0	0	0	1	3	152	21	5	50	3	5	47	2	2	11	12	0	0	0	0	0	0	0	0	0	0	0	12	[1D 3B 3D 3A 2C 2A]	6	11
34	123456805	9	8	18	73	23	2	24	53	0	0	2	0	0	0	1	3	152	22	5	50	3	5	47	1	3	11	12	0	0	0	0	0	0	0	0	0	0	0	12	[1D 3B 3D 3A 2C 2A]	6	11
35	123456805	23	8	15	80	9	2	22	52	0	0	2	0	0	0	1	2	152	22	5	50	3	5	49	1	3	11	10	0	0	0	0	0	0	0	0	0	0	0	12	[3B 3D 3A 2C 2A]	5	10
36	123456805	23	7	15	99	9	2	18	39	0	0	1	1	0	0	0	2	152	22	5	50	3	5	50	2	3	11	8	0	0	0	0	0	0	0	0	0	0	0	12	[3D 3A 2C 2A]	4	9
37	123456805	23	5	17	99	9	1	15	43	0	0	1	1	0	0	0	2	152	22	5	50	3	5	50	2	3	11	8	0	0	0	0	0	0	0	0	0	0	0	12	[3D 3A 2C 2A]	4	9
38	123456805	23	3	17	101	9	1	14	44	0	0	1	1	0	0	0	2	152	22	5	50	3	5	46	5	4	11	8	0	0	0	0	0	0	0	0	0	0	0	12	[3D 3A 2C 2A]	4	9
39	123456805	22	4	15	103	9	1	13	45	0	0	1	1	0	0	0	2	152	23	5	50	3	5	46	3	5	12	8	0	0	0	0	0	0	0	0	0	0	0	12	[3D 3A 2C 2A]	4	9
40	123456805	21	2	6	97	9	2	22	52	0	0	1	1	0	0	1	2	171	23	6	61	3	6	45	2	4	13	9	0	1	0	0	0	0	0	0	0	0	0	12	[3D 3A 2C 2A 2B]	5	10
41	123456805	21	2	5	98	9	2	17	57	0	0	1	1	0	0	1	2	171	23	6	61	3	6	45	2	3	14	9	0	1	0	0	0	0	0	0	0	0	0	12	[3D 3A 2C 2A 2B]	5	9
42	123456805	21	0	7	98	9	2	14	60	0	0	1	1	0	0	1	2	171	23	6	61	3	6	45	1	4	14	9	0	1	0	0	0	0	0	0	0	0	0	12	[3D 3A 2C 2A 2B]	5	11
43	123456805	20	2	7	115	8	2	10	48	0	0	1	0	0	0	1	2	171	23	6	61	3	6	47	1	3	15	7	0	1	0	0	0	0	0	0	0	0	0	12	[3A 2C 2A 2B]	4	10
44	123456805	25	5	6	144	0	2	9	23	0	0	0	0	0	0	1	1	171	23	6	61	3	6	50	1	4	15	3	0	1	0	0	0	0	0	0	0	0	0	12	[2A 2B]	2	8
45	123456805	21	6	8	145	0	1	10	23	0	0	0	0	0	0	1	1	171	23	6	61	3	6	50	0	5	15	3	0	1	0	0	0	0	0	0	0	0	0	12	[2A 2B]	2	8
46	123456805	16	5	7	134	3	1	9	38	0	0	0	0	0	0	2	1	190	25	7	62	3	7	48	1	5	14	4	0	1	1	0	0	0	0	0	0	0	0	13	[2A 2B 1C]	3	8
47	123456805	13	7	6	154	3	1	4	26	0	0	0	0	0	0	2	0	190	25	7	62	3	7	50	1	5	14	2	0	1	1	0	0	0	0	0	0	0	0	13	[2B 1C]	2	6
48	123456805	13	6	6	155	3	0	3	28	0	0	0	0	0	0	2	0	190	26	7	62	3	7	50	1	4	15	2	0	1	1	0	0	0	0	0	0	0	0	13	[2B 1C]	2	5
49	123456805	13	3	8	156	3	0	3	28	0	0	0	0	0	0	2	0	190	27	7	62	3	7	50	0	4	16	2	0	1	1	0	0	0	0	0	0	0	0	13	[2B 1C]	2	5
50	123456805	12	4	5	159	3	0	3	28	0	0	0	0	0	0	2	0	190	28	7	62	3	7	50	0	4	16	2	0	1	1	0	0	0	0	0	0	0	0	13	[2B 1C]	2	4
51	123456805	10	0	0	152	5	4	5	37	0	0	0	0	0	0	2	1	209	30	8	66	3	8	48	0	4	16	4	0	1	1	0	0	0	0	0	0	0	0	13	[2B 1C 1D]	3	3
52	123456805	10	0	0	152	5	3	5	38	0	0	0	0	0	0	1	2	209	31	8	66	3	8	48	0	2	18	4	0	1	1	0	0	0	0	0	0	0	0	13	[2B 1C 1D]	3	2
53	123456805	10	0	0	152	5	3	4	39	0	0	0	0	0	0	1	2	209	32	8	66	3	8	48	0	2	18	4	0	1	1	0	0	0	0	0	0	0	0	13	[2B 1C 1D]	3	2
54	123456805	10	0	0	170	5	0	5	24	0	0	0	0	0	0	0	2	209	32	8	66	3	8	49	0	2	19	3	0	0	1	0	0	0	0	0	0	0	0	13	[1C 1D]	2	1
55	123456805	10	0	0	170	5	0	5	24	0	0	0	0	0	0	0	2	209	32	8	66	3	8	49	0	2	19	3	0	0	1	0	0	0	0	0	0	0	0	13	[1C 1D]	2	1
56	123456805	10	0	0	170	5	0	5	24	0	0	0	0	0	0	0	2	209	34	8	66	3	8	49	0	2	19	3	0	0	1	0	0	0	0	0	0	0	0	13	[1C 1D]	2	1
57	123456805	10	0	0	170	5	0	4	25	0	0	0	0	0	0	0	2	209	37	8	66	3	8	49	0	1	20	3	0	0	1	0	0	0	0	0	0	0	0	13	[1C 1D]	2	1
58	123456805	10	0	0	170	5	0	3	26	0	0	0	0	0	0	0	2	209	39	8	66	3	8	49	0	1	20	3	0	0	1	0	0	0	0	0	0	0	0	13	[1C 1D]	2	1
59	123456805	10	0	0	170	5	0	3	26	0	0	0	0	0	0	0	2	209	40	8	66	3	8	49	0	1	20	3	0	0	1	0	0	0	0	0	0	0	0	13	[1C 1D]	2	1
60	123456805	13	0	0	185	2	0	3	12	0	0	0	0	0	0	0	1	209	41	8	66	3	8	50	0	1	21	2	0	0	0	0	0	0	0	0	0	0	0	13	[1D]	1	1
