day	seedRun	susceptible	exposed	infected	removed	susceptible-in-quarantine	exposed-in-quarantine	infected-in-quarantine	removed-in-quarantine	susceptible-in-quarantine-external-1	exposed-in-quarantine-external-1	infected-in-quarantine-external-1	removed-in-quarantine-external-1	susceptible-in-quarantine-external-2	exposed-in-quarantine-external-2	infected-in-quarantine-external-2	removed-in-quarantine-external-2	num-of-screened-agents	num-of-screened-agents-external-1	num-of-screened-agents-external-2	num-of-positive-agents	num-of-positive-agents-external-1	num-of-positive-agents-external-2	num-vaccinated	num-immunized	num-immunized-in-quarantine	num-immunized-in-quarantine-external-1	num-immunized-in-quarantine-external-2	num-infected-outside	classroom-in-quarantine	num-of-classroom-in-quarantine	classroom-with-at-least-one-infected
0	123457008	188	0	0	0	0	0	0	0	0	0	0	0	0	0	0	0	0	0	0	0	0	0	218	102	0	0	0	0	[]	0	0
1	123457008	188	0	0	0	0	0	0	0	0	0	0	0	0	0	0	0	0	1	0	0	0	0	218	102	0	0	0	0	[]	0	0
2	123457008	188	0	0	0	0	0	0	0	0	0	0	0	0	0	0	0	0	2	0	0	0	0	218	102	0	0	0	0	[]	0	0
3	123457008	188	0	0	0	0	0	0	0	0	0	0	0	0	0	0	0	0	5	0	0	0	0	218	102	0	0	0	0	[]	0	0
4	123457008	188	0	0	0	0	0	0	0	0	0	0	0	0	0	0	0	0	8	0	0	0	0	218	102	0	0	0	0	[]	0	0
5	123457008	188	0	0	0	0	0	0	0	0	0	0	0	0	0	0	0	0	10	0	0	0	0	218	102	0	0	0	0	[]	0	0
6	123457008	188	0	0	0	0	0	0	0	0	0	0	0	0	0	0	0	0	11	0	0	0	0	218	102	0	0	0	0	[]	0	0
7	123457008	188	0	0	0	0	0	0	0	0	0	0	0	0	0	0	0	0	14	0	0	0	0	218	102	0	0	0	0	[]	0	0
8	123457008	188	0	0	0	0	0	0	0	0	0	0	0	0	0	0	0	0	14	0	0	0	0	218	102	0	0	0	0	[]	0	0
9	123457008	188	0	0	0	0	0	0	0	0	0	0	0	0	0	0	0	0	17	0	0	0	0	218	102	0	0	0	0	[]	0	0
10	123457008	188	0	0	0	0	0	0	0	0	0	0	0	0	0	0	0	0	18	0	0	0	0	218	102	0	0	0	0	[]	0	0
11	123457008	188	0	0	0	0	0	0	0	0	0	0	0	0	0	0	0	0	19	0	0	0	0	218	102	0	0	0	0	[]	0	0
12	123457008	188	0	0	0	0	0	0	0	0	0	0	0	0	0	0	0	0	21	0	0	0	0	218	102	0	0	0	0	[]	0	0
13	123457008	188	0	0	0	0	0	0	0	0	0	0	0	0	0	0	0	0	22	0	0	0	0	218	102	0	0	0	0	[]	0	0
14	123457008	187	1	0	0	0	0	0	0	0	0	0	0	0	0	0	0	0	24	0	0	0	0	218	102	0	0	0	1	[]	0	0
15	123457008	187	1	0	0	0	0	0	0	0	0	0	0	0	0	0	0	0	24	0	0	0	0	218	102	0	0	0	1	[]	0	0
16	123457008	185	3	0	0	0	0	0	0	0	0	0	0	0	0	0	0	0	24	0	0	0	0	218	102	0	0	0	3	[]	0	0
17	123457008	182	5	1	0	0	0	0	0	0	0	0	0	0	0	0	0	0	26	0	0	0	0	218	102	0	0	0	3	[]	0	0
18	123457008	160	23	5	0	0	0	0	0	0	0	0	0	0	0	0	0	0	27	0	0	0	0	218	102	0	0	0	3	[]	0	2
19	123457008	158	18	8	3	0	0	0	0	0	0	1	0	0	0	0	0	0	29	0	0	1	0	218	102	0	0	0	3	[]	0	3
20	123457008	158	15	9	5	0	0	0	0	0	0	1	0	0	0	0	0	0	31	0	0	1	0	218	102	0	0	0	3	[]	0	4
21	123457008	158	14	8	6	0	0	0	0	0	0	1	0	0	0	1	0	0	33	1	0	1	1	218	102	0	0	0	3	[]	0	3
22	123457008	158	13	8	7	0	0	0	0	0	0	1	0	0	0	1	0	0	36	1	0	1	1	218	102	0	0	0	3	[]	0	3
23	123457008	150	17	12	7	0	0	0	0	0	0	1	0	0	0	1	0	0	37	1	0	1	1	218	102	0	0	0	3	[]	0	4
24	123457008	140	22	15	9	0	0	0	0	0	0	1	0	0	0	1	0	0	38	1	0	1	1	218	102	0	0	0	3	[]	0	4
25	123457008	138	19	15	13	0	0	0	0	0	0	1	1	0	0	1	0	0	41	1	0	2	1	218	102	0	0	0	3	[]	0	3
26	123457008	137	16	16	16	0	0	0	0	0	0	1	1	0	0	1	0	0	41	1	0	2	1	218	102	0	0	0	3	[]	0	3
27	123457008	137	11	19	18	0	0	0	0	0	0	1	1	0	0	1	0	0	42	1	0	2	1	218	102	0	0	0	3	[]	0	3
28	123457008	137	8	21	19	0	0	0	0	0	0	1	1	0	0	1	0	0	45	1	0	2	1	218	102	0	0	0	3	[]	0	3
29	123457008	121	21	21	23	0	0	0	0	0	0	1	0	0	0	1	0	0	45	1	0	2	1	218	102	0	0	0	3	[]	0	5
30	123457008	90	47	26	23	0	0	0	0	0	0	1	0	0	0	0	1	0	46	1	0	2	1	218	102	0	0	0	3	[]	0	6
31	123457008	71	59	30	27	0	0	0	0	0	0	1	0	0	0	0	0	0	47	1	0	2	1	218	102	0	0	0	4	[]	0	7
32	123457008	66	47	41	31	0	0	0	0	0	0	1	0	0	0	2	0	0	51	3	0	2	3	218	102	0	0	0	4	[]	0	8
33	123457008	62	38	47	36	0	0	0	0	0	0	1	0	0	0	4	0	0	54	5	0	2	5	218	102	0	0	0	4	[]	0	8
34	123457008	62	22	51	44	0	0	0	0	0	0	2	0	0	0	7	0	0	60	8	0	3	8	218	102	0	0	0	4	[]	0	10
35	123457008	62	17	47	50	0	0	0	0	0	0	1	0	0	0	11	0	0	61	12	0	3	12	218	102	0	0	0	4	[]	0	10
36	123457008	51	22	46	57	0	0	0	0	0	0	1	0	0	0	7	4	0	63	12	0	3	12	218	102	0	0	0	4	[]	0	10
37	123457008	43	27	42	63	0	0	0	0	0	0	1	0	0	0	7	5	0	63	13	0	3	13	218	102	0	0	0	4	[]	0	10
38	123457008	37	22	49	67	0	0	0	0	0	0	1	0	0	0	7	5	0	64	13	0	3	13	218	102	0	0	0	4	[]	0	11
39	123457008	29	26	45	75	0	0	0	0	0	0	1	0	0	0	6	6	0	66	13	0	3	13	218	102	0	0	0	4	[]	0	11
40	123457008	25	22	47	79	0	0	0	0	0	0	2	0	0	0	7	6	0	67	14	0	4	14	218	102	0	0	0	4	[]	0	11
41	123457008	25	14	45	87	0	0	0	0	0	0	3	0	0	0	7	7	0	72	15	0	5	15	218	102	0	0	0	4	[]	0	11
42	123457008	25	10	41	95	0	0	0	0	0	0	3	0	0	0	6	8	0	72	17	0	5	17	218	102	0	0	0	4	[]	0	9
43	123457008	24	6	39	101	0	0	0	0	0	0	3	1	0	0	7	7	0	74	19	0	6	19	218	102	0	0	0	4	[]	0	9
44	123457008	20	8	30	116	0	0	0	0	0	0	1	2	0	0	5	6	0	74	19	0	6	19	218	102	0	0	0	4	[]	0	8
45	123457008	17	9	24	127	0	0	0	0	0	0	1	2	0	0	5	3	0	75	20	0	6	20	218	102	0	0	0	4	[]	0	8
46	123457008	13	10	26	128	0	0	0	0	0	0	0	3	0	0	3	5	0	78	20	0	6	20	218	102	0	0	0	4	[]	0	8
47	123457008	13	10	23	132	0	0	0	0	0	0	0	3	0	0	2	5	0	79	20	0	6	20	218	102	0	0	0	4	[]	0	8
48	123457008	13	7	21	135	0	0	0	0	0	0	0	3	0	0	4	5	0	82	22	0	6	22	218	102	0	0	0	4	[]	0	8
49	123457008	13	6	18	139	0	0	0	0	0	0	0	3	0	0	4	5	0	83	22	0	6	22	218	102	0	0	0	4	[]	0	9
50	123457008	12	5	14	147	0	0	0	0	0	0	0	2	0	0	4	4	0	85	22	0	6	22	218	102	0	0	0	4	[]	0	8
51	123457008	9	7	11	153	0	0	0	0	0	0	0	1	0	0	2	5	0	85	22	0	6	22	218	102	0	0	0	4	[]	0	6
52	123457008	7	7	12	156	0	0	0	0	0	0	0	1	0	0	1	4	0	86	22	0	6	22	218	102	0	0	0	4	[]	0	5
53	123457008	6	4	12	161	0	0	0	0	0	0	0	0	0	0	3	2	0	88	24	0	6	24	218	102	0	0	0	4	[]	0	5
54	123457008	6	3	12	162	0	0	0	0	0	0	0	0	0	0	2	3	0	90	24	0	6	24	218	102	0	0	0	4	[]	0	5
55	123457008	6	3	10	165	0	0	0	0	0	0	0	0	0	0	2	2	0	93	24	0	6	24	218	102	0	0	0	4	[]	0	4
56	123457008	6	2	8	167	0	0	0	0	0	0	0	0	0	0	3	2	0	94	25	0	6	25	218	102	0	0	0	4	[]	0	4
57	123457008	6	1	9	167	0	0	0	0	0	0	0	0	0	0	2	3	0	94	25	0	6	25	218	102	0	0	0	4	[]	0	3
58	123457008	6	0	9	170	0	0	0	0	0	0	0	0	0	0	1	2	0	100	25	0	6	25	218	102	0	0	0	4	[]	0	4
59	123457008	6	0	7	171	0	0	0	0	0	0	0	0	0	0	2	2	0	102	26	0	6	26	218	102	0	0	0	4	[]	0	4
60	123457008	6	0	5	173	0	0	0	0	0	0	0	0	0	0	1	3	0	103	26	0	6	26	218	102	0	0	0	4	[]	0	3
