day	seedRun	susceptible	exposed	infected	removed	susceptible-in-quarantine	exposed-in-quarantine	infected-in-quarantine	removed-in-quarantine	susceptible-in-quarantine-external-1	exposed-in-quarantine-external-1	infected-in-quarantine-external-1	removed-in-quarantine-external-1	susceptible-in-quarantine-external-2	exposed-in-quarantine-external-2	infected-in-quarantine-external-2	removed-in-quarantine-external-2	num-of-screened-agents	num-of-screened-agents-external-1	num-of-screened-agents-external-2	num-of-positive-agents	num-of-positive-agents-external-1	num-of-positive-agents-external-2	num-vaccinated	num-immunized	num-immunized-in-quarantine	num-immunized-in-quarantine-external-1	num-immunized-in-quarantine-external-2	num-infected-outside	classroom-in-quarantine	num-of-classroom-in-quarantine	classroom-with-at-least-one-infected
0	123456942	242	0	0	0	0	0	0	0	0	0	0	0	0	0	0	0	0	0	0	0	0	0	74	48	0	0	0	0	[]	0	0
1	123456942	238	4	0	0	0	0	0	0	0	0	0	0	0	0	0	0	0	0	0	0	0	0	74	48	0	0	0	4	[]	0	0
2	123456942	233	7	1	0	0	0	0	0	0	0	0	0	0	0	1	0	0	0	1	0	0	1	74	48	0	0	0	7	[]	0	2
3	123456942	226	13	2	0	0	0	0	0	0	0	0	0	0	0	1	0	0	1	1	0	0	1	74	48	0	0	0	11	[]	0	2
4	123456942	215	20	6	0	0	0	0	0	0	0	0	0	0	0	1	0	0	1	1	0	0	1	74	48	0	0	0	14	[]	0	5
5	123456942	202	30	6	3	0	0	0	0	0	0	0	0	0	0	1	0	0	3	1	0	0	1	74	48	0	0	0	17	[]	0	5
6	123456942	198	22	17	3	0	0	0	0	0	0	0	0	0	0	2	0	0	4	2	0	0	2	74	48	0	0	0	21	[]	0	7
7	123456942	190	24	18	7	0	0	0	0	0	0	1	0	0	0	1	1	0	5	2	0	1	2	74	48	0	0	0	29	[]	0	7
8	123456942	164	44	20	11	0	0	0	0	0	0	1	0	0	0	1	1	0	5	2	0	1	2	74	48	0	0	0	33	[]	0	8
9	123456942	137	63	25	14	0	0	0	0	0	0	0	1	0	0	1	1	0	5	2	0	1	2	74	48	0	0	0	36	[]	0	7
10	123456942	113	67	42	17	0	0	0	0	0	0	0	1	0	0	0	2	0	5	2	0	1	2	74	48	0	0	0	38	[]	0	10
11	123456942	83	75	62	19	0	0	0	0	0	0	0	1	0	0	0	2	0	5	2	0	1	2	74	48	0	0	0	40	[]	0	11
12	123456942	60	81	67	30	0	0	0	0	0	0	0	1	0	0	1	2	0	5	3	0	1	3	74	48	0	0	0	44	[]	0	11
13	123456942	58	65	74	41	0	0	0	0	0	0	0	1	0	0	1	2	0	5	3	0	1	3	74	48	0	0	0	46	[]	0	12
14	123456942	56	47	85	49	0	0	0	0	0	0	1	1	0	0	0	3	0	6	3	0	2	3	74	48	0	0	0	48	[]	0	12
15	123456942	32	59	91	55	0	0	0	0	0	0	0	2	0	0	0	3	0	6	3	0	2	3	74	48	0	0	0	52	[]	0	12
16	123456942	19	54	102	63	0	0	0	0	0	0	0	2	0	0	0	2	0	7	3	0	2	3	74	48	0	0	0	52	[]	0	12
17	123456942	7	48	101	80	0	0	0	0	0	0	0	2	0	0	2	2	0	7	5	0	2	5	74	48	0	0	0	52	[]	0	12
18	123456942	1	42	98	95	0	0	0	0	0	0	0	2	0	0	2	2	0	7	5	0	2	5	74	48	0	0	0	52	[]	0	12
19	123456942	0	30	95	110	0	0	0	0	0	0	1	2	0	0	2	2	0	8	5	0	3	5	74	48	0	0	0	52	[]	0	12
20	123456942	0	19	99	118	0	0	0	0	0	0	0	3	0	0	2	1	0	8	5	0	3	5	74	48	0	0	0	52	[]	0	12
21	123456942	0	14	94	128	0	0	0	0	0	0	0	2	0	0	2	2	0	8	6	0	3	6	74	48	0	0	0	52	[]	0	12
22	123456942	0	11	77	147	0	0	0	0	0	0	0	2	0	0	3	2	0	9	7	0	3	7	74	48	0	0	0	52	[]	0	12
23	123456942	0	8	69	158	0	0	0	0	0	0	0	2	0	0	3	2	0	10	7	0	3	7	74	48	0	0	0	52	[]	0	12
24	123456942	0	4	64	167	0	0	0	0	0	0	0	2	0	0	2	3	0	10	7	0	3	7	74	48	0	0	0	52	[]	0	12
25	123456942	0	4	54	176	0	0	0	0	0	0	0	2	0	0	3	3	0	10	8	0	3	8	74	48	0	0	0	52	[]	0	12
26	123456942	0	2	44	189	0	0	0	0	0	0	0	2	0	0	2	3	0	10	8	0	3	8	74	48	0	0	0	52	[]	0	12
27	123456942	0	2	38	195	0	0	0	0	0	0	0	2	0	0	2	3	0	12	8	0	3	8	74	48	0	0	0	52	[]	0	12
28	123456942	0	2	36	198	0	0	0	0	0	0	0	1	0	0	1	4	0	12	8	0	3	8	74	48	0	0	0	52	[]	0	12
29	123456942	0	2	29	205	0	0	0	0	0	0	0	1	0	0	1	4	0	14	8	0	3	8	74	48	0	0	0	52	[]	0	12
30	123456942	0	2	20	214	0	0	0	0	0	0	0	1	0	0	1	4	0	14	8	0	3	8	74	48	0	0	0	52	[]	0	10
31	123456942	0	2	20	216	0	0	0	0	0	0	0	1	0	0	1	2	0	15	8	0	3	8	74	48	0	0	0	52	[]	0	10
32	123456942	0	2	18	218	0	0	0	0	0	0	0	1	0	0	1	2	0	15	8	0	3	8	74	48	0	0	0	52	[]	0	9
33	123456942	0	1	18	220	0	0	0	0	0	0	0	0	0	0	1	2	0	16	8	0	3	8	74	48	0	0	0	52	[]	0	10
34	123456942	0	0	15	224	0	0	0	0	0	0	0	0	0	0	1	2	0	17	8	0	3	8	74	48	0	0	0	52	[]	0	8
35	123456942	0	0	13	227	0	0	0	0	0	0	0	0	0	0	0	2	0	18	8	0	3	8	74	48	0	0	0	52	[]	0	7
36	123456942	0	0	10	230	0	0	0	0	0	0	0	0	0	0	1	1	0	18	9	0	3	9	74	48	0	0	0	52	[]	0	6
37	123456942	0	0	6	233	0	0	0	0	0	0	0	0	0	0	2	1	0	18	10	0	3	10	74	48	0	0	0	52	[]	0	5
38	123456942	0	0	3	235	0	0	0	0	0	0	1	0	0	0	2	1	0	19	10	0	4	10	74	48	0	0	0	52	[]	0	5
39	123456942	0	0	2	237	0	0	0	0	0	0	1	0	0	0	2	0	0	19	10	0	4	10	74	48	0	0	0	52	[]	0	5
40	123456942	0	0	2	237	0	0	0	0	0	0	1	0	0	0	2	0	0	20	10	0	4	10	74	48	0	0	0	52	[]	0	5
41	123456942	0	0	2	237	0	0	0	0	0	0	0	1	0	0	2	0	0	20	10	0	4	10	74	48	0	0	0	52	[]	0	4
42	123456942	0	0	2	237	0	0	0	0	0	0	0	1	0	0	2	0	0	21	10	0	4	10	74	48	0	0	0	52	[]	0	4
43	123456942	0	0	2	237	0	0	0	0	0	0	0	1	0	0	1	1	0	22	10	0	4	10	74	48	0	0	0	52	[]	0	3
44	123456942	0	0	2	237	0	0	0	0	0	0	0	1	0	0	1	1	0	23	10	0	4	10	74	48	0	0	0	52	[]	0	3
45	123456942	0	0	2	237	0	0	0	0	0	0	0	1	0	0	0	2	0	23	10	0	4	10	74	48	0	0	0	52	[]	0	2
46	123456942	0	0	2	237	0	0	0	0	0	0	0	1	0	0	0	2	0	24	10	0	4	10	74	48	0	0	0	52	[]	0	2
47	123456942	0	0	2	237	0	0	0	0	0	0	0	1	0	0	0	2	0	24	10	0	4	10	74	48	0	0	0	52	[]	0	2
48	123456942	0	0	2	237	0	0	0	0	0	0	0	1	0	0	0	2	0	26	10	0	4	10	74	48	0	0	0	52	[]	0	2
49	123456942	0	0	1	238	0	0	0	0	0	0	0	1	0	0	0	2	0	26	10	0	4	10	74	48	0	0	0	52	[]	0	1
50	123456942	0	0	1	239	0	0	0	0	0	0	0	1	0	0	0	1	0	26	10	0	4	10	74	48	0	0	0	52	[]	0	1
51	123456942	0	0	1	240	0	0	0	0	0	0	0	1	0	0	0	0	0	27	10	0	4	10	74	48	0	0	0	52	[]	0	1
52	123456942	0	0	1	241	0	0	0	0	0	0	0	0	0	0	0	0	0	29	10	0	4	10	74	48	0	0	0	52	[]	0	1
53	123456942	0	0	1	241	0	0	0	0	0	0	0	0	0	0	0	0	0	31	10	0	4	10	74	48	0	0	0	52	[]	0	1
54	123456942	0	0	1	241	0	0	0	0	0	0	0	0	0	0	0	0	0	32	10	0	4	10	74	48	0	0	0	52	[]	0	1
55	123456942	0	0	1	241	0	0	0	0	0	0	0	0	0	0	0	0	0	35	10	0	4	10	74	48	0	0	0	52	[]	0	1
56	123456942	0	0	1	241	0	0	0	0	0	0	0	0	0	0	0	0	0	35	10	0	4	10	74	48	0	0	0	52	[]	0	1
57	123456942	0	0	0	242	0	0	0	0	0	0	0	0	0	0	0	0	0	35	10	0	4	10	74	48	0	0	0	52	[]	0	0
58	123456942	0	0	0	242	0	0	0	0	0	0	0	0	0	0	0	0	0	35	10	0	4	10	74	48	0	0	0	52	[]	0	0
59	123456942	0	0	0	242	0	0	0	0	0	0	0	0	0	0	0	0	0	35	10	0	4	10	74	48	0	0	0	52	[]	0	0
60	123456942	0	0	0	242	0	0	0	0	0	0	0	0	0	0	0	0	0	35	10	0	4	10	74	48	0	0	0	52	[]	0	0
