day	seedRun	susceptible	exposed	infected	removed	susceptible-in-quarantine	exposed-in-quarantine	infected-in-quarantine	removed-in-quarantine	susceptible-in-quarantine-external-1	exposed-in-quarantine-external-1	infected-in-quarantine-external-1	removed-in-quarantine-external-1	susceptible-in-quarantine-external-2	exposed-in-quarantine-external-2	infected-in-quarantine-external-2	removed-in-quarantine-external-2	num-of-screened-agents	num-of-screened-agents-external-1	num-of-screened-agents-external-2	num-of-positive-agents	num-of-positive-agents-external-1	num-of-positive-agents-external-2	num-vaccinated	num-immunized	num-immunized-in-quarantine	num-immunized-in-quarantine-external-1	num-immunized-in-quarantine-external-2	num-infected-outside	classroom-in-quarantine	num-of-classroom-in-quarantine	classroom-with-at-least-one-infected
0	123457175	186	0	0	0	0	0	0	0	0	0	0	0	0	0	0	0	0	0	0	0	0	0	146	104	0	0	0	0	[]	0	0
1	123457175	181	5	0	0	0	0	0	0	0	0	0	0	0	0	0	0	0	0	0	0	0	0	146	104	0	0	0	5	[]	0	0
2	123457175	160	24	2	0	0	0	0	0	0	0	0	0	0	0	0	0	0	0	0	0	0	0	146	104	0	0	0	11	[]	0	2
3	123457175	129	47	10	0	0	0	0	0	0	0	0	0	0	0	0	0	0	1	0	0	0	0	146	104	0	0	0	15	[]	0	3
4	123457175	102	58	24	2	0	0	0	0	0	0	0	0	0	0	0	0	0	4	0	0	0	0	146	104	0	0	0	16	[]	0	6
5	123457175	78	61	30	2	0	5	9	0	0	0	0	0	0	0	1	0	19	6	1	9	0	1	146	99	5	0	0	19	[3A]	1	8
6	123457175	76	41	34	5	0	10	16	2	0	0	0	0	0	0	2	0	38	8	2	17	0	2	146	94	10	0	0	21	[3A 3B]	2	9
7	123457175	73	22	25	8	3	11	26	13	0	0	1	0	0	0	4	0	95	10	4	31	1	4	146	81	23	0	0	21	[3A 3B 3C 2B]	4	10
8	123457175	49	22	11	10	17	12	41	16	0	0	1	0	0	0	7	0	152	13	7	44	1	7	146	73	31	0	0	22	[3A 3B 3C 2B 3D 2D]	6	10
9	123457175	46	15	12	6	17	11	47	23	0	0	1	0	0	0	6	2	171	14	8	51	1	8	146	66	38	0	0	22	[3A 3B 3C 2B 3D 2D 1D]	7	10
10	123457175	44	16	9	10	17	8	44	29	0	0	1	0	0	0	6	2	171	15	8	51	1	8	146	66	38	0	0	24	[3A 3B 3C 2B 3D 2D 1D]	7	10
11	123457175	40	14	10	7	17	5	47	29	2	0	3	4	0	0	3	5	171	17	8	51	2	8	146	58	38	8	0	26	[3A 3B 3C 2B 3D 2D 1D 1A]	8	10
12	123457175	31	17	14	8	17	4	44	34	2	0	2	5	0	0	3	5	190	18	8	52	2	8	146	58	38	8	0	29	[3A 3B 3C 2B 3D 2D 1D 1A]	8	11
13	123457175	31	8	21	10	17	2	41	39	2	0	1	6	0	0	3	5	190	19	8	52	2	8	146	58	38	8	0	29	[3A 3B 3C 2B 3D 2D 1D 1A]	8	12
14	123457175	31	5	19	12	17	1	40	42	2	0	1	6	0	0	5	5	226	19	10	53	2	10	146	58	38	8	0	29	[3A 3B 3C 2B 3D 2D 1D 1A]	8	12
15	123457175	21	14	16	31	17	1	29	39	2	0	1	6	0	0	5	4	226	19	10	53	2	10	146	63	33	8	0	31	[3B 3C 2B 3D 2D 1D 1A]	7	11
16	123457175	21	4	12	45	17	7	26	36	2	0	1	6	0	0	5	4	245	21	11	58	2	11	146	63	33	8	0	31	[3C 2B 3D 2D 1D 1A 2C]	7	10
17	123457175	20	7	10	73	14	7	21	19	2	0	1	5	0	0	2	5	245	22	11	58	2	11	146	76	20	8	0	32	[3D 2D 1D 1A 2C]	5	8
18	123457175	29	9	13	91	0	4	16	11	2	0	1	5	0	0	2	3	245	23	11	58	2	11	146	84	12	8	0	32	[1D 1A 2C]	3	6
19	123457175	27	7	3	104	0	6	17	9	2	0	1	5	0	0	3	2	300	23	12	65	2	12	146	84	12	8	0	34	[1A 2C 2A]	3	5
20	123457175	27	7	3	104	0	4	18	10	2	0	1	5	0	0	3	2	300	25	12	65	2	12	146	84	12	8	0	34	[1A 2C 2A]	3	5
21	123457175	27	8	4	114	0	3	16	10	0	0	0	0	0	0	3	1	300	26	12	65	2	12	146	92	12	0	0	36	[2C 2A]	2	4
22	123457175	26	8	5	114	0	2	15	12	0	0	0	0	0	0	2	2	300	28	12	65	2	12	146	92	12	0	0	37	[2C 2A]	2	4
23	123457175	20	12	6	115	0	1	14	14	0	0	0	0	0	0	2	2	300	29	12	65	2	12	146	92	12	0	0	37	[2C 2A]	2	6
24	123457175	11	16	10	118	0	1	11	16	0	0	0	0	0	0	1	2	317	31	12	65	2	12	146	92	12	0	0	38	[2C 2A]	2	6
25	123457175	7	15	8	121	0	0	14	17	0	0	0	0	0	0	2	2	336	32	13	68	2	13	146	92	12	0	0	39	[2C 2A]	2	6
26	123457175	4	13	13	136	0	0	8	9	0	0	0	0	0	0	1	2	336	32	13	68	2	13	146	97	7	0	0	39	[2A]	1	6
27	123457175	4	12	12	138	0	0	5	12	0	0	0	0	0	0	1	2	336	32	13	68	2	13	146	97	7	0	0	39	[2A]	1	6
28	123457175	4	4	15	131	0	0	4	13	0	0	0	0	0	1	3	11	336	32	14	68	2	14	146	93	7	0	4	39	[2A 2D]	2	7
29	123457175	3	5	9	149	0	0	4	2	0	0	0	0	0	0	5	9	355	32	15	71	2	15	146	100	0	0	4	39	[2D]	1	5
30	123457175	3	5	4	154	0	0	4	2	0	0	0	0	0	0	4	10	355	36	15	71	2	15	146	100	0	0	4	39	[2D]	1	4
31	123457175	3	3	6	154	0	0	3	3	0	0	0	0	0	0	4	10	355	38	15	71	2	15	146	100	0	0	4	39	[2D]	1	5
32	123457175	3	3	5	155	0	0	3	3	0	0	0	0	0	0	3	11	355	38	15	71	2	15	146	100	0	0	4	39	[2D]	1	4
33	123457175	2	4	1	155	0	0	6	3	0	0	1	0	0	0	3	11	374	39	15	74	3	15	146	100	0	0	4	40	[2D]	1	4
34	123457175	2	2	3	155	0	0	4	5	0	0	1	0	0	0	3	11	390	40	15	74	3	15	146	100	0	0	4	40	[2D]	1	4
35	123457175	2	2	2	156	0	0	4	5	0	0	1	0	0	0	3	11	390	40	15	74	3	15	146	100	0	0	4	40	[2D]	1	3
36	123457175	2	1	3	156	0	0	3	6	0	0	1	0	0	0	1	13	390	41	15	74	3	15	146	100	0	0	4	40	[2D]	1	4
37	123457175	2	1	3	156	0	0	3	6	0	0	1	0	0	0	1	13	390	44	15	74	3	15	146	100	0	0	4	40	[2D]	1	4
38	123457175	2	1	1	163	0	0	3	14	0	0	1	0	0	0	0	1	406	44	15	76	3	15	146	99	5	0	0	40	[1C]	1	3
39	123457175	2	0	2	167	0	0	1	13	0	0	1	0	0	0	0	0	406	47	15	76	3	15	146	99	5	0	0	40	[1C]	1	2
40	123457175	2	0	2	167	0	0	1	13	0	0	1	0	0	0	0	0	406	49	15	76	3	15	146	99	5	0	0	40	[1C]	1	2
41	123457175	2	0	2	167	0	0	1	13	0	0	1	0	0	0	0	0	406	50	15	76	3	15	146	99	5	0	0	40	[1C]	1	2
42	123457175	2	0	1	168	0	0	1	13	0	0	1	0	0	0	0	0	406	51	15	76	3	15	146	99	5	0	0	40	[1C]	1	2
43	123457175	2	0	1	168	0	0	1	13	0	0	1	0	0	0	0	0	406	52	15	76	3	15	146	99	5	0	0	40	[1C]	1	2
44	123457175	2	0	1	168	0	0	1	13	0	0	1	0	0	0	0	0	406	52	15	76	3	15	146	99	5	0	0	40	[1C]	1	2
45	123457175	2	0	1	168	0	0	1	13	0	0	1	0	0	0	0	0	406	52	15	76	3	15	146	99	5	0	0	40	[1C]	1	2
46	123457175	2	0	1	168	0	0	1	13	0	0	1	0	0	0	0	0	406	54	15	76	3	15	146	99	5	0	0	40	[1C]	1	2
47	123457175	2	0	0	169	0	0	0	14	0	0	1	0	0	0	0	0	406	56	15	76	3	15	146	99	5	0	0	40	[1C]	1	1
48	123457175	2	0	0	184	0	0	0	0	0	0	0	0	0	0	0	0	406	59	15	76	3	15	146	104	0	0	0	40	[]	0	0
49	123457175	2	0	0	184	0	0	0	0	0	0	0	0	0	0	0	0	406	60	15	76	3	15	146	104	0	0	0	40	[]	0	0
50	123457175	2	0	0	184	0	0	0	0	0	0	0	0	0	0	0	0	406	62	15	76	3	15	146	104	0	0	0	40	[]	0	0
51	123457175	2	0	0	184	0	0	0	0	0	0	0	0	0	0	0	0	406	63	15	76	3	15	146	104	0	0	0	40	[]	0	0
52	123457175	2	0	0	184	0	0	0	0	0	0	0	0	0	0	0	0	406	64	15	76	3	15	146	104	0	0	0	40	[]	0	0
53	123457175	1	1	0	184	0	0	0	0	0	0	0	0	0	0	0	0	406	64	15	76	3	15	146	104	0	0	0	41	[]	0	0
54	123457175	1	0	1	184	0	0	0	0	0	0	0	0	0	0	0	0	406	67	15	76	3	15	146	104	0	0	0	41	[]	0	1
55	123457175	1	0	1	184	0	0	0	0	0	0	0	0	0	0	0	0	406	68	15	76	3	15	146	104	0	0	0	41	[]	0	1
56	123457175	1	0	0	185	0	0	0	0	0	0	0	0	0	0	0	0	406	69	15	76	3	15	146	104	0	0	0	41	[]	0	0
57	123457175	1	0	0	185	0	0	0	0	0	0	0	0	0	0	0	0	406	72	15	76	3	15	146	104	0	0	0	41	[]	0	0
58	123457175	1	0	0	185	0	0	0	0	0	0	0	0	0	0	0	0	406	77	15	76	3	15	146	104	0	0	0	41	[]	0	0
59	123457175	1	0	0	185	0	0	0	0	0	0	0	0	0	0	0	0	406	77	15	76	3	15	146	104	0	0	0	41	[]	0	0
60	123457175	1	0	0	185	0	0	0	0	0	0	0	0	0	0	0	0	406	77	15	76	3	15	146	104	0	0	0	41	[]	0	0
