day	seedRun	susceptible	exposed	infected	removed	susceptible-in-quarantine	exposed-in-quarantine	infected-in-quarantine	removed-in-quarantine	susceptible-in-quarantine-external-1	exposed-in-quarantine-external-1	infected-in-quarantine-external-1	removed-in-quarantine-external-1	susceptible-in-quarantine-external-2	exposed-in-quarantine-external-2	infected-in-quarantine-external-2	removed-in-quarantine-external-2	num-of-screened-agents	num-of-screened-agents-external-1	num-of-screened-agents-external-2	num-of-positive-agents	num-of-positive-agents-external-1	num-of-positive-agents-external-2	num-vaccinated	num-immunized	num-immunized-in-quarantine	num-immunized-in-quarantine-external-1	num-immunized-in-quarantine-external-2	num-infected-outside	classroom-in-quarantine	num-of-classroom-in-quarantine	classroom-with-at-least-one-infected
0	123457283	189	0	0	0	0	0	0	0	0	0	0	0	0	0	0	0	0	0	0	0	0	0	146	101	0	0	0	0	[]	0	0
1	123457283	186	3	0	0	0	0	0	0	0	0	0	0	0	0	0	0	0	3	0	0	0	0	146	101	0	0	0	3	[]	0	0
2	123457283	168	19	2	0	0	0	0	0	0	0	0	0	0	0	0	0	0	4	0	0	0	0	146	101	0	0	0	6	[]	0	1
3	123457283	139	39	10	1	0	0	0	0	0	0	0	0	0	0	0	0	0	5	0	0	0	0	146	101	0	0	0	15	[]	0	3
4	123457283	77	83	27	2	0	0	0	0	0	0	0	0	0	0	0	0	0	6	0	0	0	0	146	101	0	0	0	18	[]	0	9
5	123457283	50	92	39	4	0	0	3	0	0	0	0	0	0	0	1	0	19	7	1	3	0	1	146	101	0	0	0	18	[]	0	10
6	123457283	50	68	45	7	0	4	9	4	0	0	1	0	0	0	1	0	38	8	1	10	1	1	146	96	5	0	0	18	[3C]	1	11
7	123457283	50	45	48	13	0	8	15	7	0	0	1	0	0	0	2	0	57	8	2	16	1	2	146	90	11	0	0	18	[3C 3B]	2	12
8	123457283	28	52	39	22	1	11	21	11	0	0	1	0	0	0	3	0	76	9	3	20	1	3	146	85	16	0	0	21	[3C 3B 1A]	3	11
9	123457283	18	40	42	29	1	7	21	15	0	0	1	0	7	1	6	1	76	10	4	20	1	4	146	81	16	0	4	22	[3C 3B 1A 1B]	4	11
10	123457283	17	30	46	36	1	3	23	17	0	0	0	1	7	0	6	2	76	10	4	20	1	4	146	81	16	0	4	22	[3C 3B 1A 1B]	4	11
11	123457283	14	21	39	27	1	6	29	34	0	0	0	1	7	0	8	2	114	10	6	31	1	6	146	69	28	0	4	22	[3C 3B 1A 1B 2A 3A]	6	11
12	123457283	12	17	23	20	1	10	38	48	0	0	0	1	7	0	9	3	152	11	8	41	1	8	146	58	39	0	4	22	[3C 3B 1A 1B 2A 3A 1C 3D]	8	11
13	123457283	12	11	23	26	1	6	40	50	0	0	0	1	7	0	8	4	152	12	8	41	1	8	146	58	39	0	4	22	[3C 3B 1A 1B 2A 3A 1C 3D]	8	12
14	123457283	12	9	21	30	1	4	36	56	0	0	0	1	7	0	7	5	152	12	8	41	1	8	146	58	39	0	4	22	[3C 3B 1A 1B 2A 3A 1C 3D]	8	12
15	123457283	8	11	21	32	1	4	28	64	0	0	0	1	7	0	6	6	152	12	8	41	1	8	146	58	39	0	4	22	[3C 3B 1A 1B 2A 3A 1C 3D]	8	12
16	123457283	3	15	20	49	1	3	23	56	0	0	0	0	7	0	5	7	152	14	8	41	1	8	146	63	34	0	4	22	[3B 1A 1B 2A 3A 1C 3D]	7	11
17	123457283	3	12	20	66	1	3	18	48	0	0	0	0	7	0	3	8	152	16	8	41	1	8	146	69	28	0	4	22	[1A 1B 2A 3A 1C 3D]	6	10
18	123457283	4	7	15	77	0	3	20	45	0	0	1	0	7	0	2	8	171	18	8	48	2	8	146	67	30	0	4	22	[1B 2A 3A 1C 3D 2B]	6	9
19	123457283	10	1	9	87	1	5	23	47	0	0	2	0	0	0	0	4	190	20	8	52	3	8	146	63	38	0	0	22	[2A 3A 1C 3D 2B 1D]	6	8
20	123457283	9	1	9	87	1	4	23	48	0	0	2	0	0	0	1	4	209	21	9	52	3	9	146	63	38	0	0	23	[2A 3A 1C 3D 2B 1D]	6	8
21	123457283	9	1	7	117	1	3	15	31	0	0	2	0	0	0	1	2	209	23	9	52	3	9	146	75	26	0	0	23	[1C 3D 2B 1D]	4	6
22	123457283	8	2	6	147	1	2	10	10	0	0	2	0	0	0	1	0	209	23	9	52	3	9	146	86	15	0	0	24	[2B 1D]	2	4
23	123457283	8	2	5	148	1	1	11	10	0	0	1	1	0	0	1	0	209	23	9	52	3	9	146	86	15	0	0	24	[2B 1D]	2	4
24	123457283	4	5	4	150	1	0	9	13	0	0	1	1	0	0	1	0	209	25	9	52	3	9	146	86	15	0	0	25	[2B 1D]	2	5
25	123457283	3	6	4	150	1	0	9	13	0	0	1	1	0	0	1	0	228	28	9	52	3	9	146	86	15	0	0	25	[2B 1D]	2	5
26	123457283	2	5	6	150	1	0	8	14	0	0	1	1	0	0	1	0	228	30	9	52	3	9	146	86	15	0	0	25	[2B 1D]	2	5
27	123457283	2	3	6	152	1	0	7	15	0	0	1	1	0	0	1	0	228	32	9	52	3	9	146	86	15	0	0	25	[2B 1D]	2	4
28	123457283	2	2	7	165	1	0	2	8	0	0	0	1	0	0	1	0	228	34	9	52	3	9	146	93	8	0	0	25	[1D]	1	3
29	123457283	3	1	8	176	0	0	0	0	0	0	0	0	0	0	1	0	228	35	9	52	3	9	146	101	0	0	0	25	[]	0	2
30	123457283	1	3	8	177	0	0	0	0	0	0	0	0	0	0	0	0	228	35	9	52	3	9	146	101	0	0	0	26	[]	0	1
31	123457283	1	2	7	179	0	0	0	0	0	0	0	0	0	0	0	0	228	38	9	52	3	9	146	101	0	0	0	26	[]	0	1
32	123457283	1	2	4	182	0	0	0	0	0	0	0	0	0	0	0	0	228	41	9	52	3	9	146	101	0	0	0	26	[]	0	1
33	123457283	1	2	4	182	0	0	0	0	0	0	0	0	0	0	0	0	228	41	9	52	3	9	146	101	0	0	0	26	[]	0	1
34	123457283	1	1	5	182	0	0	0	0	0	0	0	0	0	0	0	0	228	42	9	52	3	9	146	101	0	0	0	26	[]	0	2
35	123457283	1	1	4	183	0	0	0	0	0	0	0	0	0	0	0	0	228	43	9	52	3	9	146	101	0	0	0	26	[]	0	2
36	123457283	1	1	4	183	0	0	0	0	0	0	0	0	0	0	0	0	228	45	9	52	3	9	146	101	0	0	0	26	[]	0	2
37	123457283	1	1	4	183	0	0	0	0	0	0	0	0	0	0	0	0	228	45	9	52	3	9	146	101	0	0	0	26	[]	0	2
38	123457283	1	1	3	184	0	0	0	0	0	0	0	0	0	0	0	0	228	47	9	52	3	9	146	101	0	0	0	26	[]	0	2
39	123457283	1	0	3	185	0	0	0	0	0	0	0	0	0	0	0	0	228	50	9	52	3	9	146	101	0	0	0	26	[]	0	3
40	123457283	1	0	2	185	0	0	0	0	0	0	0	0	0	0	1	0	247	50	10	52	3	10	146	101	0	0	0	26	[]	0	3
41	123457283	1	0	1	186	0	0	0	0	0	0	0	0	0	0	0	1	247	50	10	52	3	10	146	101	0	0	0	26	[]	0	1
42	123457283	1	0	1	186	0	0	0	0	0	0	0	0	0	0	0	1	247	51	10	52	3	10	146	101	0	0	0	26	[]	0	1
43	123457283	1	0	1	186	0	0	0	0	0	0	0	0	0	0	0	1	247	51	10	52	3	10	146	101	0	0	0	26	[]	0	1
44	123457283	1	0	0	187	0	0	0	0	0	0	0	0	0	0	0	1	247	52	10	52	3	10	146	101	0	0	0	26	[]	0	0
45	123457283	1	0	0	187	0	0	0	0	0	0	0	0	0	0	0	1	266	53	10	52	3	10	146	101	0	0	0	26	[]	0	0
46	123457283	1	0	0	187	0	0	0	0	0	0	0	0	0	0	0	1	266	54	10	52	3	10	146	101	0	0	0	26	[]	0	0
47	123457283	1	0	0	187	0	0	0	0	0	0	0	0	0	0	0	1	266	56	10	52	3	10	146	101	0	0	0	26	[]	0	0
48	123457283	1	0	0	187	0	0	0	0	0	0	0	0	0	0	0	1	266	57	10	52	3	10	146	101	0	0	0	26	[]	0	0
49	123457283	1	0	0	187	0	0	0	0	0	0	0	0	0	0	0	1	266	61	10	52	3	10	146	101	0	0	0	26	[]	0	0
50	123457283	1	0	0	188	0	0	0	0	0	0	0	0	0	0	0	0	266	62	10	52	3	10	146	101	0	0	0	26	[]	0	0
51	123457283	1	0	0	188	0	0	0	0	0	0	0	0	0	0	0	0	266	62	10	52	3	10	146	101	0	0	0	26	[]	0	0
52	123457283	1	0	0	188	0	0	0	0	0	0	0	0	0	0	0	0	266	64	10	52	3	10	146	101	0	0	0	26	[]	0	0
53	123457283	1	0	0	188	0	0	0	0	0	0	0	0	0	0	0	0	266	66	10	52	3	10	146	101	0	0	0	26	[]	0	0
54	123457283	1	0	0	188	0	0	0	0	0	0	0	0	0	0	0	0	266	66	10	52	3	10	146	101	0	0	0	26	[]	0	0
55	123457283	1	0	0	188	0	0	0	0	0	0	0	0	0	0	0	0	266	68	10	52	3	10	146	101	0	0	0	26	[]	0	0
56	123457283	1	0	0	188	0	0	0	0	0	0	0	0	0	0	0	0	266	72	10	52	3	10	146	101	0	0	0	26	[]	0	0
57	123457283	1	0	0	188	0	0	0	0	0	0	0	0	0	0	0	0	266	75	10	52	3	10	146	101	0	0	0	26	[]	0	0
58	123457283	1	0	0	188	0	0	0	0	0	0	0	0	0	0	0	0	266	78	10	52	3	10	146	101	0	0	0	26	[]	0	0
59	123457283	1	0	0	188	0	0	0	0	0	0	0	0	0	0	0	0	266	82	10	52	3	10	146	101	0	0	0	26	[]	0	0
60	123457283	1	0	0	188	0	0	0	0	0	0	0	0	0	0	0	0	266	85	10	52	3	10	146	101	0	0	0	26	[]	0	0
