day	seedRun	susceptible	exposed	infected	removed	susceptible-in-quarantine	exposed-in-quarantine	infected-in-quarantine	removed-in-quarantine	susceptible-in-quarantine-external-1	exposed-in-quarantine-external-1	infected-in-quarantine-external-1	removed-in-quarantine-external-1	susceptible-in-quarantine-external-2	exposed-in-quarantine-external-2	infected-in-quarantine-external-2	removed-in-quarantine-external-2	num-of-screened-agents	num-of-screened-agents-external-1	num-of-screened-agents-external-2	num-of-positive-agents	num-of-positive-agents-external-1	num-of-positive-agents-external-2	num-vaccinated	num-immunized	num-immunized-in-quarantine	num-immunized-in-quarantine-external-1	num-immunized-in-quarantine-external-2	num-infected-outside	classroom-in-quarantine	num-of-classroom-in-quarantine	classroom-with-at-least-one-infected
0	123457263	216	0	0	0	0	0	0	0	0	0	0	0	0	0	0	0	0	0	0	0	0	0	74	74	0	0	0	0	[]	0	0
1	123457263	215	1	0	0	0	0	0	0	0	0	0	0	0	0	0	0	60	1	0	0	0	0	74	74	0	0	0	1	[]	0	0
2	123457263	210	5	1	0	0	0	0	0	0	0	0	0	0	0	0	0	60	1	0	0	0	0	74	74	0	0	0	1	[]	0	1
3	123457263	206	9	1	0	0	0	0	0	0	0	0	0	0	0	0	0	60	3	0	0	0	0	74	74	0	0	0	1	[]	0	1
4	123457263	197	16	3	0	0	0	0	0	0	0	0	0	0	0	0	0	60	4	0	0	0	0	74	74	0	0	0	1	[]	0	1
5	123457263	197	14	5	0	0	0	0	0	0	0	0	0	0	0	0	0	60	4	0	0	0	0	74	74	0	0	0	1	[]	0	1
6	123457263	196	1	1	0	0	9	8	0	0	0	0	0	0	0	1	0	79	5	1	8	0	1	74	72	2	0	0	2	[3B]	1	2
7	123457263	195	1	2	0	0	7	10	0	0	0	0	0	0	0	1	0	79	8	1	8	0	1	74	72	2	0	0	3	[3B]	1	3
8	123457263	186	9	1	1	0	5	11	2	0	0	0	0	0	0	1	0	153	10	1	9	0	1	74	72	2	0	0	3	[3B]	1	3
9	123457263	180	12	4	1	0	5	9	4	0	0	0	0	0	0	1	0	153	14	1	9	0	1	74	72	2	0	0	3	[3B]	1	3
10	123457263	178	11	7	1	0	3	10	5	0	0	0	0	0	0	1	0	153	14	1	9	0	1	74	72	2	0	0	3	[3B]	1	3
11	123457263	178	0	0	1	0	6	22	7	0	0	0	0	0	0	2	0	172	15	2	21	0	2	74	70	4	0	0	3	[3B 2B]	2	3
12	123457263	178	0	0	1	0	2	22	11	0	0	0	0	0	0	2	0	172	16	2	21	0	2	74	70	4	0	0	3	[3B 2B]	2	3
13	123457263	178	0	0	1	0	2	20	13	0	0	0	0	0	0	1	1	191	18	2	21	0	2	74	70	4	0	0	3	[3B 2B]	2	3
14	123457263	178	0	0	1	0	1	19	15	0	0	0	0	0	0	1	1	191	20	2	21	0	2	74	70	4	0	0	3	[3B 2B]	2	3
15	123457263	178	0	0	1	0	0	19	16	0	0	0	0	0	0	0	2	240	20	2	21	0	2	74	70	4	0	0	3	[3B 2B]	2	3
16	123457263	178	0	0	19	0	0	13	5	0	0	0	0	0	0	0	1	240	21	2	21	0	2	74	72	2	0	0	3	[2B]	1	2
17	123457263	177	1	0	19	0	0	12	6	0	0	0	0	0	0	0	1	240	24	2	21	0	2	74	72	2	0	0	4	[2B]	1	2
18	123457263	168	9	1	20	0	0	9	8	0	0	0	0	0	0	0	1	240	25	2	21	0	2	74	72	2	0	0	4	[2B]	1	2
19	123457263	159	16	3	20	0	0	9	8	0	0	0	0	0	0	0	1	240	31	2	21	0	2	74	72	2	0	0	4	[2B]	1	2
20	123457263	159	14	5	20	0	0	9	8	0	0	0	0	0	0	0	1	240	32	2	21	0	2	74	72	2	0	0	4	[2B]	1	2
21	123457263	159	10	9	38	0	0	0	0	0	0	0	0	0	0	0	0	240	36	2	21	0	2	74	74	0	0	0	4	[]	0	1
22	123457263	158	2	0	38	1	7	9	1	0	0	0	0	0	0	0	0	317	36	2	30	0	2	74	72	2	0	0	4	[3A]	1	1
23	123457263	143	15	2	38	1	3	13	1	0	0	0	0	0	0	0	0	317	38	2	30	0	2	74	72	2	0	0	5	[3A]	1	3
24	123457263	127	26	7	38	1	2	12	3	0	0	0	0	0	0	0	0	317	43	2	30	0	2	74	72	2	0	0	6	[3A]	1	3
25	123457263	118	19	6	37	1	8	20	6	0	0	0	0	0	0	1	0	336	43	3	39	0	3	74	70	4	0	0	6	[3A 3C]	2	4
26	123457263	116	20	6	38	1	5	19	10	0	0	0	0	0	0	1	0	336	47	3	39	0	3	74	70	4	0	0	6	[3A 3C]	2	4
27	123457263	115	7	3	37	1	11	24	16	0	0	0	0	0	0	2	0	355	48	4	47	0	4	74	68	6	0	0	7	[3A 3C 2A]	3	4
28	123457263	115	5	4	38	1	7	25	19	0	0	0	0	0	0	1	1	355	48	4	47	0	4	74	68	6	0	0	7	[3A 3C 2A]	3	4
29	123457263	115	5	0	38	1	5	25	25	0	0	0	0	0	0	0	2	419	49	4	51	0	4	74	68	6	0	0	7	[3A 3C 2A]	3	4
30	123457263	111	8	1	38	1	5	23	27	0	0	0	0	0	0	0	2	419	50	4	51	0	4	74	68	6	0	0	7	[3A 3C 2A]	3	4
31	123457263	111	6	3	38	1	4	19	32	0	0	0	0	0	0	0	2	419	50	4	51	0	4	74	68	6	0	0	7	[3A 3C 2A]	3	4
32	123457263	103	13	5	55	0	2	14	22	0	0	0	0	0	0	0	2	419	54	4	51	0	4	74	70	4	0	0	7	[3C 2A]	2	4
33	123457263	93	21	7	55	0	0	14	24	0	0	0	0	0	0	0	2	419	54	4	51	0	4	74	70	4	0	0	7	[3C 2A]	2	4
34	123457263	91	4	7	56	2	9	15	29	0	0	0	0	0	0	1	2	438	55	5	57	0	5	74	68	6	0	0	7	[3C 2A 1C]	3	4
35	123457263	91	0	0	71	2	5	14	17	0	0	0	0	0	3	9	4	438	57	6	57	0	6	74	68	4	0	2	7	[2A 1C 2D]	3	3
36	123457263	91	0	0	71	2	4	15	17	0	0	0	0	0	1	10	5	483	62	6	57	0	6	74	68	4	0	2	7	[2A 1C 2D]	3	3
37	123457263	91	0	0	89	2	4	9	6	0	0	0	0	0	1	10	4	483	63	6	57	0	6	74	70	2	0	2	7	[1C 2D]	2	2
38	123457263	91	0	0	89	2	2	9	8	0	0	0	0	0	1	6	8	483	63	6	57	0	6	74	70	2	0	2	7	[1C 2D]	2	2
39	123457263	91	0	0	89	2	1	10	8	0	0	0	0	0	1	4	10	483	65	6	57	0	6	74	70	2	0	2	7	[1C 2D]	2	2
40	123457263	91	0	0	89	2	1	9	9	0	0	0	0	0	1	3	11	483	66	6	57	0	6	74	70	2	0	2	7	[1C 2D]	2	2
41	123457263	91	0	0	89	2	0	8	11	0	0	0	0	0	0	4	11	483	67	6	57	0	6	74	70	2	0	2	7	[1C 2D]	2	2
42	123457263	91	0	0	89	2	0	7	12	0	0	0	0	0	0	4	11	483	68	6	57	0	6	74	70	2	0	2	7	[1C 2D]	2	2
43	123457263	91	0	0	89	2	0	6	13	0	0	0	0	0	0	3	12	533	71	6	57	0	6	74	70	2	0	2	7	[1C 2D]	2	2
44	123457263	93	0	0	105	0	0	1	3	0	0	0	0	0	0	3	11	533	73	6	57	0	6	74	72	0	0	2	7	[2D]	1	1
45	123457263	93	0	0	123	0	0	0	0	0	0	0	0	0	0	0	0	533	74	6	57	0	6	74	74	0	0	0	7	[]	0	0
46	123457263	93	0	0	123	0	0	0	0	0	0	0	0	0	0	0	0	533	76	6	57	0	6	74	74	0	0	0	7	[]	0	0
47	123457263	93	0	0	123	0	0	0	0	0	0	0	0	0	0	0	0	533	78	6	57	0	6	74	74	0	0	0	7	[]	0	0
48	123457263	93	0	0	123	0	0	0	0	0	0	0	0	0	0	0	0	533	78	6	57	0	6	74	74	0	0	0	7	[]	0	0
49	123457263	93	0	0	123	0	0	0	0	0	0	0	0	0	0	0	0	533	79	6	57	0	6	74	74	0	0	0	7	[]	0	0
50	123457263	93	0	0	123	0	0	0	0	0	0	0	0	0	0	0	0	593	80	6	57	0	6	74	74	0	0	0	7	[]	0	0
51	123457263	93	0	0	123	0	0	0	0	0	0	0	0	0	0	0	0	593	82	6	57	0	6	74	74	0	0	0	7	[]	0	0
52	123457263	92	1	0	123	0	0	0	0	0	0	0	0	0	0	0	0	593	83	6	57	0	6	74	74	0	0	0	8	[]	0	0
53	123457263	92	1	0	123	0	0	0	0	0	0	0	0	0	0	0	0	593	87	6	57	0	6	74	74	0	0	0	8	[]	0	0
54	123457263	92	1	0	123	0	0	0	0	0	0	0	0	0	0	0	0	593	89	6	57	0	6	74	74	0	0	0	8	[]	0	0
55	123457263	92	1	0	123	0	0	0	0	0	0	0	0	0	0	0	0	593	93	6	57	0	6	74	74	0	0	0	8	[]	0	0
56	123457263	92	0	1	123	0	0	0	0	0	0	0	0	0	0	0	0	593	94	6	57	0	6	74	74	0	0	0	8	[]	0	1
57	123457263	92	0	0	124	0	0	0	0	0	0	0	0	0	0	0	0	653	96	6	57	0	6	74	74	0	0	0	8	[]	0	0
58	123457263	92	0	0	124	0	0	0	0	0	0	0	0	0	0	0	0	653	97	6	57	0	6	74	74	0	0	0	8	[]	0	0
59	123457263	92	0	0	124	0	0	0	0	0	0	0	0	0	0	0	0	653	101	6	57	0	6	74	74	0	0	0	8	[]	0	0
60	123457263	92	0	0	124	0	0	0	0	0	0	0	0	0	0	0	0	653	103	6	57	0	6	74	74	0	0	0	8	[]	0	0
