day	seedRun	susceptible	exposed	infected	removed	susceptible-in-quarantine	exposed-in-quarantine	infected-in-quarantine	removed-in-quarantine	susceptible-in-quarantine-external-1	exposed-in-quarantine-external-1	infected-in-quarantine-external-1	removed-in-quarantine-external-1	susceptible-in-quarantine-external-2	exposed-in-quarantine-external-2	infected-in-quarantine-external-2	removed-in-quarantine-external-2	num-of-screened-agents	num-of-screened-agents-external-1	num-of-screened-agents-external-2	num-of-positive-agents	num-of-positive-agents-external-1	num-of-positive-agents-external-2	num-vaccinated	num-immunized	num-immunized-in-quarantine	num-immunized-in-quarantine-external-1	num-immunized-in-quarantine-external-2	num-infected-outside	classroom-in-quarantine	num-of-classroom-in-quarantine	classroom-with-at-least-one-infected
0	123456821	216	0	0	0	0	0	0	0	0	0	0	0	0	0	0	0	0	0	0	0	0	0	74	74	0	0	0	0	[]	0	0
1	123456821	215	1	0	0	0	0	0	0	0	0	0	0	0	0	0	0	60	1	0	0	0	0	74	74	0	0	0	1	[]	0	0
2	123456821	215	1	0	0	0	0	0	0	0	0	0	0	0	0	0	0	60	3	0	0	0	0	74	74	0	0	0	1	[]	0	0
3	123456821	215	1	0	0	0	0	0	0	0	0	0	0	0	0	0	0	60	3	0	0	0	0	74	74	0	0	0	1	[]	0	0
4	123456821	215	1	0	0	0	0	0	0	0	0	0	0	0	0	0	0	60	4	0	0	0	0	74	74	0	0	0	1	[]	0	0
5	123456821	215	1	0	0	0	0	0	0	0	0	0	0	0	0	0	0	60	7	0	0	0	0	74	74	0	0	0	1	[]	0	0
6	123456821	215	1	0	0	0	0	0	0	0	0	0	0	0	0	0	0	60	7	0	0	0	0	74	74	0	0	0	1	[]	0	0
7	123456821	214	2	0	0	0	0	0	0	0	0	0	0	0	0	0	0	60	9	0	0	0	0	74	74	0	0	0	2	[]	0	0
8	123456821	214	1	0	0	0	0	1	0	0	0	0	0	0	0	0	0	139	10	0	1	0	0	74	74	0	0	0	2	[]	0	1
9	123456821	214	1	0	0	0	0	1	0	0	0	0	0	0	0	0	0	139	14	0	1	0	0	74	74	0	0	0	2	[]	0	1
10	123456821	213	2	0	0	0	0	0	1	0	0	0	0	0	0	0	0	139	16	0	1	0	0	74	74	0	0	0	3	[]	0	0
11	123456821	213	2	0	0	0	0	0	1	0	0	0	0	0	0	0	0	139	19	0	1	0	0	74	74	0	0	0	3	[]	0	0
12	123456821	213	2	0	0	0	0	0	1	0	0	0	0	0	0	0	0	139	22	0	1	0	0	74	74	0	0	0	3	[]	0	0
13	123456821	213	2	0	0	0	0	0	1	0	0	0	0	0	0	0	0	158	24	0	1	0	0	74	74	0	0	0	3	[]	0	0
14	123456821	212	3	0	0	0	0	0	1	0	0	0	0	0	0	0	0	158	26	0	1	0	0	74	74	0	0	0	4	[]	0	0
15	123456821	212	3	0	0	0	0	0	1	0	0	0	0	0	0	0	0	217	31	0	1	0	0	74	74	0	0	0	4	[]	0	0
16	123456821	203	10	2	0	0	0	0	1	0	0	0	0	0	0	0	0	217	31	0	1	0	0	74	74	0	0	0	4	[]	0	2
17	123456821	186	25	4	0	0	0	0	1	0	0	0	0	0	0	0	0	217	31	0	1	0	0	74	74	0	0	0	4	[]	0	2
18	123456821	177	27	10	2	0	0	0	0	0	0	0	0	0	0	0	0	217	33	0	1	0	0	74	74	0	0	0	4	[]	0	2
19	123456821	171	19	7	1	0	9	7	1	0	0	1	0	0	0	0	0	236	37	0	8	1	0	74	72	2	0	0	4	[1D]	1	3
20	123456821	171	12	14	1	0	7	6	4	0	0	1	0	0	0	0	0	236	39	0	8	1	0	74	72	2	0	0	4	[1D]	1	3
21	123456821	171	4	4	1	0	12	17	5	0	0	1	0	0	0	1	0	255	40	1	19	1	1	74	70	4	0	0	4	[1D 3C]	2	3
22	123456821	154	20	5	1	0	8	16	10	0	0	1	0	0	0	1	0	305	41	1	19	1	1	74	70	4	0	0	4	[1D 3C]	2	4
23	123456821	145	25	9	1	0	4	19	11	0	0	1	0	0	0	1	0	305	42	1	19	1	1	74	70	4	0	0	4	[1D 3C]	2	4
24	123456821	131	30	16	3	0	2	19	13	0	0	1	0	0	0	1	0	305	43	1	19	1	1	74	70	4	0	0	4	[1D 3C]	2	5
25	123456821	123	27	11	1	0	5	25	21	0	0	2	0	0	0	1	0	324	45	1	29	2	1	74	68	6	0	0	4	[1D 3C 1B]	3	5
26	123456821	111	29	19	3	0	5	23	23	0	0	1	1	0	0	1	0	324	48	1	29	2	1	74	68	6	0	0	4	[1D 3C 1B]	3	6
27	123456821	111	19	27	5	0	3	18	30	0	0	1	1	0	0	1	0	324	50	1	29	2	1	74	68	6	0	0	4	[1D 3C 1B]	3	8
28	123456821	111	10	13	8	0	4	34	31	0	0	2	1	0	0	2	0	362	53	2	43	3	2	74	66	8	0	0	4	[1D 3C 1B 3D]	4	8
29	123456821	85	18	2	19	10	5	41	31	0	0	1	1	0	0	3	0	437	56	3	58	3	3	74	64	10	0	0	4	[3C 1B 3D 1C 2D]	5	7
30	123456821	68	31	6	19	10	3	38	36	0	0	1	1	0	0	3	0	437	56	3	58	3	3	74	64	10	0	0	4	[3C 1B 3D 1C 2D]	5	7
31	123456821	68	25	11	38	10	2	31	27	0	0	1	1	0	0	1	1	437	56	3	58	3	3	74	66	8	0	0	4	[1B 3D 1C 2D]	4	6
32	123456821	59	29	14	40	10	1	29	30	0	0	1	1	0	0	1	1	437	56	3	58	3	3	74	66	8	0	0	4	[1B 3D 1C 2D]	4	7
33	123456821	46	31	9	40	10	5	35	36	0	0	1	1	0	0	1	1	455	58	3	66	3	3	74	64	10	0	0	4	[1B 3D 1C 2D 2B]	5	8
34	123456821	43	9	1	37	13	19	39	49	0	0	1	2	0	0	2	1	493	61	4	78	4	4	74	60	14	0	0	4	[1B 3D 1C 2D 2B 2C 2A]	7	8
35	123456821	43	7	3	55	13	17	32	41	0	0	0	2	0	0	2	1	493	61	4	78	4	4	74	62	12	0	0	4	[3D 1C 2D 2B 2C 2A]	6	7
36	123456821	35	14	4	55	13	11	34	45	0	0	0	2	0	0	2	1	523	62	4	78	4	4	74	62	12	0	0	4	[3D 1C 2D 2B 2C 2A]	6	7
37	123456821	22	21	10	55	13	4	39	47	0	0	0	2	0	0	2	1	523	62	4	78	4	4	74	62	12	0	0	4	[3D 1C 2D 2B 2C 2A]	6	8
38	123456821	22	17	12	73	13	3	32	39	0	0	0	2	0	0	2	1	542	63	5	79	4	5	74	64	10	0	0	4	[1C 2D 2B 2C 2A]	5	7
39	123456821	25	19	13	103	3	1	23	25	0	0	0	2	0	0	2	0	542	63	5	79	4	5	74	68	6	0	0	4	[2B 2C 2A]	3	5
40	123456821	12	24	21	103	3	0	22	27	0	0	0	2	0	0	1	1	542	64	5	79	4	5	74	68	6	0	0	5	[2B 2C 2A]	3	6
41	123456821	12	15	12	103	3	3	27	36	0	0	1	2	0	0	1	1	561	68	5	86	5	5	74	66	8	0	0	5	[2B 2C 2A 1A]	4	6
42	123456821	12	11	16	103	3	1	25	40	0	0	1	2	0	0	1	1	561	68	5	86	5	5	74	66	8	0	0	5	[2B 2C 2A 1A]	4	6
43	123456821	10	0	0	116	5	9	34	38	0	0	1	1	0	0	1	1	637	69	5	103	5	5	74	64	10	0	0	5	[2C 2A 1A 3B 3A]	5	5
44	123456821	13	0	0	149	2	7	26	17	0	0	1	0	0	0	0	1	637	69	5	103	5	5	74	68	6	0	0	5	[1A 3B 3A]	3	3
45	123456821	13	0	0	149	2	2	28	20	0	0	1	0	0	0	0	1	637	72	5	103	5	5	74	68	6	0	0	5	[1A 3B 3A]	3	3
46	123456821	13	0	0	149	2	2	25	23	0	0	1	0	0	0	0	1	637	72	5	103	5	5	74	68	6	0	0	5	[1A 3B 3A]	3	3
47	123456821	13	0	0	149	2	1	25	24	0	0	1	0	0	0	0	1	637	73	5	103	5	5	74	68	6	0	0	5	[1A 3B 3A]	3	3
48	123456821	13	0	0	149	2	0	22	28	0	0	1	0	0	0	0	1	637	75	5	103	5	5	74	68	6	0	0	5	[1A 3B 3A]	3	3
49	123456821	13	0	0	149	2	0	22	28	0	0	1	0	0	0	0	1	637	75	5	103	5	5	74	68	6	0	0	5	[1A 3B 3A]	3	3
50	123456821	13	0	0	149	2	0	20	30	0	0	1	0	0	0	0	1	682	76	5	103	5	5	74	68	6	0	0	5	[1A 3B 3A]	3	3
51	123456821	13	0	0	167	2	0	11	22	0	0	0	0	0	0	0	1	682	77	5	103	5	5	74	70	4	0	0	5	[3B 3A]	2	2
52	123456821	13	0	0	167	2	0	9	24	0	0	0	0	0	0	0	1	682	78	5	103	5	5	74	70	4	0	0	5	[3B 3A]	2	2
53	123456821	15	0	0	201	0	0	0	0	0	0	0	0	0	0	0	0	682	79	5	103	5	5	74	74	0	0	0	5	[]	0	0
54	123456821	15	0	0	201	0	0	0	0	0	0	0	0	0	0	0	0	682	83	5	103	5	5	74	74	0	0	0	5	[]	0	0
55	123456821	15	0	0	201	0	0	0	0	0	0	0	0	0	0	0	0	682	85	5	103	5	5	74	74	0	0	0	5	[]	0	0
56	123456821	15	0	0	201	0	0	0	0	0	0	0	0	0	0	0	0	682	87	5	103	5	5	74	74	0	0	0	5	[]	0	0
57	123456821	15	0	0	201	0	0	0	0	0	0	0	0	0	0	0	0	742	88	5	103	5	5	74	74	0	0	0	5	[]	0	0
58	123456821	15	0	0	201	0	0	0	0	0	0	0	0	0	0	0	0	742	88	5	103	5	5	74	74	0	0	0	5	[]	0	0
59	123456821	15	0	0	201	0	0	0	0	0	0	0	0	0	0	0	0	742	89	5	103	5	5	74	74	0	0	0	5	[]	0	0
60	123456821	15	0	0	201	0	0	0	0	0	0	0	0	0	0	0	0	742	90	5	103	5	5	74	74	0	0	0	5	[]	0	0
