day	seedRun	susceptible	exposed	infected	removed	susceptible-in-quarantine	exposed-in-quarantine	infected-in-quarantine	removed-in-quarantine	susceptible-in-quarantine-external-1	exposed-in-quarantine-external-1	infected-in-quarantine-external-1	removed-in-quarantine-external-1	susceptible-in-quarantine-external-2	exposed-in-quarantine-external-2	infected-in-quarantine-external-2	removed-in-quarantine-external-2	num-of-screened-agents	num-of-screened-agents-external-1	num-of-screened-agents-external-2	num-of-positive-agents	num-of-positive-agents-external-1	num-of-positive-agents-external-2	num-vaccinated-susceptible	num-vaccinated-exposed	num-vaccinated-infected	num-vaccinated-removed	num-vaccinated-susceptible-in-quarantine	num-vaccinated-exposed-in-quarantine	num-vaccinated-infected-in-quarantine	num-vaccinated-removed-in-quarantine	num-vaccinated-susceptible-in-quarantine-external-1	num-vaccinated-exposed-in-quarantine-external-1	num-vaccinated-infected-in-quarantine-external-1	num-vaccinated-removed-in-quarantine-external-1	num-vaccinated-susceptible-in-quarantine-external-2	num-vaccinated-exposed-in-quarantine-external-2	num-vaccinated-infected-in-quarantine-external-2	num-vaccinated-removed-in-quarantine-external-2	num-infected-outside	classroom-in-quarantine	num-of-classroom-in-quarantine	classroom-with-at-least-one-infected
0	123456961	144	0	0	0	0	0	0	0	0	0	0	0	0	0	0	0	0	0	0	0	0	0	146	0	0	0	0	0	0	0	0	0	0	0	0	0	0	0	0	[]	0	0
1	123456961	144	0	0	0	0	0	0	0	0	0	0	0	0	0	0	0	60	0	0	0	0	0	146	0	0	0	0	0	0	0	0	0	0	0	0	0	0	0	0	[]	0	0
2	123456961	144	0	0	0	0	0	0	0	0	0	0	0	0	0	0	0	60	0	0	0	0	0	146	0	0	0	0	0	0	0	0	0	0	0	0	0	0	0	0	[]	0	0
3	123456961	143	1	0	0	0	0	0	0	0	0	0	0	0	0	0	0	60	3	0	0	0	0	146	0	0	0	0	0	0	0	0	0	0	0	0	0	0	0	1	[]	0	0
4	123456961	142	2	0	0	0	0	0	0	0	0	0	0	0	0	0	0	60	3	0	0	0	0	146	0	0	0	0	0	0	0	0	0	0	0	0	0	0	0	2	[]	0	0
5	123456961	140	3	1	0	0	0	0	0	0	0	0	0	0	0	0	0	60	3	0	0	0	0	146	0	0	0	0	0	0	0	0	0	0	0	0	0	0	0	2	[]	0	1
6	123456961	131	1	0	0	9	1	1	0	0	0	0	0	0	0	1	0	79	4	1	1	0	1	138	0	0	0	8	0	0	0	0	0	0	0	0	0	0	0	2	[1B]	1	1
7	123456961	131	0	1	0	9	1	1	0	0	0	0	0	0	0	0	1	79	7	1	1	0	1	138	0	0	0	8	0	0	0	0	0	0	0	0	0	0	0	2	[1B]	1	2
8	123456961	130	1	1	0	9	0	2	0	0	0	0	0	0	0	0	1	134	7	1	1	0	1	138	0	0	0	8	0	0	0	0	0	0	0	0	0	0	0	2	[1B]	1	2
9	123456961	128	3	1	0	9	0	2	0	0	0	0	0	0	0	0	1	134	7	1	1	0	1	138	0	0	0	8	0	0	0	0	0	0	0	0	0	0	0	2	[1B]	1	2
10	123456961	126	4	2	0	9	0	2	0	0	0	0	0	0	0	0	1	134	9	1	1	0	1	138	0	0	0	8	0	0	0	0	0	0	0	0	0	0	0	2	[1B]	1	2
11	123456961	122	6	3	1	9	0	1	1	0	0	0	0	0	0	0	1	134	9	1	1	0	1	138	0	0	0	8	0	0	0	0	0	0	0	0	0	0	0	2	[1B]	1	3
12	123456961	120	7	4	1	9	0	1	1	0	0	0	0	0	0	0	1	134	11	1	1	0	1	137	1	0	0	8	0	0	0	0	0	0	0	0	0	0	0	2	[1B]	1	3
13	123456961	119	6	5	2	9	0	1	1	0	0	0	0	0	0	0	1	134	13	1	1	0	1	137	0	1	0	8	0	0	0	0	0	0	0	0	0	0	0	3	[1B]	1	3
14	123456961	119	4	7	2	9	0	1	1	0	0	0	0	0	0	0	1	134	13	1	1	0	1	137	0	1	0	8	0	0	0	0	0	0	0	0	0	0	0	3	[1B]	1	4
15	123456961	108	6	5	1	17	0	3	3	0	0	0	0	0	0	0	1	189	13	1	3	0	1	130	0	0	0	15	0	1	0	0	0	0	0	0	0	0	0	3	[1B 1D]	2	3
16	123456961	103	7	8	2	17	0	3	3	0	0	0	0	0	0	0	1	189	13	1	3	0	1	129	1	0	0	15	0	1	0	0	0	0	0	0	0	0	0	3	[1B 1D]	2	3
17	123456961	101	6	10	3	17	0	3	3	0	0	0	0	0	0	0	1	189	13	1	3	0	1	127	3	0	0	15	0	1	0	0	0	0	0	0	0	0	0	3	[1B 1D]	2	3
18	123456961	98	7	11	4	17	0	3	3	0	0	0	0	0	0	0	1	189	13	1	3	0	1	127	2	1	0	15	0	1	0	0	0	0	0	0	0	0	0	3	[1B 1D]	2	4
19	123456961	94	8	12	6	17	0	2	4	0	0	0	0	0	0	0	1	189	13	1	3	0	1	126	3	1	0	15	0	1	0	0	0	0	0	0	0	0	0	3	[1B 1D]	2	4
20	123456961	103	8	10	11	8	0	2	2	0	0	0	0	0	0	0	0	189	13	1	3	0	1	134	3	1	0	7	0	1	0	0	0	0	0	0	0	0	0	3	[1D]	1	4
21	123456961	103	3	15	11	8	0	2	2	0	0	0	0	0	0	0	0	189	14	1	3	0	1	134	3	1	0	7	0	0	1	0	0	0	0	0	0	0	0	3	[1D]	1	4
22	123456961	94	4	3	7	16	0	11	9	0	0	0	0	0	0	0	0	263	14	1	9	0	1	120	0	2	0	21	0	2	1	0	0	0	0	0	0	0	0	3	[1D 1C 3C]	3	4
23	123456961	92	1	0	3	18	2	13	14	0	0	1	0	0	0	0	0	282	15	1	12	1	1	112	0	1	1	29	0	2	1	0	0	0	0	0	0	0	0	3	[1D 1C 3C 3D]	4	4
24	123456961	89	3	1	3	18	0	12	17	0	0	1	0	0	0	0	0	282	17	1	12	1	1	112	0	1	1	29	0	2	1	0	0	0	0	0	0	0	0	3	[1D 1C 3C 3D]	4	5
25	123456961	88	3	2	3	18	0	10	19	0	0	1	0	0	0	0	0	282	17	1	12	1	1	112	0	1	1	29	0	1	2	0	0	0	0	0	0	0	0	3	[1D 1C 3C 3D]	4	5
26	123456961	87	4	2	3	18	0	10	19	0	0	1	0	0	0	0	0	282	18	1	12	1	1	112	0	1	1	29	0	1	2	0	0	0	0	0	0	0	0	3	[1D 1C 3C 3D]	4	5
27	123456961	87	2	4	3	18	0	6	23	0	0	1	0	0	0	0	0	282	19	1	12	1	1	112	0	1	1	29	0	1	2	0	0	0	0	0	0	0	0	3	[1D 1C 3C 3D]	4	5
28	123456961	87	1	5	3	18	0	4	25	0	0	1	0	0	0	0	0	282	20	1	12	1	1	112	0	1	1	29	0	0	3	0	0	0	0	0	0	0	0	3	[1D 1C 3C 3D]	4	4
29	123456961	89	0	0	7	16	0	8	23	0	0	1	0	0	0	0	0	327	20	1	15	1	1	111	0	1	2	30	0	0	2	0	0	0	0	0	0	0	0	3	[1C 3C 3D 2D]	4	3
30	123456961	89	0	0	7	16	0	8	23	0	0	1	0	0	0	0	0	327	20	1	15	1	1	111	0	1	2	30	0	0	2	0	0	0	0	0	0	0	0	3	[1C 3C 3D 2D]	4	3
31	123456961	89	0	0	7	16	0	6	25	0	0	1	0	0	0	0	0	327	20	1	15	1	1	111	0	1	2	30	0	0	2	0	0	0	0	0	0	0	0	3	[1C 3C 3D 2D]	4	2
32	123456961	88	1	0	7	16	0	5	26	0	0	0	1	0	0	0	0	327	20	1	15	1	1	111	0	1	2	30	0	0	2	0	0	0	0	0	0	0	0	4	[1C 3C 3D 2D]	4	2
33	123456961	87	2	0	7	16	0	5	26	0	0	0	1	0	0	0	0	327	21	1	15	1	1	111	0	1	2	30	0	0	2	0	0	0	0	0	0	0	0	4	[1C 3C 3D 2D]	4	2
34	123456961	87	1	1	7	16	0	5	26	0	0	0	1	0	0	0	0	327	22	1	15	1	1	111	0	1	2	30	0	0	2	0	0	0	0	0	0	0	0	4	[1C 3C 3D 2D]	4	3
35	123456961	87	1	0	8	16	0	4	27	0	0	0	1	0	0	0	0	327	22	1	15	1	1	111	0	1	2	30	0	0	2	0	0	0	0	0	0	0	0	4	[1C 3C 3D 2D]	4	2
36	123456961	94	1	1	24	8	0	3	12	0	0	0	1	0	0	0	0	377	24	1	15	1	1	125	0	1	4	16	0	0	0	0	0	0	0	0	0	0	0	4	[3D 2D]	2	2
37	123456961	94	3	1	34	6	0	3	3	0	0	0	0	0	0	0	0	377	24	1	15	1	1	133	0	1	4	8	0	0	0	0	0	0	0	0	0	0	0	5	[2D]	1	2
38	123456961	94	3	0	35	6	0	3	3	0	0	0	0	0	0	0	0	377	24	1	15	1	1	133	0	1	4	8	0	0	0	0	0	0	0	0	0	0	0	5	[2D]	1	1
39	123456961	90	5	2	35	6	0	3	3	0	0	0	0	0	0	0	0	377	24	1	15	1	1	132	1	1	4	8	0	0	0	0	0	0	0	0	0	0	0	5	[2D]	1	3
40	123456961	87	7	3	35	6	0	3	3	0	0	0	0	0	0	0	0	377	24	1	15	1	1	132	1	1	4	8	0	0	0	0	0	0	0	0	0	0	0	5	[2D]	1	3
41	123456961	86	6	4	36	6	0	3	3	0	0	0	0	0	0	0	0	377	25	1	15	1	1	132	1	1	4	8	0	0	0	0	0	0	0	0	0	0	0	6	[2D]	1	3
42	123456961	86	4	5	37	6	0	3	3	0	0	0	0	0	0	0	0	377	25	1	15	1	1	132	1	1	4	8	0	0	0	0	0	0	0	0	0	0	0	6	[2D]	1	4
43	123456961	79	1	0	40	13	2	5	4	0	0	0	0	0	0	0	0	475	26	1	20	1	1	125	0	1	4	15	1	0	0	0	0	0	0	0	0	0	0	6	[2B 3B]	2	2
44	123456961	79	1	0	40	13	1	6	4	0	0	0	0	0	0	0	0	475	27	1	20	1	1	125	0	1	4	15	1	0	0	0	0	0	0	0	0	0	0	6	[2B 3B]	2	2
45	123456961	79	1	0	40	13	1	6	4	0	0	0	0	0	0	0	0	475	27	1	20	1	1	125	0	1	4	15	1	0	0	0	0	0	0	0	0	0	0	6	[2B 3B]	2	2
46	123456961	79	1	0	40	13	1	4	6	0	0	0	0	0	0	0	0	475	27	1	20	1	1	125	0	1	4	15	0	1	0	0	0	0	0	0	0	0	0	6	[2B 3B]	2	2
47	123456961	79	0	1	40	13	1	3	7	0	0	0	0	0	0	0	0	475	28	1	20	1	1	125	0	1	4	15	0	1	0	0	0	0	0	0	0	0	0	6	[2B 3B]	2	3
48	123456961	79	0	1	40	13	1	2	8	0	0	0	0	0	0	0	0	475	28	1	20	1	1	125	0	0	5	15	0	1	0	0	0	0	0	0	0	0	0	6	[2B 3B]	2	3
49	123456961	79	0	1	40	13	0	2	9	0	0	0	0	0	0	0	0	475	28	1	20	1	1	125	0	0	5	15	0	1	0	0	0	0	0	0	0	0	0	6	[2B 3B]	2	2
50	123456961	79	0	1	40	13	0	2	9	0	0	0	0	0	0	0	0	525	28	1	20	1	1	125	0	0	5	15	0	1	0	0	0	0	0	0	0	0	0	6	[2B 3B]	2	2
51	123456961	77	2	1	40	13	0	2	9	0	0	0	0	0	0	0	0	525	29	1	20	1	1	125	0	0	5	15	0	1	0	0	0	0	0	0	0	0	0	6	[2B 3B]	2	2
52	123456961	76	2	2	40	13	0	2	9	0	0	0	0	0	0	0	0	525	29	1	20	1	1	124	1	0	5	15	0	1	0	0	0	0	0	0	0	0	0	6	[2B 3B]	2	2
53	123456961	74	4	2	40	13	0	2	9	0	0	0	0	0	0	0	0	525	29	1	20	1	1	124	1	0	5	15	0	1	0	0	0	0	0	0	0	0	0	6	[2B 3B]	2	2
54	123456961	74	3	2	41	13	0	2	9	0	0	0	0	0	0	0	0	525	30	1	20	1	1	123	2	0	5	15	0	1	0	0	0	0	0	0	0	0	0	6	[2B 3B]	2	2
55	123456961	74	3	2	41	13	0	1	10	0	0	0	0	0	0	0	0	525	32	1	20	1	1	123	2	0	5	15	0	1	0	0	0	0	0	0	0	0	0	6	[2B 3B]	2	2
56	123456961	67	1	0	40	20	2	1	12	0	0	0	0	0	0	1	0	544	33	2	22	1	2	117	0	0	5	21	1	2	0	0	0	0	0	0	0	0	0	6	[2B 3B 2C]	3	2
57	123456961	80	1	0	51	7	0	3	1	0	0	0	0	0	0	1	0	599	34	2	22	1	2	132	0	0	6	6	0	2	0	0	0	0	0	0	0	0	0	6	[2C]	1	1
58	123456961	79	2	0	51	7	0	2	2	0	0	0	0	0	0	0	1	599	35	2	22	1	2	132	0	0	6	6	0	2	0	0	0	0	0	0	0	0	0	7	[2C]	1	1
59	123456961	77	2	2	51	7	0	2	2	0	0	0	0	0	0	0	1	599	36	2	22	1	2	132	0	0	6	6	0	2	0	0	0	0	0	0	0	0	0	7	[2C]	1	3
60	123456961	76	3	2	51	7	0	1	3	0	0	0	0	0	0	0	1	599	37	2	22	1	2	132	0	0	6	6	0	2	0	0	0	0	0	0	0	0	0	8	[2C]	1	3
