day	seedRun	susceptible	exposed	infected	removed	susceptible-in-quarantine	exposed-in-quarantine	infected-in-quarantine	removed-in-quarantine	susceptible-in-quarantine-external-1	exposed-in-quarantine-external-1	infected-in-quarantine-external-1	removed-in-quarantine-external-1	susceptible-in-quarantine-external-2	exposed-in-quarantine-external-2	infected-in-quarantine-external-2	removed-in-quarantine-external-2	num-of-screened-agents	num-of-screened-agents-external-1	num-of-screened-agents-external-2	num-of-positive-agents	num-of-positive-agents-external-1	num-of-positive-agents-external-2	num-vaccinated	num-immunized	num-immunized-in-quarantine	num-immunized-in-quarantine-external-1	num-immunized-in-quarantine-external-2	num-infected-outside	classroom-in-quarantine	num-of-classroom-in-quarantine	classroom-with-at-least-one-infected
0	123457255	72	0	0	0	0	0	0	0	0	0	0	0	0	0	0	0	0	0	0	0	0	0	218	218	0	0	0	0	[]	0	0
1	123457255	72	0	0	0	0	0	0	0	0	0	0	0	0	0	0	0	60	3	0	0	0	0	218	218	0	0	0	0	[]	0	0
2	123457255	72	0	0	0	0	0	0	0	0	0	0	0	0	0	0	0	60	4	0	0	0	0	218	218	0	0	0	0	[]	0	0
3	123457255	72	0	0	0	0	0	0	0	0	0	0	0	0	0	0	0	60	5	0	0	0	0	218	218	0	0	0	0	[]	0	0
4	123457255	72	0	0	0	0	0	0	0	0	0	0	0	0	0	0	0	60	6	0	0	0	0	218	218	0	0	0	0	[]	0	0
5	123457255	71	1	0	0	0	0	0	0	0	0	0	0	0	0	0	0	60	8	0	0	0	0	218	218	0	0	0	1	[]	0	0
6	123457255	71	0	1	0	0	0	0	0	0	0	0	0	0	0	0	0	60	10	0	0	0	0	218	218	0	0	0	1	[]	0	1
7	123457255	71	0	1	0	0	0	0	0	0	0	0	0	0	0	0	0	60	11	0	0	0	0	218	218	0	0	0	1	[]	0	1
8	123457255	69	2	1	0	0	0	0	0	0	0	0	0	0	0	0	0	120	14	0	0	0	0	218	218	0	0	0	1	[]	0	1
9	123457255	68	3	1	0	0	0	0	0	0	0	0	0	0	0	0	0	120	21	0	0	0	0	218	218	0	0	0	1	[]	0	1
10	123457255	66	3	3	0	0	0	0	0	0	0	0	0	0	0	0	0	120	23	0	0	0	0	218	218	0	0	0	1	[]	0	1
11	123457255	66	1	4	1	0	0	0	0	0	0	0	0	0	0	0	0	120	27	0	0	0	0	218	218	0	0	0	1	[]	0	1
12	123457255	66	1	3	2	0	0	0	0	0	0	0	0	0	0	0	0	120	30	0	0	0	0	218	218	0	0	0	1	[]	0	1
13	123457255	66	0	0	3	0	0	2	0	0	0	0	0	0	0	1	0	139	33	1	2	0	1	218	218	0	0	0	1	[]	0	1
14	123457255	66	0	0	3	0	0	2	0	0	0	0	0	0	0	1	0	139	36	1	2	0	1	218	218	0	0	0	1	[]	0	1
15	123457255	66	0	0	3	0	0	1	1	0	0	0	0	0	0	0	1	196	37	1	2	0	1	218	218	0	0	0	1	[]	0	1
16	123457255	66	0	0	3	0	0	1	1	0	0	0	0	0	0	0	1	196	37	1	2	0	1	218	218	0	0	0	1	[]	0	1
17	123457255	66	0	0	3	0	0	1	1	0	0	0	0	0	0	0	1	196	39	1	2	0	1	218	218	0	0	0	1	[]	0	1
18	123457255	66	0	0	3	0	0	0	2	0	0	0	0	0	0	0	1	213	40	1	2	0	1	218	218	0	0	0	1	[]	0	0
19	123457255	66	0	0	3	0	0	0	2	0	0	0	0	0	0	0	1	213	45	1	2	0	1	218	218	0	0	0	1	[]	0	0
20	123457255	66	0	0	3	0	0	0	2	0	0	0	0	0	0	0	1	213	46	1	2	0	1	218	218	0	0	0	1	[]	0	0
21	123457255	66	0	0	3	0	0	0	2	0	0	0	0	0	0	0	1	213	48	1	2	0	1	218	218	0	0	0	1	[]	0	0
22	123457255	66	0	0	3	0	0	0	2	0	0	0	0	0	0	0	1	270	48	1	2	0	1	218	218	0	0	0	1	[]	0	0
23	123457255	66	0	0	6	0	0	0	0	0	0	0	0	0	0	0	0	270	50	1	2	0	1	218	218	0	0	0	1	[]	0	0
24	123457255	66	0	0	6	0	0	0	0	0	0	0	0	0	0	0	0	270	50	1	2	0	1	218	218	0	0	0	1	[]	0	0
25	123457255	66	0	0	6	0	0	0	0	0	0	0	0	0	0	0	0	270	51	1	2	0	1	218	218	0	0	0	1	[]	0	0
26	123457255	66	0	0	6	0	0	0	0	0	0	0	0	0	0	0	0	270	52	1	2	0	1	218	218	0	0	0	1	[]	0	0
27	123457255	66	0	0	6	0	0	0	0	0	0	0	0	0	0	0	0	270	52	1	2	0	1	218	218	0	0	0	1	[]	0	0
28	123457255	66	0	0	6	0	0	0	0	0	0	0	0	0	0	0	0	270	53	1	2	0	1	218	218	0	0	0	1	[]	0	0
29	123457255	66	0	0	6	0	0	0	0	0	0	0	0	0	0	0	0	330	53	1	2	0	1	218	218	0	0	0	1	[]	0	0
30	123457255	66	0	0	6	0	0	0	0	0	0	0	0	0	0	0	0	330	53	1	2	0	1	218	218	0	0	0	1	[]	0	0
31	123457255	66	0	0	6	0	0	0	0	0	0	0	0	0	0	0	0	330	55	1	2	0	1	218	218	0	0	0	1	[]	0	0
32	123457255	66	0	0	6	0	0	0	0	0	0	0	0	0	0	0	0	330	56	1	2	0	1	218	218	0	0	0	1	[]	0	0
33	123457255	66	0	0	6	0	0	0	0	0	0	0	0	0	0	0	0	330	57	1	2	0	1	218	218	0	0	0	1	[]	0	0
34	123457255	66	0	0	6	0	0	0	0	0	0	0	0	0	0	0	0	330	58	1	2	0	1	218	218	0	0	0	1	[]	0	0
35	123457255	66	0	0	6	0	0	0	0	0	0	0	0	0	0	0	0	330	58	1	2	0	1	218	218	0	0	0	1	[]	0	0
36	123457255	66	0	0	6	0	0	0	0	0	0	0	0	0	0	0	0	390	60	1	2	0	1	218	218	0	0	0	1	[]	0	0
37	123457255	66	0	0	6	0	0	0	0	0	0	0	0	0	0	0	0	390	60	1	2	0	1	218	218	0	0	0	1	[]	0	0
38	123457255	66	0	0	6	0	0	0	0	0	0	0	0	0	0	0	0	390	62	1	2	0	1	218	218	0	0	0	1	[]	0	0
39	123457255	66	0	0	6	0	0	0	0	0	0	0	0	0	0	0	0	390	64	1	2	0	1	218	218	0	0	0	1	[]	0	0
40	123457255	66	0	0	6	0	0	0	0	0	0	0	0	0	0	0	0	390	65	1	2	0	1	218	218	0	0	0	1	[]	0	0
41	123457255	66	0	0	6	0	0	0	0	0	0	0	0	0	0	0	0	390	70	1	2	0	1	218	218	0	0	0	1	[]	0	0
42	123457255	66	0	0	6	0	0	0	0	0	0	0	0	0	0	0	0	390	74	1	2	0	1	218	218	0	0	0	1	[]	0	0
43	123457255	66	0	0	6	0	0	0	0	0	0	0	0	0	0	0	0	450	76	1	2	0	1	218	218	0	0	0	1	[]	0	0
44	123457255	66	0	0	6	0	0	0	0	0	0	0	0	0	0	0	0	450	76	1	2	0	1	218	218	0	0	0	1	[]	0	0
45	123457255	66	0	0	6	0	0	0	0	0	0	0	0	0	0	0	0	450	78	1	2	0	1	218	218	0	0	0	1	[]	0	0
46	123457255	66	0	0	6	0	0	0	0	0	0	0	0	0	0	0	0	450	79	1	2	0	1	218	218	0	0	0	1	[]	0	0
47	123457255	66	0	0	6	0	0	0	0	0	0	0	0	0	0	0	0	450	79	1	2	0	1	218	218	0	0	0	1	[]	0	0
48	123457255	66	0	0	6	0	0	0	0	0	0	0	0	0	0	0	0	450	80	1	2	0	1	218	218	0	0	0	1	[]	0	0
49	123457255	66	0	0	6	0	0	0	0	0	0	0	0	0	0	0	0	450	81	1	2	0	1	218	218	0	0	0	1	[]	0	0
50	123457255	66	0	0	6	0	0	0	0	0	0	0	0	0	0	0	0	510	84	1	2	0	1	218	218	0	0	0	1	[]	0	0
51	123457255	66	0	0	6	0	0	0	0	0	0	0	0	0	0	0	0	510	86	1	2	0	1	218	218	0	0	0	1	[]	0	0
52	123457255	66	0	0	6	0	0	0	0	0	0	0	0	0	0	0	0	510	88	1	2	0	1	218	218	0	0	0	1	[]	0	0
53	123457255	66	0	0	6	0	0	0	0	0	0	0	0	0	0	0	0	510	89	1	2	0	1	218	218	0	0	0	1	[]	0	0
54	123457255	66	0	0	6	0	0	0	0	0	0	0	0	0	0	0	0	510	91	1	2	0	1	218	218	0	0	0	1	[]	0	0
55	123457255	66	0	0	6	0	0	0	0	0	0	0	0	0	0	0	0	510	93	1	2	0	1	218	218	0	0	0	1	[]	0	0
56	123457255	66	0	0	6	0	0	0	0	0	0	0	0	0	0	0	0	510	97	1	2	0	1	218	218	0	0	0	1	[]	0	0
57	123457255	66	0	0	6	0	0	0	0	0	0	0	0	0	0	0	0	570	99	1	2	0	1	218	218	0	0	0	1	[]	0	0
58	123457255	66	0	0	6	0	0	0	0	0	0	0	0	0	0	0	0	570	103	1	2	0	1	218	218	0	0	0	1	[]	0	0
59	123457255	66	0	0	6	0	0	0	0	0	0	0	0	0	0	0	0	570	104	1	2	0	1	218	218	0	0	0	1	[]	0	0
60	123457255	66	0	0	6	0	0	0	0	0	0	0	0	0	0	0	0	570	105	1	2	0	1	218	218	0	0	0	1	[]	0	0
