day	seedRun	susceptible	exposed	infected	removed	susceptible-in-quarantine	exposed-in-quarantine	infected-in-quarantine	removed-in-quarantine	susceptible-in-quarantine-external-1	exposed-in-quarantine-external-1	infected-in-quarantine-external-1	removed-in-quarantine-external-1	susceptible-in-quarantine-external-2	exposed-in-quarantine-external-2	infected-in-quarantine-external-2	removed-in-quarantine-external-2	num-of-screened-agents	num-of-screened-agents-external-1	num-of-screened-agents-external-2	num-of-positive-agents	num-of-positive-agents-external-1	num-of-positive-agents-external-2	num-vaccinated-susceptible	num-vaccinated-exposed	num-vaccinated-infected	num-vaccinated-removed	num-vaccinated-susceptible-in-quarantine	num-vaccinated-exposed-in-quarantine	num-vaccinated-infected-in-quarantine	num-vaccinated-removed-in-quarantine	num-vaccinated-susceptible-in-quarantine-external-1	num-vaccinated-exposed-in-quarantine-external-1	num-vaccinated-infected-in-quarantine-external-1	num-vaccinated-removed-in-quarantine-external-1	num-vaccinated-susceptible-in-quarantine-external-2	num-vaccinated-exposed-in-quarantine-external-2	num-vaccinated-infected-in-quarantine-external-2	num-vaccinated-removed-in-quarantine-external-2	num-infected-outside	classroom-in-quarantine	num-of-classroom-in-quarantine	classroom-with-at-least-one-infected
0	123457168	144	0	0	0	0	0	0	0	0	0	0	0	0	0	0	0	0	0	0	0	0	0	146	0	0	0	0	0	0	0	0	0	0	0	0	0	0	0	0	[]	0	0
1	123457168	144	0	0	0	0	0	0	0	0	0	0	0	0	0	0	0	60	1	0	0	0	0	146	0	0	0	0	0	0	0	0	0	0	0	0	0	0	0	0	[]	0	0
2	123457168	144	0	0	0	0	0	0	0	0	0	0	0	0	0	0	0	60	3	0	0	0	0	146	0	0	0	0	0	0	0	0	0	0	0	0	0	0	0	0	[]	0	0
3	123457168	144	0	0	0	0	0	0	0	0	0	0	0	0	0	0	0	60	4	0	0	0	0	145	1	0	0	0	0	0	0	0	0	0	0	0	0	0	0	1	[]	0	0
4	123457168	144	0	0	0	0	0	0	0	0	0	0	0	0	0	0	0	60	4	0	0	0	0	145	1	0	0	0	0	0	0	0	0	0	0	0	0	0	0	1	[]	0	0
5	123457168	144	0	0	0	0	0	0	0	0	0	0	0	0	0	0	0	60	4	0	0	0	0	145	1	0	0	0	0	0	0	0	0	0	0	0	0	0	0	1	[]	0	0
6	123457168	144	0	0	0	0	0	0	0	0	0	0	0	0	0	0	0	60	6	0	0	0	0	145	1	0	0	0	0	0	0	0	0	0	0	0	0	0	0	1	[]	0	0
7	123457168	144	0	0	0	0	0	0	0	0	0	0	0	0	0	0	0	60	7	0	0	0	0	145	1	0	0	0	0	0	0	0	0	0	0	0	0	0	0	1	[]	0	0
8	123457168	144	0	0	0	0	0	0	0	0	0	0	0	0	0	0	0	120	8	0	0	0	0	145	1	0	0	0	0	0	0	0	0	0	0	0	0	0	0	1	[]	0	0
9	123457168	144	0	0	0	0	0	0	0	0	0	0	0	0	0	0	0	120	9	0	0	0	0	145	1	0	0	0	0	0	0	0	0	0	0	0	0	0	0	1	[]	0	0
10	123457168	143	1	0	0	0	0	0	0	0	0	0	0	0	0	0	0	120	9	0	0	0	0	145	0	1	0	0	0	0	0	0	0	0	0	0	0	0	0	2	[]	0	1
11	123457168	143	1	0	0	0	0	0	0	0	0	0	0	0	0	0	0	120	9	0	0	0	0	145	0	1	0	0	0	0	0	0	0	0	0	0	0	0	0	2	[]	0	1
12	123457168	142	2	0	0	0	0	0	0	0	0	0	0	0	0	0	0	120	9	0	0	0	0	145	0	1	0	0	0	0	0	0	0	0	0	0	0	0	0	2	[]	0	1
13	123457168	142	2	0	0	0	0	0	0	0	0	0	0	0	0	0	0	120	10	0	0	0	0	145	0	1	0	0	0	0	0	0	0	0	0	0	0	0	0	2	[]	0	1
14	123457168	142	2	0	0	0	0	0	0	0	0	0	0	0	0	0	0	120	11	0	0	0	0	144	1	1	0	0	0	0	0	0	0	0	0	0	0	0	0	3	[]	0	1
15	123457168	142	2	0	0	0	0	0	0	0	0	0	0	0	0	0	0	180	13	0	0	0	0	144	1	0	1	0	0	0	0	0	0	0	0	0	0	0	0	3	[]	0	0
16	123457168	142	1	1	0	0	0	0	0	0	0	0	0	0	0	0	0	180	14	0	0	0	0	143	2	0	1	0	0	0	0	0	0	0	0	0	0	0	0	3	[]	0	1
17	123457168	141	2	1	0	0	0	0	0	0	0	0	0	0	0	0	0	180	16	0	0	0	0	143	2	0	1	0	0	0	0	0	0	0	0	0	0	0	0	3	[]	0	1
18	123457168	140	3	1	0	0	0	0	0	0	0	0	0	0	0	0	0	180	16	0	0	0	0	143	2	0	1	0	0	0	0	0	0	0	0	0	0	0	0	3	[]	0	1
19	123457168	140	3	1	0	0	0	0	0	0	0	0	0	0	0	0	0	180	16	0	0	0	0	143	2	0	1	0	0	0	0	0	0	0	0	0	0	0	0	3	[]	0	1
20	123457168	139	2	3	0	0	0	0	0	0	0	0	0	0	0	0	0	180	16	0	0	0	0	142	3	0	1	0	0	0	0	0	0	0	0	0	0	0	0	5	[]	0	2
21	123457168	138	2	3	1	0	0	0	0	0	0	0	0	0	0	0	0	180	18	0	0	0	0	142	2	1	1	0	0	0	0	0	0	0	0	0	0	0	0	6	[]	0	2
22	123457168	127	2	2	1	10	0	2	0	0	0	0	0	0	0	0	0	259	19	0	2	0	0	134	2	1	1	8	0	0	0	0	0	0	0	0	0	0	0	6	[2D]	1	2
23	123457168	124	5	2	1	10	0	2	0	0	0	0	0	0	0	0	0	259	19	0	2	0	0	133	3	1	1	8	0	0	0	0	0	0	0	0	0	0	0	6	[2D]	1	2
24	123457168	123	3	3	3	10	0	2	0	0	0	0	0	0	0	0	0	259	19	0	2	0	0	132	3	2	1	8	0	0	0	0	0	0	0	0	0	0	0	6	[2D]	1	3
25	123457168	119	7	2	4	10	0	2	0	0	0	0	0	0	0	0	0	259	19	0	2	0	0	130	2	5	1	8	0	0	0	0	0	0	0	0	0	0	0	6	[2D]	1	4
26	123457168	114	10	4	4	10	0	2	0	0	0	0	0	0	0	0	0	259	19	0	2	0	0	129	2	6	1	8	0	0	0	0	0	0	0	0	0	0	0	6	[2D]	1	4
27	123457168	113	11	4	4	10	0	2	0	0	0	0	0	0	0	0	0	259	20	0	2	0	0	129	2	5	2	8	0	0	0	0	0	0	0	0	0	0	0	7	[2D]	1	4
28	123457168	113	6	8	5	10	0	2	0	0	0	0	0	0	0	0	0	259	21	0	2	0	0	129	2	5	2	8	0	0	0	0	0	0	0	0	0	0	0	7	[2D]	1	7
29	123457168	105	9	3	2	11	3	8	3	0	0	0	0	0	0	0	0	333	22	0	6	0	0	121	2	6	1	14	0	1	1	0	0	0	0	0	0	0	0	8	[2D 2B]	2	7
30	123457168	92	18	7	2	11	3	7	4	0	0	0	0	0	0	0	0	333	23	0	6	0	0	119	2	8	1	14	0	1	1	0	0	0	0	0	0	0	0	9	[2D 2B]	2	8
31	123457168	86	19	11	3	11	3	7	4	0	0	0	0	0	0	0	0	333	24	0	6	0	0	116	5	7	2	14	0	0	2	0	0	0	0	0	0	0	0	9	[2D 2B]	2	8
32	123457168	77	21	16	5	11	3	5	6	0	0	0	0	0	0	0	0	333	25	0	6	0	0	112	8	6	4	14	0	0	2	0	0	0	0	0	0	0	0	9	[2D 2B]	2	6
33	123457168	74	17	21	7	11	1	7	6	0	0	0	0	0	0	0	0	333	25	0	6	0	0	108	7	11	4	14	0	0	2	0	0	0	0	0	0	0	0	9	[2D 2B]	2	7
34	123457168	74	11	25	9	11	1	6	7	0	0	0	0	0	0	0	0	352	25	0	6	0	0	108	5	12	5	14	0	0	2	0	0	0	0	0	0	0	0	9	[2D 2B]	2	7
35	123457168	74	7	24	14	11	1	5	8	0	0	0	0	0	0	0	0	352	26	0	6	0	0	108	3	13	6	14	0	0	2	0	0	0	0	0	0	0	0	9	[2D 2B]	2	9
36	123457168	75	11	7	14	3	1	18	14	0	0	0	0	0	0	1	0	420	26	1	14	0	1	103	3	11	5	17	0	4	3	0	0	0	0	0	0	0	0	9	[2B 1B 2C]	3	8
37	123457168	74	10	8	15	3	1	16	16	0	0	0	0	0	0	1	0	420	27	1	14	0	1	102	3	10	7	17	0	3	4	0	0	0	0	0	0	0	0	9	[2B 1B 2C]	3	6
38	123457168	70	11	8	18	3	1	16	16	0	0	0	0	0	0	1	0	420	28	1	14	0	1	99	5	10	8	17	0	2	5	0	0	0	0	0	0	0	0	9	[2B 1B 2C]	3	7
39	123457168	65	15	8	19	3	1	16	16	0	0	0	0	0	0	1	0	420	28	1	14	0	1	95	6	11	10	17	0	2	5	0	0	0	0	0	0	0	0	9	[2B 1B 2C]	3	7
40	123457168	63	14	9	21	3	0	13	20	0	0	0	0	0	0	1	0	420	28	1	14	0	1	95	5	10	12	17	0	2	5	0	0	0	0	0	0	0	0	9	[2B 1B 2C]	3	7
41	123457168	63	14	6	24	3	0	10	23	0	0	0	0	0	0	1	0	420	28	1	14	0	1	95	4	10	13	17	0	2	5	0	0	0	0	0	0	0	0	9	[2B 1B 2C]	3	7
42	123457168	62	11	10	24	3	0	8	25	0	0	0	0	0	0	1	0	420	30	1	14	0	1	95	3	7	17	17	0	2	5	0	0	0	0	0	0	0	0	10	[2B 1B 2C]	3	8
43	123457168	54	3	1	14	10	7	15	39	0	0	0	0	0	0	1	0	527	32	1	26	0	1	84	0	4	10	28	2	6	12	0	0	0	0	0	0	0	0	10	[1B 2C 1C 2A 3B 3C]	6	7
44	123457168	50	6	2	14	10	6	14	41	0	0	0	0	0	0	0	1	527	32	1	26	0	1	84	0	4	10	28	1	7	12	0	0	0	0	0	0	0	0	10	[1B 2C 1C 2A 3B 3C]	6	7
45	123457168	45	9	4	14	10	6	13	42	0	0	0	0	0	0	0	1	527	32	1	26	0	1	83	1	4	10	28	1	7	12	0	0	0	0	0	0	0	0	10	[1B 2C 1C 2A 3B 3C]	6	8
46	123457168	42	11	5	14	10	4	15	42	0	0	0	0	0	0	0	1	527	32	1	26	0	1	81	2	5	10	28	1	7	12	0	0	0	0	0	0	0	0	10	[1B 2C 1C 2A 3B 3C]	6	9
47	123457168	37	13	7	15	10	1	18	42	0	0	0	0	0	0	0	1	527	32	1	26	0	1	80	2	4	12	28	1	7	12	0	0	0	0	0	0	0	0	10	[1B 2C 1C 2A 3B 3C]	6	9
48	123457168	37	12	6	16	10	0	19	42	0	0	0	0	0	0	1	1	546	32	2	26	0	2	80	2	3	13	28	0	7	13	0	0	0	0	0	0	0	0	10	[1B 2C 1C 2A 3B 3C]	6	9
49	123457168	37	10	7	17	10	0	14	47	0	0	0	0	0	0	1	1	546	33	2	26	0	2	80	2	2	14	28	0	7	13	0	0	0	0	0	0	0	0	10	[1B 2C 1C 2A 3B 3C]	6	9
50	123457168	33	3	0	35	14	5	17	36	0	0	0	0	0	0	1	0	623	35	2	35	0	2	79	1	0	18	28	2	5	13	0	0	0	0	0	0	0	0	11	[1C 2A 3B 3C 2D 3D]	6	7
51	123457168	33	2	1	35	14	5	15	38	0	0	0	0	0	0	1	0	623	36	2	35	0	2	79	1	0	18	28	1	5	14	0	0	0	0	0	0	0	0	11	[1C 2A 3B 3C 2D 3D]	6	6
52	123457168	33	2	1	35	14	4	13	41	0	0	0	0	0	0	0	1	623	36	2	35	0	2	78	2	0	18	28	1	5	14	0	0	0	0	0	0	0	0	11	[1C 2A 3B 3C 2D 3D]	6	6
53	123457168	30	3	3	35	14	3	14	41	0	0	0	0	0	0	0	1	623	37	2	35	0	2	77	3	0	18	28	1	4	15	0	0	0	0	0	0	0	0	11	[1C 2A 3B 3C 2D 3D]	6	7
54	123457168	30	2	3	36	14	3	10	45	0	0	0	0	0	0	0	1	623	38	2	35	0	2	77	3	0	18	28	0	5	15	0	0	0	0	0	0	0	0	11	[1C 2A 3B 3C 2D 3D]	6	7
55	123457168	30	2	2	37	14	1	10	47	0	0	0	0	0	0	0	1	623	38	2	35	0	2	77	0	3	18	28	0	5	15	0	0	0	0	0	0	0	0	11	[1C 2A 3B 3C 2D 3D]	6	8
56	123457168	30	2	2	37	14	1	10	47	0	0	0	0	0	0	0	1	623	39	2	35	0	2	77	0	3	18	28	0	4	16	0	0	0	0	0	0	0	0	11	[1C 2A 3B 3C 2D 3D]	6	8
57	123457168	23	0	0	73	21	0	9	17	0	0	0	0	0	0	0	1	691	39	2	38	0	2	81	0	1	32	24	0	4	4	0	0	0	0	0	0	0	0	11	[2D 3D 1D 3A]	4	5
58	123457168	23	0	0	73	21	0	8	18	0	0	0	0	0	0	0	1	691	39	2	38	0	2	81	0	1	32	24	0	4	4	0	0	0	0	0	0	0	0	11	[2D 3D 1D 3A]	4	5
59	123457168	23	0	0	73	21	0	6	20	0	0	0	0	0	0	0	1	691	39	2	38	0	2	81	0	1	32	24	0	4	4	0	0	0	0	0	0	0	0	11	[2D 3D 1D 3A]	4	5
60	123457168	23	0	0	73	21	0	6	20	0	0	0	0	0	0	0	1	691	39	2	38	0	2	81	0	1	32	24	0	3	5	0	0	0	0	0	0	0	0	11	[2D 3D 1D 3A]	4	5
