day	seedRun	susceptible	exposed	infected	removed	susceptible-in-quarantine	exposed-in-quarantine	infected-in-quarantine	removed-in-quarantine	susceptible-in-quarantine-external-1	exposed-in-quarantine-external-1	infected-in-quarantine-external-1	removed-in-quarantine-external-1	susceptible-in-quarantine-external-2	exposed-in-quarantine-external-2	infected-in-quarantine-external-2	removed-in-quarantine-external-2	num-of-screened-agents	num-of-screened-agents-external-1	num-of-screened-agents-external-2	num-of-positive-agents	num-of-positive-agents-external-1	num-of-positive-agents-external-2	num-vaccinated	num-immunized	num-immunized-in-quarantine	num-immunized-in-quarantine-external-1	num-immunized-in-quarantine-external-2	num-infected-outside	classroom-in-quarantine	num-of-classroom-in-quarantine	classroom-with-at-least-one-infected
0	123456829	254	0	0	0	0	0	0	0	0	0	0	0	0	0	0	0	0	0	0	0	0	0	50	36	0	0	0	0	[]	0	0
1	123456829	251	3	0	0	0	0	0	0	0	0	0	0	0	0	0	0	60	1	0	0	0	0	50	36	0	0	0	3	[]	0	0
2	123456829	245	9	0	0	0	0	0	0	0	0	0	0	0	0	0	0	60	3	0	0	0	0	50	36	0	0	0	9	[]	0	0
3	123456829	211	39	4	0	0	0	0	0	0	0	0	0	0	0	0	0	60	5	0	0	0	0	50	36	0	0	0	11	[]	0	2
4	123456829	169	67	14	1	0	0	2	0	0	0	0	0	0	0	1	0	79	6	1	2	0	1	50	36	0	0	0	15	[]	0	5
5	123456829	144	71	11	2	0	10	12	1	0	0	0	0	0	0	3	0	117	9	3	13	0	3	50	36	0	0	0	18	[3D]	1	5
6	123456829	143	51	30	4	0	8	12	3	0	0	0	0	0	0	3	0	117	11	3	13	0	3	50	36	0	0	0	19	[3D]	1	7
7	123456829	140	39	44	5	0	4	16	3	0	0	0	0	0	0	3	0	117	11	3	13	0	3	50	36	0	0	0	22	[3D]	1	9
8	123456829	71	36	5	2	38	24	56	16	0	0	2	0	0	0	4	0	262	13	4	54	2	4	50	36	0	0	0	27	[3D 3B 3C 3A 1A 1D 2D]	7	10
9	123456829	34	59	18	3	38	18	54	24	0	0	1	1	0	0	3	1	262	14	4	54	2	4	50	36	0	0	0	28	[3D 3B 3C 3A 1A 1D 2D]	7	11
10	123456829	9	66	36	3	38	15	50	31	0	0	0	2	0	0	3	1	262	14	4	54	2	4	50	36	0	0	0	31	[3D 3B 3C 3A 1A 1D 2D]	7	12
11	123456829	1	12	14	7	45	47	77	41	0	0	0	2	0	0	7	1	338	14	8	85	2	8	50	36	0	0	0	31	[3D 3B 3C 3A 1A 1D 2D 2C 2B 1B 2A]	11	12
12	123456829	0	11	14	9	45	30	82	53	0	0	0	2	0	0	6	2	338	14	8	85	2	8	50	36	0	0	0	31	[3D 3B 3C 3A 1A 1D 2D 2C 2B 1B 2A]	11	12
13	123456829	0	8	15	11	45	21	82	62	0	0	0	2	0	0	6	2	338	14	8	85	2	8	50	36	0	0	0	31	[3D 3B 3C 3A 1A 1D 2D 2C 2B 1B 2A]	11	12
14	123456829	0	5	16	13	45	16	75	74	0	0	0	2	0	0	5	3	338	14	8	85	2	8	50	36	0	0	0	31	[3D 3B 3C 3A 1A 1D 2D 2C 2B 1B 2A]	11	12
15	123456829	0	2	4	28	45	13	76	76	0	0	1	2	0	0	4	3	362	15	8	96	3	8	50	36	0	0	0	31	[3B 3C 3A 1A 1D 2D 2C 2B 1B 2A 1C]	11	11
16	123456829	0	2	3	29	45	9	67	89	0	0	1	2	0	0	4	3	362	15	8	96	3	8	50	36	0	0	0	31	[3B 3C 3A 1A 1D 2D 2C 2B 1B 2A 1C]	11	11
17	123456829	0	1	4	29	45	6	63	96	0	0	1	2	0	0	3	4	362	15	8	96	3	8	50	36	0	0	0	31	[3B 3C 3A 1A 1D 2D 2C 2B 1B 2A 1C]	11	11
18	123456829	25	14	3	112	7	3	33	52	0	0	1	0	0	0	1	3	362	16	8	96	3	8	50	36	0	0	0	34	[2C 2B 1B 2A 1C]	5	5
19	123456829	22	15	4	113	7	1	32	55	0	0	1	0	0	0	1	3	362	16	8	96	3	8	50	36	0	0	0	34	[2C 2B 1B 2A 1C]	5	6
20	123456829	22	11	8	113	7	0	24	64	0	0	1	0	0	0	1	3	362	20	8	96	3	8	50	36	0	0	0	34	[2C 2B 1B 2A 1C]	5	7
21	123456829	27	6	12	189	0	0	6	13	0	0	0	1	0	0	0	0	362	23	8	96	3	8	50	36	0	0	0	36	[1C]	1	4
22	123456829	15	13	6	180	0	1	11	27	0	0	0	1	0	0	0	0	435	26	8	101	3	8	50	36	0	0	0	37	[1C 1D]	2	4
23	123456829	14	9	11	180	0	1	8	30	0	0	0	1	0	0	0	0	435	29	8	101	3	8	50	36	0	0	0	37	[1C 1D]	2	4
24	123456829	10	10	12	182	0	1	8	30	0	0	0	1	0	0	0	0	435	30	8	101	3	8	50	36	0	0	0	37	[1C 1D]	2	5
25	123456829	9	8	9	188	0	2	7	30	0	0	0	0	0	0	1	0	454	36	9	105	3	9	50	36	0	0	0	37	[1D 2D]	2	4
26	123456829	9	5	10	190	0	1	7	31	0	0	0	0	0	0	1	0	454	36	9	105	3	9	50	36	0	0	0	37	[1D 2D]	2	4
27	123456829	9	2	3	180	0	2	13	43	0	0	0	0	0	0	2	0	473	37	10	111	3	10	50	36	0	0	0	37	[1D 2D 1A]	3	4
28	123456829	8	3	3	180	0	1	13	44	0	0	0	0	0	0	2	0	473	38	10	111	3	10	50	36	0	0	0	38	[1D 2D 1A]	3	4
29	123456829	8	2	1	180	0	0	15	46	0	0	0	0	0	0	2	0	537	41	10	114	3	10	50	36	0	0	0	38	[1D 2D 1A]	3	4
30	123456829	8	1	1	181	0	0	11	50	0	0	0	0	0	0	2	0	537	43	10	114	3	10	50	36	0	0	0	38	[1D 2D 1A]	3	4
31	123456829	8	1	1	181	0	0	9	52	0	0	0	0	0	0	2	0	537	43	10	114	3	10	50	36	0	0	0	38	[1D 2D 1A]	3	4
32	123456829	8	1	1	201	0	0	5	36	0	0	0	0	0	0	2	0	537	45	10	114	3	10	50	36	0	0	0	38	[2D 1A]	2	3
33	123456829	8	0	1	201	0	0	4	37	0	0	0	0	0	0	3	0	556	47	11	114	3	11	50	36	0	0	0	38	[2D 1A]	2	4
34	123456829	8	0	0	201	0	0	5	37	0	0	0	0	0	0	3	0	573	49	11	115	3	11	50	36	0	0	0	38	[2D 1A]	2	4
35	123456829	8	0	0	221	0	0	4	19	0	0	0	0	0	0	2	0	573	54	11	115	3	11	50	36	0	0	0	38	[1A]	1	3
36	123456829	8	0	0	221	0	0	2	21	0	0	0	0	0	0	2	0	627	55	11	115	3	11	50	36	0	0	0	38	[1A]	1	2
37	123456829	8	0	0	241	0	0	0	4	0	0	0	0	0	0	0	1	627	57	11	115	3	11	50	36	0	0	0	38	[]	0	0
38	123456829	8	0	0	241	0	0	0	4	0	0	0	0	0	0	0	1	646	57	11	115	3	11	50	36	0	0	0	38	[]	0	0
39	123456829	8	0	0	244	0	0	0	1	0	0	0	0	0	0	0	1	646	57	11	115	3	11	50	36	0	0	0	38	[]	0	0
40	123456829	7	1	0	244	0	0	0	1	0	0	0	0	0	0	0	1	646	57	11	115	3	11	50	36	0	0	0	39	[]	0	0
41	123456829	7	1	0	244	0	0	0	1	0	0	0	0	0	0	0	1	646	62	11	115	3	11	50	36	0	0	0	39	[]	0	0
42	123456829	7	1	0	244	0	0	0	1	0	0	0	0	0	0	0	1	646	67	11	115	3	11	50	36	0	0	0	39	[]	0	0
43	123456829	7	1	0	245	0	0	0	1	0	0	0	0	0	0	0	0	706	69	11	115	3	11	50	36	0	0	0	39	[]	0	0
44	123456829	5	2	1	246	0	0	0	0	0	0	0	0	0	0	0	0	706	70	11	115	3	11	50	36	0	0	0	39	[]	0	1
45	123456829	4	3	1	246	0	0	0	0	0	0	0	0	0	0	0	0	706	72	11	115	3	11	50	36	0	0	0	39	[]	0	1
46	123456829	4	2	2	246	0	0	0	0	0	0	0	0	0	0	0	0	706	74	11	115	3	11	50	36	0	0	0	39	[]	0	1
47	123456829	2	4	2	246	0	0	0	0	0	0	0	0	0	0	0	0	706	75	11	115	3	11	50	36	0	0	0	39	[]	0	1
48	123456829	2	3	0	246	0	0	2	0	0	0	0	0	0	0	1	0	725	78	12	117	3	12	50	36	0	0	0	39	[]	0	1
49	123456829	2	2	1	246	0	0	2	0	0	0	0	0	0	0	1	0	725	82	12	117	3	12	50	36	0	0	0	39	[]	0	1
50	123456829	2	2	0	247	0	0	2	0	0	0	0	0	0	0	1	0	785	82	12	117	3	12	50	36	0	0	0	39	[]	0	1
51	123456829	2	1	1	247	0	0	2	0	0	0	0	0	0	0	1	0	785	82	12	117	3	12	50	36	0	0	0	39	[]	0	1
52	123456829	1	2	1	247	0	0	2	0	0	0	0	0	0	0	1	0	785	86	12	117	3	12	50	36	0	0	0	39	[]	0	1
53	123456829	1	1	1	247	0	0	1	2	0	0	0	0	0	0	0	1	802	88	12	118	3	12	50	36	0	0	0	39	[]	0	1
54	123456829	1	0	2	247	0	0	0	3	0	0	0	0	0	0	0	1	802	90	12	118	3	12	50	36	0	0	0	39	[]	0	1
55	123456829	1	0	2	247	0	0	0	3	0	0	0	0	0	0	0	1	802	91	12	118	3	12	50	36	0	0	0	39	[]	0	1
56	123456829	1	0	2	247	0	0	0	3	0	0	0	0	0	0	0	1	802	92	12	118	3	12	50	36	0	0	0	39	[]	0	1
57	123456829	1	0	1	248	0	0	0	3	0	0	0	0	0	0	0	1	862	94	12	118	3	12	50	36	0	0	0	39	[]	0	1
58	123456829	1	0	1	251	0	0	0	1	0	0	0	0	0	0	0	0	862	95	12	118	3	12	50	36	0	0	0	39	[]	0	1
59	123456829	1	0	1	251	0	0	0	1	0	0	0	0	0	0	0	0	862	98	12	118	3	12	50	36	0	0	0	39	[]	0	1
60	123456829	1	0	1	251	0	0	0	1	0	0	0	0	0	0	0	0	862	98	12	118	3	12	50	36	0	0	0	39	[]	0	1
