day	seedRun	susceptible	exposed	infected	removed	susceptible-in-quarantine	exposed-in-quarantine	infected-in-quarantine	removed-in-quarantine	susceptible-in-quarantine-external-1	exposed-in-quarantine-external-1	infected-in-quarantine-external-1	removed-in-quarantine-external-1	susceptible-in-quarantine-external-2	exposed-in-quarantine-external-2	infected-in-quarantine-external-2	removed-in-quarantine-external-2	num-of-screened-agents	num-of-screened-agents-external-1	num-of-screened-agents-external-2	num-of-positive-agents	num-of-positive-agents-external-1	num-of-positive-agents-external-2	num-vaccinated-susceptible	num-vaccinated-exposed	num-vaccinated-infected	num-vaccinated-removed	num-vaccinated-susceptible-in-quarantine	num-vaccinated-exposed-in-quarantine	num-vaccinated-infected-in-quarantine	num-vaccinated-removed-in-quarantine	num-vaccinated-susceptible-in-quarantine-external-1	num-vaccinated-exposed-in-quarantine-external-1	num-vaccinated-infected-in-quarantine-external-1	num-vaccinated-removed-in-quarantine-external-1	num-vaccinated-susceptible-in-quarantine-external-2	num-vaccinated-exposed-in-quarantine-external-2	num-vaccinated-infected-in-quarantine-external-2	num-vaccinated-removed-in-quarantine-external-2	num-infected-outside	classroom-in-quarantine	num-of-classroom-in-quarantine	classroom-with-at-least-one-infected
0	123457128	216	0	0	0	0	0	0	0	0	0	0	0	0	0	0	0	0	0	0	0	0	0	74	0	0	0	0	0	0	0	0	0	0	0	0	0	0	0	0	[]	0	0
1	123457128	215	1	0	0	0	0	0	0	0	0	0	0	0	0	0	0	0	3	0	0	0	0	73	1	0	0	0	0	0	0	0	0	0	0	0	0	0	0	2	[]	0	0
2	123457128	214	2	0	0	0	0	0	0	0	0	0	0	0	0	0	0	0	5	0	0	0	0	73	0	1	0	0	0	0	0	0	0	0	0	0	0	0	0	3	[]	0	0
3	123457128	213	3	0	0	0	0	0	0	0	0	0	0	0	0	0	0	0	5	0	0	0	0	73	0	1	0	0	0	0	0	0	0	0	0	0	0	0	0	3	[]	0	0
4	123457128	210	4	2	0	0	0	0	0	0	0	0	0	0	0	0	0	0	5	0	0	0	0	73	0	1	0	0	0	0	0	0	0	0	0	0	0	0	0	3	[]	0	2
5	123457128	204	9	2	1	0	0	0	0	0	0	0	0	0	0	0	0	0	5	0	0	0	0	72	1	1	0	0	0	0	0	0	0	0	0	0	0	0	0	4	[]	0	2
6	123457128	204	6	4	2	0	0	0	0	0	0	0	0	0	0	0	0	0	5	0	0	0	0	71	2	1	0	0	0	0	0	0	0	0	0	0	0	0	0	5	[]	0	3
7	123457128	204	5	5	2	0	0	0	0	0	0	0	0	0	0	0	0	0	6	0	0	0	0	71	1	1	1	0	0	0	0	0	0	0	0	0	0	0	0	5	[]	0	3
8	123457128	197	11	5	3	0	0	0	0	0	0	0	0	0	0	0	0	0	6	0	0	0	0	71	0	2	1	0	0	0	0	0	0	0	0	0	0	0	0	5	[]	0	3
9	123457128	188	16	9	3	0	0	0	0	0	0	0	0	0	0	0	0	0	7	0	0	0	0	69	2	2	1	0	0	0	0	0	0	0	0	0	0	0	0	6	[]	0	4
10	123457128	173	27	13	3	0	0	0	0	0	0	0	0	0	0	0	0	0	7	0	0	0	0	69	1	3	1	0	0	0	0	0	0	0	0	0	0	0	0	7	[]	0	4
11	123457128	159	34	20	3	0	0	0	0	0	0	0	0	0	0	0	0	0	7	0	0	0	0	64	6	3	1	0	0	0	0	0	0	0	0	0	0	0	0	8	[]	0	6
12	123457128	139	42	30	5	0	0	0	0	0	0	0	0	0	0	0	0	0	7	0	0	0	0	63	3	7	1	0	0	0	0	0	0	0	0	0	0	0	0	8	[]	0	7
13	123457128	139	26	44	7	0	0	0	0	0	0	0	0	0	0	0	0	0	7	0	0	0	0	63	2	7	2	0	0	0	0	0	0	0	0	0	0	0	0	8	[]	0	9
14	123457128	138	19	42	17	0	0	0	0	0	0	0	0	0	0	0	0	0	7	0	0	0	0	63	1	7	3	0	0	0	0	0	0	0	0	0	0	0	0	9	[]	0	8
15	123457128	114	37	32	15	0	1	7	9	0	0	0	0	0	0	1	0	19	9	1	7	0	1	58	4	6	4	2	0	0	0	0	0	0	0	0	0	0	0	9	[3C]	1	10
16	123457128	97	42	22	19	0	8	12	14	0	0	0	0	0	0	2	0	38	10	2	14	0	2	58	1	5	6	2	2	0	0	0	0	0	0	0	0	0	0	10	[3C 3B]	2	10
17	123457128	73	58	27	22	0	7	12	15	0	0	0	0	0	0	2	0	38	11	2	14	0	2	49	9	5	7	2	1	1	0	0	0	0	0	0	0	0	0	11	[3C 3B]	2	10
18	123457128	49	63	39	29	0	5	12	17	0	0	0	0	0	0	2	0	38	13	2	14	0	2	46	11	6	7	2	1	1	0	0	0	0	0	0	0	0	0	11	[3C 3B]	2	11
19	123457128	34	51	46	31	4	13	15	19	0	0	1	0	0	0	2	0	57	14	2	18	1	2	38	16	6	8	3	1	2	0	0	0	0	0	0	0	0	0	11	[3C 3B 1D]	3	11
20	123457128	31	32	48	33	7	13	27	21	0	0	2	0	0	0	2	0	76	16	2	25	2	2	38	11	8	9	3	2	2	1	0	0	0	0	0	0	0	0	11	[3C 3B 1D 2A]	4	11
21	123457128	31	22	51	40	7	10	24	27	0	0	2	0	0	0	2	0	76	16	2	25	2	2	38	7	11	10	3	2	2	1	0	0	0	0	0	0	0	0	11	[3C 3B 1D 2A]	4	12
22	123457128	23	20	53	48	7	4	26	31	0	0	1	1	0	0	2	0	76	18	2	25	2	2	36	8	11	11	3	2	0	3	0	0	0	0	0	0	0	0	11	[3C 3B 1D 2A]	4	12
23	123457128	19	20	44	61	7	3	26	32	0	0	1	1	0	0	1	1	76	19	2	25	2	2	34	6	12	14	3	2	0	3	0	0	0	0	0	0	0	0	11	[3C 3B 1D 2A]	4	11
24	123457128	13	13	35	65	8	7	31	39	0	0	2	1	0	0	1	1	95	21	2	37	3	2	31	7	11	15	4	1	2	3	0	0	0	0	0	0	0	0	11	[3C 3B 1D 2A 1B]	5	12
25	123457128	8	11	27	62	9	7	35	51	0	0	2	1	0	0	2	1	114	22	3	43	3	3	31	6	9	16	4	0	4	4	0	0	0	0	0	0	0	0	11	[3C 3B 1D 2A 1B 1A]	6	12
26	123457128	5	10	22	53	9	7	38	65	0	0	2	2	0	0	2	1	133	23	3	47	4	3	29	5	9	17	6	0	4	4	0	0	0	0	0	0	0	0	11	[3C 3B 1D 2A 1B 1A 2D]	7	12
27	123457128	5	9	19	57	9	5	34	71	0	0	2	2	0	0	2	1	133	24	3	47	4	3	29	5	8	18	6	0	3	5	0	0	0	0	0	0	0	0	11	[3C 3B 1D 2A 1B 1A 2D]	7	12
28	123457128	5	4	18	45	9	4	34	89	0	0	2	2	0	0	3	1	152	24	4	53	4	4	29	2	9	18	6	1	4	5	0	0	0	0	0	0	0	0	11	[3C 3B 1D 2A 1B 1A 2D 3A]	8	12
29	123457128	2	6	17	65	9	2	30	78	0	0	2	2	0	0	2	1	152	24	4	53	4	4	30	3	8	19	4	1	3	6	0	0	0	0	0	0	0	0	11	[3B 1D 2A 1B 1A 2D 3A]	7	11
30	123457128	0	1	9	80	11	6	30	72	0	0	2	2	0	0	3	0	171	24	5	60	4	5	30	0	8	22	4	2	4	4	0	0	0	0	0	0	0	0	11	[1D 2A 1B 1A 2D 3A 2B]	7	10
31	123457128	0	0	10	80	11	4	27	77	0	0	1	3	0	0	2	1	171	24	5	60	4	5	30	0	6	24	4	0	6	4	0	0	0	0	0	0	0	0	11	[1D 2A 1B 1A 2D 3A 2B]	7	10
32	123457128	0	0	9	81	11	3	23	82	0	0	1	3	0	0	2	1	171	24	5	60	4	5	29	1	4	26	4	0	5	5	0	0	0	0	0	0	0	0	11	[1D 2A 1B 1A 2D 3A 2B]	7	10
33	123457128	4	0	9	95	7	1	18	76	0	0	1	2	0	0	2	1	171	25	5	60	4	5	30	1	4	27	3	0	4	5	0	0	0	0	0	0	0	0	11	[2A 1B 1A 2D 3A 2B]	6	8
34	123457128	7	0	8	111	4	0	14	67	0	0	1	1	0	0	1	2	171	25	5	60	4	5	30	1	4	29	3	0	2	5	0	0	0	0	0	0	0	0	11	[1B 1A 2D 3A 2B]	5	7
35	123457128	7	0	8	111	4	0	12	69	0	0	1	1	0	0	1	2	171	25	5	60	4	5	30	1	4	29	3	0	2	5	0	0	0	0	0	0	0	0	11	[1B 1A 2D 3A 2B]	5	7
36	123457128	7	0	7	112	4	0	10	71	0	0	1	1	0	0	1	2	171	25	5	60	4	5	30	1	4	29	3	0	2	5	0	0	0	0	0	0	0	0	11	[1B 1A 2D 3A 2B]	5	7
37	123457128	7	0	4	97	4	0	10	88	0	0	1	1	0	0	2	2	190	25	6	62	4	6	30	0	5	27	3	0	2	7	0	0	0	0	0	0	0	0	11	[1B 1A 2D 3A 2B 3D]	6	7
38	123457128	8	0	2	116	3	0	6	76	0	0	0	1	0	0	1	3	190	25	6	62	4	6	31	0	5	28	2	0	0	8	0	0	0	0	0	0	0	0	11	[1A 2D 3A 2B 3D]	5	5
39	123457128	9	0	2	133	2	0	2	64	0	0	0	1	0	0	1	2	190	25	6	62	4	6	30	1	4	31	2	0	0	6	0	0	0	0	0	0	0	0	12	[2D 3A 2B 3D]	4	4
40	123457128	9	0	2	151	2	0	2	47	0	0	0	0	0	0	0	3	190	25	6	62	4	6	32	1	4	31	0	0	0	6	0	0	0	0	0	0	0	0	12	[3A 2B 3D]	3	3
41	123457128	9	0	2	151	2	0	2	47	0	0	0	0	0	0	0	3	190	26	6	62	4	6	32	1	4	31	0	0	0	6	0	0	0	0	0	0	0	0	12	[3A 2B 3D]	3	3
42	123457128	9	0	1	170	2	0	1	31	0	0	0	0	0	0	0	2	190	27	6	62	4	6	32	0	5	33	0	0	0	4	0	0	0	0	0	0	0	0	12	[2B 3D]	2	2
43	123457128	9	0	1	170	2	0	1	31	0	0	0	0	0	0	0	2	190	27	6	62	4	6	32	0	5	33	0	0	0	4	0	0	0	0	0	0	0	0	12	[2B 3D]	2	2
44	123457128	11	0	1	186	0	0	0	17	0	0	0	0	0	0	0	1	190	29	6	62	4	6	32	0	4	36	0	0	0	2	0	0	0	0	0	0	0	0	12	[3D]	1	1
45	123457128	11	0	1	186	0	0	0	17	0	0	0	0	0	0	0	1	190	29	6	62	4	6	32	0	4	36	0	0	0	2	0	0	0	0	0	0	0	0	12	[3D]	1	1
46	123457128	11	0	0	187	0	0	0	17	0	0	0	0	0	0	0	1	190	30	6	62	4	6	32	0	3	37	0	0	0	2	0	0	0	0	0	0	0	0	12	[3D]	1	0
47	123457128	11	0	0	187	0	0	0	17	0	0	0	0	0	0	0	1	190	32	6	62	4	6	32	0	2	38	0	0	0	2	0	0	0	0	0	0	0	0	12	[3D]	1	0
48	123457128	11	0	0	187	0	0	0	17	0	0	0	0	0	0	0	1	190	33	6	62	4	6	31	1	2	38	0	0	0	2	0	0	0	0	0	0	0	0	13	[3D]	1	0
49	123457128	11	0	0	187	0	0	0	17	0	0	0	0	0	0	0	1	190	34	6	62	4	6	31	0	2	39	0	0	0	2	0	0	0	0	0	0	0	0	13	[3D]	1	0
50	123457128	11	0	0	187	0	0	0	17	0	0	0	0	0	0	0	1	190	35	6	62	4	6	30	1	1	40	0	0	0	2	0	0	0	0	0	0	0	0	13	[3D]	1	0
51	123457128	11	0	0	205	0	0	0	0	0	0	0	0	0	0	0	0	190	36	6	62	4	6	30	1	1	42	0	0	0	0	0	0	0	0	0	0	0	0	13	[]	0	0
52	123457128	11	0	0	205	0	0	0	0	0	0	0	0	0	0	0	0	190	36	6	62	4	6	30	0	2	42	0	0	0	0	0	0	0	0	0	0	0	0	13	[]	0	0
53	123457128	11	0	0	205	0	0	0	0	0	0	0	0	0	0	0	0	190	37	6	62	4	6	30	0	1	43	0	0	0	0	0	0	0	0	0	0	0	0	13	[]	0	0
54	123457128	11	0	0	205	0	0	0	0	0	0	0	0	0	0	0	0	190	37	6	62	4	6	30	0	1	43	0	0	0	0	0	0	0	0	0	0	0	0	13	[]	0	0
55	123457128	11	0	0	205	0	0	0	0	0	0	0	0	0	0	0	0	190	38	6	62	4	6	30	0	1	43	0	0	0	0	0	0	0	0	0	0	0	0	13	[]	0	0
56	123457128	11	0	0	205	0	0	0	0	0	0	0	0	0	0	0	0	190	39	6	62	4	6	30	0	1	43	0	0	0	0	0	0	0	0	0	0	0	0	13	[]	0	0
57	123457128	11	0	0	205	0	0	0	0	0	0	0	0	0	0	0	0	190	39	6	62	4	6	30	0	1	43	0	0	0	0	0	0	0	0	0	0	0	0	13	[]	0	0
58	123457128	11	0	0	205	0	0	0	0	0	0	0	0	0	0	0	0	190	39	6	62	4	6	30	0	0	44	0	0	0	0	0	0	0	0	0	0	0	0	13	[]	0	0
59	123457128	11	0	0	205	0	0	0	0	0	0	0	0	0	0	0	0	190	39	6	62	4	6	30	0	0	44	0	0	0	0	0	0	0	0	0	0	0	0	13	[]	0	0
60	123457128	11	0	0	205	0	0	0	0	0	0	0	0	0	0	0	0	190	39	6	62	4	6	30	0	0	44	0	0	0	0	0	0	0	0	0	0	0	0	13	[]	0	0
