day	seedRun	susceptible	exposed	infected	removed	susceptible-in-quarantine	exposed-in-quarantine	infected-in-quarantine	removed-in-quarantine	susceptible-in-quarantine-external-1	exposed-in-quarantine-external-1	infected-in-quarantine-external-1	removed-in-quarantine-external-1	susceptible-in-quarantine-external-2	exposed-in-quarantine-external-2	infected-in-quarantine-external-2	removed-in-quarantine-external-2	num-of-screened-agents	num-of-screened-agents-external-1	num-of-screened-agents-external-2	num-of-positive-agents	num-of-positive-agents-external-1	num-of-positive-agents-external-2	num-vaccinated-susceptible	num-vaccinated-exposed	num-vaccinated-infected	num-vaccinated-removed	num-vaccinated-susceptible-in-quarantine	num-vaccinated-exposed-in-quarantine	num-vaccinated-infected-in-quarantine	num-vaccinated-removed-in-quarantine	num-vaccinated-susceptible-in-quarantine-external-1	num-vaccinated-exposed-in-quarantine-external-1	num-vaccinated-infected-in-quarantine-external-1	num-vaccinated-removed-in-quarantine-external-1	num-vaccinated-susceptible-in-quarantine-external-2	num-vaccinated-exposed-in-quarantine-external-2	num-vaccinated-infected-in-quarantine-external-2	num-vaccinated-removed-in-quarantine-external-2	num-infected-outside	classroom-in-quarantine	num-of-classroom-in-quarantine	classroom-with-at-least-one-infected
0	123457055	216	0	0	0	0	0	0	0	0	0	0	0	0	0	0	0	0	0	0	0	0	0	74	0	0	0	0	0	0	0	0	0	0	0	0	0	0	0	0	[]	0	0
1	123457055	216	0	0	0	0	0	0	0	0	0	0	0	0	0	0	0	0	0	0	0	0	0	74	0	0	0	0	0	0	0	0	0	0	0	0	0	0	0	0	[]	0	0
2	123457055	216	0	0	0	0	0	0	0	0	0	0	0	0	0	0	0	0	0	0	0	0	0	74	0	0	0	0	0	0	0	0	0	0	0	0	0	0	0	0	[]	0	0
3	123457055	216	0	0	0	0	0	0	0	0	0	0	0	0	0	0	0	0	0	0	0	0	0	74	0	0	0	0	0	0	0	0	0	0	0	0	0	0	0	0	[]	0	0
4	123457055	216	0	0	0	0	0	0	0	0	0	0	0	0	0	0	0	0	1	0	0	0	0	74	0	0	0	0	0	0	0	0	0	0	0	0	0	0	0	0	[]	0	0
5	123457055	216	0	0	0	0	0	0	0	0	0	0	0	0	0	0	0	0	1	0	0	0	0	74	0	0	0	0	0	0	0	0	0	0	0	0	0	0	0	0	[]	0	0
6	123457055	216	0	0	0	0	0	0	0	0	0	0	0	0	0	0	0	0	2	0	0	0	0	74	0	0	0	0	0	0	0	0	0	0	0	0	0	0	0	0	[]	0	0
7	123457055	216	0	0	0	0	0	0	0	0	0	0	0	0	0	0	0	0	3	0	0	0	0	74	0	0	0	0	0	0	0	0	0	0	0	0	0	0	0	0	[]	0	0
8	123457055	216	0	0	0	0	0	0	0	0	0	0	0	0	0	0	0	0	3	0	0	0	0	74	0	0	0	0	0	0	0	0	0	0	0	0	0	0	0	0	[]	0	0
9	123457055	215	1	0	0	0	0	0	0	0	0	0	0	0	0	0	0	0	3	0	0	0	0	74	0	0	0	0	0	0	0	0	0	0	0	0	0	0	0	1	[]	0	0
10	123457055	213	2	1	0	0	0	0	0	0	0	0	0	0	0	0	0	0	5	0	0	0	0	73	1	0	0	0	0	0	0	0	0	0	0	0	0	0	0	1	[]	0	1
11	123457055	210	3	3	0	0	0	0	0	0	0	0	0	0	0	0	0	0	5	0	0	0	0	73	0	1	0	0	0	0	0	0	0	0	0	0	0	0	0	1	[]	0	1
12	123457055	208	4	2	2	0	0	0	0	0	0	0	0	0	0	0	0	0	6	0	0	0	0	71	2	1	0	0	0	0	0	0	0	0	0	0	0	0	0	1	[]	0	1
13	123457055	208	1	5	2	0	0	0	0	0	0	0	0	0	0	0	0	0	8	0	0	0	0	71	1	2	0	0	0	0	0	0	0	0	0	0	0	0	0	1	[]	0	1
14	123457055	207	2	4	3	0	0	0	0	0	0	0	0	0	0	0	0	0	8	0	0	0	0	71	1	2	0	0	0	0	0	0	0	0	0	0	0	0	0	2	[]	0	1
15	123457055	201	7	3	5	0	0	0	0	0	0	0	0	0	0	0	0	0	9	0	0	0	0	71	1	2	0	0	0	0	0	0	0	0	0	0	0	0	0	2	[]	0	2
16	123457055	189	16	6	5	0	0	0	0	0	0	0	0	0	0	0	0	0	10	0	0	0	0	69	2	3	0	0	0	0	0	0	0	0	0	0	0	0	0	3	[]	0	3
17	123457055	174	10	9	5	13	3	1	0	0	0	1	0	0	0	0	0	19	11	0	1	1	0	66	3	3	0	2	0	0	0	0	0	0	0	0	0	0	0	3	[1B]	1	3
18	123457055	169	11	12	6	13	3	1	0	0	0	1	0	0	0	0	0	19	11	0	1	1	0	63	5	4	0	2	0	0	0	0	0	0	0	0	0	0	0	4	[1B]	1	3
19	123457055	163	15	14	6	13	2	2	0	0	0	1	0	0	0	0	0	19	13	0	1	1	0	61	5	6	0	2	0	0	0	0	0	0	0	0	0	0	0	4	[1B]	1	3
20	123457055	163	12	15	8	13	2	1	1	0	0	1	0	0	0	0	0	19	13	0	1	1	0	61	3	6	2	2	0	0	0	0	0	0	0	0	0	0	0	4	[1B]	1	4
21	123457055	163	6	19	10	13	2	1	1	0	0	1	0	0	0	0	0	19	13	0	1	1	0	61	3	5	3	2	0	0	0	0	0	0	0	0	0	0	0	4	[1B]	1	4
22	123457055	156	10	18	14	13	0	3	1	0	0	1	0	0	0	0	0	19	13	0	1	1	0	61	2	4	5	2	0	0	0	0	0	0	0	0	0	0	0	4	[1B]	1	5
23	123457055	149	14	18	17	13	0	2	2	0	0	1	0	0	0	0	0	19	14	0	1	1	0	59	2	4	7	2	0	0	0	0	0	0	0	0	0	0	0	5	[1B]	1	5
24	123457055	138	17	12	13	14	3	12	6	0	0	0	1	0	0	0	0	38	17	1	11	1	1	58	2	3	7	2	0	0	1	0	0	0	0	0	0	1	0	6	[1B 1D]	2	6
25	123457055	131	19	15	15	14	3	10	8	0	0	0	1	0	0	0	0	38	17	1	11	1	1	55	5	3	7	2	0	0	1	0	0	0	0	0	0	1	0	6	[1B 1D]	2	7
26	123457055	120	27	17	16	14	3	9	9	0	0	0	1	0	0	0	0	38	17	1	11	1	1	54	4	4	8	2	0	0	1	0	0	0	0	0	0	1	0	6	[1B 1D]	2	8
27	123457055	120	17	25	18	14	2	7	12	0	0	0	1	0	0	0	0	38	17	1	11	1	1	54	3	5	8	2	0	0	1	0	0	0	0	0	0	1	0	6	[1B 1D]	2	8
28	123457055	120	12	28	20	14	2	5	14	0	0	0	1	0	0	0	0	38	18	1	11	1	1	54	3	5	8	2	0	0	1	0	0	0	0	0	0	1	0	6	[1B 1D]	2	9
29	123457055	100	30	26	24	14	1	6	14	0	0	0	1	0	0	0	0	38	18	1	11	1	1	50	7	5	8	2	0	0	1	0	0	0	0	0	0	1	0	7	[1B 1D]	2	9
30	123457055	93	31	30	26	14	1	6	14	0	0	0	1	0	0	0	0	38	18	1	11	1	1	48	7	6	9	2	0	0	1	0	0	0	0	0	0	1	0	7	[1B 1D]	2	10
31	123457055	91	38	33	36	1	0	4	13	0	0	0	0	0	0	0	0	38	18	1	11	1	1	45	11	6	10	0	0	0	1	0	0	0	0	0	0	1	0	8	[1D]	1	9
32	123457055	74	46	39	39	1	0	4	13	0	0	0	0	0	0	0	0	38	19	1	11	1	1	42	13	7	10	0	0	0	1	0	0	0	0	0	0	1	0	8	[1D]	1	9
33	123457055	66	44	45	43	1	0	4	13	0	0	0	0	0	0	0	0	38	19	1	11	1	1	39	11	12	10	0	0	0	1	0	0	0	0	0	0	0	1	8	[1D]	1	10
34	123457055	64	17	41	40	3	6	20	24	0	0	1	0	0	0	0	0	76	21	1	29	3	1	37	8	13	10	2	0	1	1	0	0	1	0	0	0	0	1	8	[1D 2A 2D]	3	11
35	123457055	64	10	41	47	3	5	17	28	0	0	1	0	0	0	0	0	76	21	1	29	3	1	37	7	13	11	2	0	1	1	0	0	1	0	0	0	0	1	8	[1D 2A 2D]	3	12
36	123457055	51	18	35	58	3	2	19	29	0	0	1	0	0	0	0	0	76	21	1	29	3	1	33	8	15	12	2	0	1	1	0	0	1	0	0	0	0	1	8	[1D 2A 2D]	3	11
37	123457055	37	26	38	61	3	2	16	32	0	0	1	0	0	0	0	0	76	23	1	29	3	1	29	10	16	13	2	0	1	1	0	0	1	0	0	0	0	1	8	[1D 2A 2D]	3	11
38	123457055	29	29	38	84	2	2	14	17	0	0	0	1	0	0	0	0	76	23	1	29	3	1	27	9	18	16	2	0	1	0	0	0	1	0	0	0	0	0	8	[2A 2D]	2	11
39	123457055	25	20	21	78	2	10	29	28	0	0	1	1	0	0	1	0	114	24	2	48	4	2	25	9	14	18	2	0	4	1	0	0	1	0	0	0	0	0	8	[2A 2D 1A 2C]	4	11
40	123457055	17	21	25	81	2	9	26	32	0	0	1	1	0	0	1	0	114	24	2	48	4	2	23	8	15	20	2	0	3	2	0	0	1	0	0	0	0	0	8	[2A 2D 1A 2C]	4	10
41	123457055	17	19	26	82	2	7	24	36	0	0	0	2	0	0	1	0	114	24	2	48	4	2	23	6	15	22	2	0	3	2	0	0	1	0	0	0	0	0	8	[2A 2D 1A 2C]	4	11
42	123457055	17	14	29	84	2	2	28	37	0	0	0	2	0	0	1	0	114	25	2	48	4	2	23	4	13	26	2	0	3	2	0	0	1	0	0	0	0	0	8	[2A 2D 1A 2C]	4	11
43	123457055	11	15	31	87	2	2	27	38	0	0	0	2	0	0	1	0	114	25	2	48	4	2	21	5	11	29	2	0	3	2	0	0	1	0	0	0	0	0	8	[2A 2D 1A 2C]	4	11
44	123457055	7	15	31	91	2	1	26	40	0	0	0	2	0	0	1	0	114	26	2	48	4	2	20	4	13	29	2	0	3	2	0	0	1	0	0	0	0	0	8	[2A 2D 1A 2C]	4	11
45	123457055	2	13	24	87	3	6	26	51	0	0	0	2	0	0	2	0	133	28	3	52	4	3	16	5	13	30	3	0	3	3	0	0	1	0	0	0	0	0	8	[2A 2D 1A 2C 2B]	5	11
46	123457055	2	10	25	89	3	6	23	54	0	0	0	2	0	0	2	0	133	28	3	52	4	3	15	4	15	30	3	0	2	4	0	0	1	0	0	0	0	0	8	[2A 2D 1A 2C 2B]	5	11
47	123457055	1	8	23	76	3	4	24	72	0	0	1	2	0	0	2	0	152	29	3	55	5	3	14	4	13	31	3	0	3	5	0	0	1	0	0	0	0	0	8	[2A 2D 1A 2C 2B 1B]	6	11
48	123457055	3	8	19	114	1	3	15	49	0	0	1	1	0	0	1	1	152	29	3	55	5	3	16	4	12	34	1	0	3	4	0	0	0	0	0	0	0	0	8	[1A 2C 2B 1B]	4	8
49	123457055	3	5	20	116	1	3	14	50	0	0	1	1	0	0	1	1	152	29	3	55	5	3	16	3	12	35	1	0	3	4	0	0	0	0	0	0	0	0	8	[1A 2C 2B 1B]	4	8
50	123457055	3	5	17	119	1	2	14	51	0	0	1	1	0	0	1	1	152	29	3	55	5	3	15	3	12	36	1	0	3	4	0	0	0	0	0	0	0	0	8	[1A 2C 2B 1B]	4	8
51	123457055	3	4	16	121	1	2	13	52	0	0	1	1	0	0	0	2	152	29	3	55	5	3	15	2	13	36	1	0	3	4	0	0	0	0	0	0	0	0	8	[1A 2C 2B 1B]	4	8
52	123457055	3	2	17	122	1	1	14	52	0	0	1	1	0	0	0	2	152	29	3	55	5	3	14	3	12	37	1	0	1	6	0	0	0	0	0	0	0	0	9	[1A 2C 2B 1B]	4	8
53	123457055	3	1	14	162	1	0	7	26	0	0	1	0	0	0	0	1	152	29	3	55	5	3	14	3	12	41	1	0	0	3	0	0	0	0	0	0	0	0	9	[2B 1B]	2	5
54	123457055	3	1	14	162	1	0	7	26	0	0	1	0	0	0	0	1	152	30	3	55	5	3	14	1	13	42	1	0	0	3	0	0	0	0	0	0	0	0	9	[2B 1B]	2	5
55	123457055	3	1	13	163	1	0	4	29	0	0	1	0	0	0	0	1	152	30	3	55	5	3	14	0	12	44	1	0	0	3	0	0	0	0	0	0	0	0	9	[2B 1B]	2	5
56	123457055	3	1	11	165	1	0	3	30	0	0	1	0	0	0	0	1	152	30	3	55	5	3	14	0	12	44	1	0	0	3	0	0	0	0	0	0	0	0	9	[2B 1B]	2	5
57	123457055	3	1	11	165	1	0	2	31	0	0	1	0	0	0	0	1	152	30	3	55	5	3	14	0	9	47	1	0	0	3	0	0	0	0	0	0	0	0	9	[2B 1B]	2	5
58	123457055	3	1	9	167	1	0	2	31	0	0	1	0	0	0	0	1	152	30	3	55	5	3	14	0	8	48	1	0	0	3	0	0	0	0	0	0	0	0	9	[2B 1B]	2	5
59	123457055	4	0	10	184	0	0	0	17	0	0	1	0	0	0	0	0	152	30	3	55	5	3	15	0	7	50	0	0	0	2	0	0	0	0	0	0	0	0	9	[1B]	1	4
60	123457055	4	0	8	186	0	0	0	17	0	0	1	0	0	0	0	0	152	32	3	55	5	3	15	0	7	50	0	0	0	2	0	0	0	0	0	0	0	0	9	[1B]	1	4
