day	seedRun	susceptible	exposed	infected	removed	susceptible-in-quarantine	exposed-in-quarantine	infected-in-quarantine	removed-in-quarantine	susceptible-in-quarantine-external-1	exposed-in-quarantine-external-1	infected-in-quarantine-external-1	removed-in-quarantine-external-1	susceptible-in-quarantine-external-2	exposed-in-quarantine-external-2	infected-in-quarantine-external-2	removed-in-quarantine-external-2	num-of-screened-agents	num-of-screened-agents-external-1	num-of-screened-agents-external-2	num-of-positive-agents	num-of-positive-agents-external-1	num-of-positive-agents-external-2	num-vaccinated-susceptible	num-vaccinated-exposed	num-vaccinated-infected	num-vaccinated-removed	num-vaccinated-susceptible-in-quarantine	num-vaccinated-exposed-in-quarantine	num-vaccinated-infected-in-quarantine	num-vaccinated-removed-in-quarantine	num-vaccinated-susceptible-in-quarantine-external-1	num-vaccinated-exposed-in-quarantine-external-1	num-vaccinated-infected-in-quarantine-external-1	num-vaccinated-removed-in-quarantine-external-1	num-vaccinated-susceptible-in-quarantine-external-2	num-vaccinated-exposed-in-quarantine-external-2	num-vaccinated-infected-in-quarantine-external-2	num-vaccinated-removed-in-quarantine-external-2	num-infected-outside	classroom-in-quarantine	num-of-classroom-in-quarantine	classroom-with-at-least-one-infected
0	123456899	216	0	0	0	0	0	0	0	0	0	0	0	0	0	0	0	0	0	0	0	0	0	74	0	0	0	0	0	0	0	0	0	0	0	0	0	0	0	0	[]	0	0
1	123456899	216	0	0	0	0	0	0	0	0	0	0	0	0	0	0	0	0	1	0	0	0	0	74	0	0	0	0	0	0	0	0	0	0	0	0	0	0	0	0	[]	0	0
2	123456899	216	0	0	0	0	0	0	0	0	0	0	0	0	0	0	0	0	1	0	0	0	0	74	0	0	0	0	0	0	0	0	0	0	0	0	0	0	0	0	[]	0	0
3	123456899	216	0	0	0	0	0	0	0	0	0	0	0	0	0	0	0	0	1	0	0	0	0	74	0	0	0	0	0	0	0	0	0	0	0	0	0	0	0	0	[]	0	0
4	123456899	216	0	0	0	0	0	0	0	0	0	0	0	0	0	0	0	0	1	0	0	0	0	74	0	0	0	0	0	0	0	0	0	0	0	0	0	0	0	0	[]	0	0
5	123456899	216	0	0	0	0	0	0	0	0	0	0	0	0	0	0	0	0	1	0	0	0	0	74	0	0	0	0	0	0	0	0	0	0	0	0	0	0	0	0	[]	0	0
6	123456899	216	0	0	0	0	0	0	0	0	0	0	0	0	0	0	0	0	2	0	0	0	0	74	0	0	0	0	0	0	0	0	0	0	0	0	0	0	0	0	[]	0	0
7	123456899	215	1	0	0	0	0	0	0	0	0	0	0	0	0	0	0	0	4	0	0	0	0	73	1	0	0	0	0	0	0	0	0	0	0	0	0	0	0	2	[]	0	0
8	123456899	215	1	0	0	0	0	0	0	0	0	0	0	0	0	0	0	0	5	0	0	0	0	73	1	0	0	0	0	0	0	0	0	0	0	0	0	0	0	2	[]	0	0
9	123456899	213	3	0	0	0	0	0	0	0	0	0	0	0	0	0	0	0	8	0	0	0	0	73	0	1	0	0	0	0	0	0	0	0	0	0	0	0	0	2	[]	0	1
10	123456899	211	4	1	0	0	0	0	0	0	0	0	0	0	0	0	0	0	8	0	0	0	0	73	0	1	0	0	0	0	0	0	0	0	0	0	0	0	0	4	[]	0	2
11	123456899	204	9	3	0	0	0	0	0	0	0	0	0	0	0	0	0	0	9	0	0	0	0	72	1	1	0	0	0	0	0	0	0	0	0	0	0	0	0	4	[]	0	3
12	123456899	185	8	4	1	15	1	1	0	0	0	1	0	0	0	0	0	19	10	0	1	1	0	69	2	1	0	2	0	0	0	0	0	0	0	0	0	0	0	4	[3C]	1	3
13	123456899	185	6	4	3	15	0	1	1	0	0	1	0	0	0	0	0	19	11	0	1	1	0	69	1	2	0	2	0	0	0	0	0	0	0	0	0	0	0	4	[3C]	1	3
14	123456899	185	5	4	4	15	0	1	1	0	0	1	0	0	0	0	0	19	11	0	1	1	0	69	0	3	0	2	0	0	0	0	0	0	0	0	0	0	0	4	[3C]	1	3
15	123456899	179	10	5	4	15	0	1	1	0	0	1	0	0	0	0	0	19	12	0	1	1	0	69	0	2	1	2	0	0	0	0	0	0	0	0	0	0	0	4	[3C]	1	3
16	123456899	168	6	4	2	23	3	3	5	0	0	1	0	0	0	1	0	38	12	1	3	1	1	66	1	1	2	4	0	0	0	0	0	0	0	0	0	0	0	4	[3C 1C]	2	3
17	123456899	165	6	6	3	23	3	3	5	0	0	1	0	0	0	0	1	38	12	1	3	1	1	66	1	1	2	4	0	0	0	0	0	0	0	0	0	0	0	4	[3C 1C]	2	3
18	123456899	161	8	8	3	23	3	3	5	0	0	1	0	0	0	0	1	38	14	1	3	1	1	66	0	2	2	4	0	0	0	0	0	0	0	0	0	0	0	4	[3C 1C]	2	3
19	123456899	156	12	8	4	23	1	5	5	0	0	1	0	0	0	0	1	38	16	1	3	1	1	66	0	2	2	4	0	0	0	0	0	0	0	0	0	0	0	4	[3C 1C]	2	4
20	123456899	155	5	2	0	24	7	11	9	0	0	2	0	0	0	0	1	57	17	1	9	2	1	65	0	2	1	5	0	0	1	0	0	0	0	0	0	0	0	4	[3C 1C 3B]	3	4
21	123456899	155	4	2	1	24	5	12	10	0	0	2	0	0	0	0	1	57	20	1	9	2	1	65	0	1	2	5	0	0	1	0	0	0	0	0	0	0	0	4	[3C 1C 3B]	3	5
22	123456899	152	7	2	1	24	4	10	13	0	0	2	0	0	0	0	1	57	20	1	9	2	1	65	0	1	2	5	0	0	1	0	0	0	0	0	0	0	0	4	[3C 1C 3B]	3	5
23	123456899	148	10	3	1	24	4	8	15	0	0	0	2	0	0	0	1	57	20	1	9	2	1	64	1	0	3	5	0	0	1	0	0	0	0	0	0	0	0	4	[3C 1C 3B]	3	6
24	123456899	138	16	7	1	24	3	7	17	0	0	0	2	0	0	0	1	57	20	1	9	2	1	62	3	0	3	5	0	0	1	0	0	0	0	0	0	0	0	5	[3C 1C 3B]	3	6
25	123456899	125	22	13	2	24	2	7	18	0	0	0	2	0	0	0	1	57	21	1	9	2	1	59	4	2	3	5	0	0	1	0	0	0	0	0	0	0	0	5	[3C 1C 3B]	3	6
26	123456899	125	32	16	7	9	1	5	19	0	0	0	1	0	0	0	1	57	21	1	9	2	1	60	3	4	3	3	0	0	1	0	0	0	0	0	0	0	0	5	[1C 3B]	2	5
27	123456899	125	23	23	9	9	1	5	19	0	0	0	1	0	0	0	1	57	21	1	9	2	1	60	3	4	3	3	0	0	1	0	0	0	0	0	0	0	0	5	[1C 3B]	2	6
28	123456899	125	15	27	13	9	1	2	22	0	0	0	1	0	0	0	1	57	22	1	9	2	1	60	3	4	3	3	0	0	1	0	0	0	0	0	0	0	0	5	[1C 3B]	2	6
29	123456899	118	12	17	15	11	4	10	26	0	0	0	1	0	0	1	1	76	22	2	18	2	2	57	4	3	4	4	0	1	1	0	0	0	0	0	0	0	0	6	[1C 3B 2C]	3	6
30	123456899	119	16	19	26	3	4	8	19	0	0	0	1	0	0	1	0	76	24	2	18	2	2	58	2	4	6	2	0	1	1	0	0	0	0	0	0	0	0	6	[3B 2C]	2	7
31	123456899	110	18	24	28	3	3	9	19	0	0	0	1	0	0	1	0	76	24	2	18	2	2	56	2	6	6	2	0	1	1	0	0	0	0	0	0	0	0	6	[3B 2C]	2	9
32	123456899	97	28	21	34	3	2	10	19	0	0	0	1	0	0	1	0	76	24	2	18	2	2	53	5	6	6	2	0	1	1	0	0	0	0	0	0	0	0	6	[3B 2C]	2	9
33	123456899	89	29	25	37	3	2	9	20	0	0	0	1	0	0	1	0	76	25	2	18	2	2	52	5	7	6	2	0	1	1	0	0	0	0	0	0	0	0	6	[3B 2C]	2	8
34	123456899	90	17	35	56	2	2	4	9	0	0	0	0	0	0	1	0	76	25	2	18	2	2	53	5	7	7	1	0	1	0	0	0	0	0	0	0	0	0	6	[2C]	1	8
35	123456899	90	12	34	62	2	2	4	9	0	0	0	0	0	0	1	0	76	25	2	18	2	2	53	1	11	7	1	0	1	0	0	0	0	0	0	0	0	0	6	[2C]	1	9
36	123456899	79	19	30	70	2	0	5	10	0	0	0	0	0	0	1	0	76	25	2	18	2	2	52	1	12	7	1	0	1	0	0	0	0	0	0	0	0	0	6	[2C]	1	8
37	123456899	67	26	29	76	2	0	5	10	0	0	0	0	0	0	1	0	76	27	2	18	2	2	51	1	10	10	1	0	1	0	0	0	0	0	0	0	0	0	6	[2C]	1	8
38	123456899	50	21	32	77	11	2	9	12	0	0	0	0	0	0	2	0	95	27	3	22	2	3	45	5	9	11	3	0	1	0	0	0	0	0	0	0	0	0	6	[2C 2D]	2	9
39	123456899	44	22	33	81	11	0	8	15	0	0	0	0	0	0	1	1	95	28	3	22	2	3	42	6	10	12	3	0	1	0	0	0	0	0	0	0	0	0	6	[2C 2D]	2	9
40	123456899	42	15	35	88	11	0	7	16	0	0	0	0	0	0	1	1	95	29	3	22	2	3	40	7	10	13	3	0	1	0	0	0	0	0	0	0	0	0	6	[2C 2D]	2	9
41	123456899	42	12	32	94	11	0	6	17	0	0	0	0	0	0	1	1	95	30	3	22	2	3	40	6	10	14	3	0	1	0	0	0	0	0	0	0	0	0	6	[2C 2D]	2	9
42	123456899	42	8	34	96	11	0	4	19	0	0	0	0	0	0	1	1	95	30	3	22	2	3	40	3	13	14	3	0	1	0	0	0	0	0	0	0	0	0	6	[2C 2D]	2	9
43	123456899	37	11	29	103	9	1	7	17	0	0	0	0	0	0	1	1	114	30	4	28	2	4	38	4	12	16	3	0	1	0	0	0	0	0	0	0	0	0	6	[2D 3C]	2	8
44	123456899	33	13	25	109	9	1	5	19	0	0	0	0	0	0	0	2	114	31	4	28	2	4	37	4	12	17	3	0	1	0	0	0	0	0	0	0	0	0	6	[2D 3C]	2	8
45	123456899	32	11	25	112	9	1	4	20	0	0	0	0	0	0	0	2	114	31	4	28	2	4	35	5	10	20	3	0	1	0	0	0	0	0	0	0	0	0	6	[2D 3C]	2	8
46	123456899	27	6	19	110	13	4	9	25	0	0	1	0	0	0	0	2	133	32	4	33	3	4	34	4	10	20	4	1	1	0	0	0	0	0	0	0	0	0	6	[2D 3C 2A]	3	8
47	123456899	27	5	18	112	13	2	10	26	0	0	1	0	0	0	0	2	133	33	4	33	3	4	34	3	10	21	4	1	1	0	0	0	0	0	0	0	0	0	6	[2D 3C 2A]	3	8
48	123456899	27	4	14	117	13	1	10	27	0	0	1	0	0	0	0	2	133	33	4	33	3	4	34	2	10	22	4	1	1	0	0	0	0	0	0	0	0	0	6	[2D 3C 2A]	3	6
49	123456899	27	4	13	118	13	1	8	29	0	0	1	0	0	0	0	2	133	33	4	33	3	4	34	1	10	23	4	0	2	0	0	0	0	0	0	0	0	0	6	[2D 3C 2A]	3	6
50	123456899	24	6	9	123	13	1	7	30	0	0	1	0	0	0	0	2	133	33	4	33	3	4	33	2	9	24	4	0	2	0	0	0	0	0	0	0	0	0	6	[2D 3C 2A]	3	7
51	123456899	24	3	11	124	13	1	5	32	0	0	1	0	0	0	0	2	133	35	4	33	3	4	33	2	9	24	4	0	2	0	0	0	0	0	0	0	0	0	6	[2D 3C 2A]	3	9
52	123456899	31	4	10	135	4	1	4	25	0	0	1	0	0	0	0	1	133	36	4	33	3	4	35	2	5	28	2	0	2	0	0	0	0	0	0	0	0	0	6	[3C 2A]	2	8
53	123456899	31	3	10	136	4	0	3	27	0	0	1	0	0	0	0	1	133	37	4	33	3	4	34	3	5	28	2	0	2	0	0	0	0	0	0	0	0	0	6	[3C 2A]	2	8
54	123456899	29	5	9	137	4	0	3	27	0	0	0	1	0	0	0	1	133	37	4	33	3	4	32	3	6	29	2	0	2	0	0	0	0	0	0	0	0	0	6	[3C 2A]	2	8
55	123456899	29	3	9	139	4	0	3	27	0	0	0	1	0	0	0	1	133	37	4	33	3	4	32	1	7	30	2	0	2	0	0	0	0	0	0	0	0	0	6	[3C 2A]	2	8
56	123456899	19	0	6	137	14	1	7	29	0	0	1	1	0	0	0	1	152	38	4	38	4	4	31	0	6	31	3	0	3	0	0	0	0	0	0	0	0	0	6	[3C 2A 1A]	3	8
57	123456899	18	1	5	156	14	1	3	16	0	0	1	1	0	0	0	0	152	38	4	38	4	4	32	0	6	32	2	0	2	0	0	0	0	0	0	0	0	0	6	[2A 1A]	2	6
58	123456899	18	1	5	156	14	1	3	16	0	0	1	1	0	0	0	0	152	38	4	38	4	4	31	1	5	33	2	0	2	0	0	0	0	0	0	0	0	0	6	[2A 1A]	2	6
59	123456899	18	1	3	140	14	1	3	33	0	0	1	1	0	0	1	0	171	39	5	40	4	5	30	2	3	33	2	0	4	0	0	0	0	0	0	0	0	0	6	[2A 1A 3D]	3	6
60	123456899	22	0	3	155	10	1	2	21	0	0	1	0	0	0	1	0	171	39	5	40	4	5	31	1	3	35	1	0	3	0	0	0	0	0	0	0	0	0	6	[1A 3D]	2	5
