day	seedRun	susceptible	exposed	infected	removed	susceptible-in-quarantine	exposed-in-quarantine	infected-in-quarantine	removed-in-quarantine	susceptible-in-quarantine-external-1	exposed-in-quarantine-external-1	infected-in-quarantine-external-1	removed-in-quarantine-external-1	susceptible-in-quarantine-external-2	exposed-in-quarantine-external-2	infected-in-quarantine-external-2	removed-in-quarantine-external-2	num-of-screened-agents	num-of-screened-agents-external-1	num-of-screened-agents-external-2	num-of-positive-agents	num-of-positive-agents-external-1	num-of-positive-agents-external-2	num-vaccinated	num-immunized	num-immunized-in-quarantine	num-immunized-in-quarantine-external-1	num-immunized-in-quarantine-external-2	num-infected-outside	classroom-in-quarantine	num-of-classroom-in-quarantine	classroom-with-at-least-one-infected
0	123457016	229	0	0	0	0	0	0	0	0	0	0	0	0	0	0	0	0	0	0	0	0	0	74	61	0	0	0	0	[]	0	0
1	123457016	220	9	0	0	0	0	0	0	0	0	0	0	0	0	0	0	0	1	0	0	0	0	74	61	0	0	0	9	[]	0	0
2	123457016	198	28	3	0	0	0	0	0	0	0	0	0	0	0	0	0	0	3	0	0	0	0	74	61	0	0	0	20	[]	0	2
3	123457016	136	81	12	0	0	0	0	0	0	0	0	0	0	0	0	0	0	3	0	0	0	0	74	61	0	0	0	33	[]	0	6
4	123457016	92	96	21	1	1	10	6	0	0	0	0	0	0	0	2	0	38	4	2	6	0	2	74	59	2	0	0	38	[1A]	1	9
5	123457016	62	80	30	2	4	23	21	3	0	0	1	0	0	0	3	0	76	6	3	17	1	3	74	55	6	0	0	41	[1A 1C 2B]	3	10
6	123457016	57	43	34	2	7	33	38	9	0	0	1	0	0	0	5	0	114	8	5	31	1	5	74	53	8	0	0	43	[1A 1C 2B 2D 3B]	5	11
7	123457016	57	28	27	4	7	34	49	16	0	0	1	0	0	0	5	1	133	9	6	37	1	6	74	53	8	0	0	43	[1A 1C 2B 2D 3B 3D]	6	12
8	123457016	27	42	23	5	7	32	58	27	0	0	1	0	0	0	6	1	152	9	7	48	1	7	74	52	9	0	0	50	[1A 1C 2B 2D 3B 3D 1B]	7	12
9	123457016	19	41	30	7	7	22	62	33	0	0	1	0	0	0	5	2	171	10	7	48	1	7	74	52	9	0	0	53	[1A 1C 2B 2D 3B 3D 1B]	7	12
10	123457016	12	35	25	6	7	21	71	43	0	0	1	0	0	0	6	2	190	10	8	59	1	8	74	51	10	0	0	53	[1A 1C 2B 2D 3B 3D 1B 1D]	8	12
11	123457016	12	19	25	4	7	16	77	59	0	0	1	0	0	0	7	2	209	10	9	68	1	9	74	49	12	0	0	53	[1A 1C 2B 2D 3B 3D 1B 1D 3A]	9	12
12	123457016	9	9	20	4	7	21	81	67	0	0	1	0	0	0	7	3	228	11	10	74	1	10	74	47	14	0	0	54	[1A 1C 2B 2D 3B 3D 1B 1D 3A 3C]	10	12
13	123457016	9	7	21	5	7	10	83	76	0	0	1	0	0	0	6	4	228	11	10	74	1	10	74	47	14	0	0	54	[1A 1C 2B 2D 3B 3D 1B 1D 3A 3C]	10	12
14	123457016	3	0	1	21	13	10	91	79	0	0	1	0	0	0	6	4	266	11	12	90	1	12	74	45	16	0	0	54	[1C 2B 2D 3B 3D 1B 1D 3A 3C 2A 2C]	11	11
15	123457016	6	0	1	54	10	7	67	75	0	0	0	0	0	0	5	4	266	11	12	90	1	12	74	49	12	0	0	54	[2D 3B 3D 1B 1D 3A 3C 2A 2C]	9	9
16	123457016	8	1	1	89	7	5	51	60	0	0	0	0	0	0	5	2	266	12	12	90	1	12	74	51	10	0	0	55	[3D 1B 1D 3A 3C 2A 2C]	7	7
17	123457016	8	1	1	109	7	4	44	49	0	0	0	0	0	0	3	3	266	12	12	90	1	12	74	51	10	0	0	55	[1B 1D 3A 3C 2A 2C]	6	6
18	123457016	8	1	1	128	7	4	33	42	0	0	0	0	0	0	3	2	266	12	12	90	1	12	74	52	9	0	0	55	[1D 3A 3C 2A 2C]	5	5
19	123457016	8	1	1	128	7	1	31	47	0	0	0	0	0	0	3	2	266	14	12	90	1	12	74	52	9	0	0	55	[1D 3A 3C 2A 2C]	5	5
20	123457016	7	1	1	148	7	1	22	38	0	0	0	0	0	0	2	2	266	16	12	90	1	12	74	53	8	0	0	56	[3A 3C 2A 2C]	4	5
21	123457016	7	1	1	166	7	0	14	30	0	0	0	0	0	0	2	1	266	17	12	90	1	12	74	55	6	0	0	56	[3C 2A 2C]	3	4
22	123457016	6	2	1	184	7	0	8	19	0	0	0	0	0	0	0	2	266	18	12	90	1	12	74	57	4	0	0	56	[2A 2C]	2	3
23	123457016	6	1	2	184	7	0	7	20	0	0	0	0	0	0	0	2	266	18	12	90	1	12	74	57	4	0	0	56	[2A 2C]	2	3
24	123457016	11	3	2	213	0	0	0	0	0	0	0	0	0	0	0	0	266	19	12	90	1	12	74	61	0	0	0	57	[]	0	1
25	123457016	9	4	3	213	0	0	0	0	0	0	0	0	0	0	0	0	266	19	12	90	1	12	74	61	0	0	0	58	[]	0	1
26	123457016	9	3	3	214	0	0	0	0	0	0	0	0	0	0	0	0	266	21	12	90	1	12	74	61	0	0	0	58	[]	0	2
27	123457016	8	3	3	215	0	0	0	0	0	0	0	0	0	0	0	0	266	23	12	90	1	12	74	61	0	0	0	59	[]	0	2
28	123457016	8	3	3	215	0	0	0	0	0	0	0	0	0	0	0	0	266	24	12	90	1	12	74	61	0	0	0	59	[]	0	2
29	123457016	3	7	4	215	0	0	0	0	0	0	0	0	0	0	0	0	266	27	12	90	1	12	74	61	0	0	0	60	[]	0	3
30	123457016	2	7	5	215	0	0	0	0	0	0	0	0	0	0	0	0	266	29	12	90	1	12	74	61	0	0	0	60	[]	0	3
31	123457016	2	4	7	216	0	0	0	0	0	0	0	0	0	0	0	0	266	30	12	90	1	12	74	61	0	0	0	60	[]	0	2
32	123457016	2	4	6	217	0	0	0	0	0	0	0	0	0	0	0	0	266	33	12	90	1	12	74	61	0	0	0	60	[]	0	2
33	123457016	2	3	5	219	0	0	0	0	0	0	0	0	0	0	0	0	266	34	12	90	1	12	74	61	0	0	0	60	[]	0	2
34	123457016	2	3	3	221	0	0	0	0	0	0	0	0	0	0	0	0	266	36	12	90	1	12	74	61	0	0	0	60	[]	0	2
35	123457016	2	2	4	221	0	0	0	0	0	0	0	0	0	0	0	0	266	37	12	90	1	12	74	61	0	0	0	60	[]	0	2
36	123457016	2	0	6	221	0	0	0	0	0	0	0	0	0	0	0	0	266	39	12	90	1	12	74	61	0	0	0	60	[]	0	2
37	123457016	2	0	1	223	0	0	2	0	0	0	0	0	0	0	1	0	285	39	13	92	1	13	74	61	0	0	0	60	[]	0	1
38	123457016	2	0	1	223	0	0	1	1	0	0	0	0	0	0	1	0	285	43	13	92	1	13	74	61	0	0	0	60	[]	0	1
39	123457016	2	0	1	223	0	0	1	1	0	0	0	0	0	0	1	0	285	44	13	92	1	13	74	61	0	0	0	60	[]	0	1
40	123457016	2	0	1	223	0	0	1	1	0	0	0	0	0	0	1	0	285	45	13	92	1	13	74	61	0	0	0	60	[]	0	1
41	123457016	2	0	1	223	0	0	1	1	0	0	0	0	0	0	1	0	285	49	13	92	1	13	74	61	0	0	0	60	[]	0	1
42	123457016	2	0	1	223	0	0	1	1	0	0	0	0	0	0	1	0	302	51	13	92	1	13	74	61	0	0	0	60	[]	0	1
43	123457016	2	0	1	223	0	0	1	1	0	0	0	0	0	0	1	0	302	54	13	92	1	13	74	61	0	0	0	60	[]	0	1
44	123457016	2	0	1	223	0	0	1	1	0	0	0	0	0	0	1	0	302	55	13	92	1	13	74	61	0	0	0	60	[]	0	1
45	123457016	2	0	0	224	0	0	0	2	0	0	0	0	0	0	1	0	302	57	13	92	1	13	74	61	0	0	0	60	[]	0	1
46	123457016	2	0	0	224	0	0	0	2	0	0	0	0	0	0	1	0	302	59	13	92	1	13	74	61	0	0	0	60	[]	0	1
47	123457016	2	0	0	227	0	0	0	0	0	0	0	0	0	0	0	0	302	61	13	92	1	13	74	61	0	0	0	60	[]	0	0
48	123457016	2	0	0	227	0	0	0	0	0	0	0	0	0	0	0	0	302	61	13	92	1	13	74	61	0	0	0	60	[]	0	0
49	123457016	2	0	0	227	0	0	0	0	0	0	0	0	0	0	0	0	302	62	13	92	1	13	74	61	0	0	0	60	[]	0	0
50	123457016	2	0	0	227	0	0	0	0	0	0	0	0	0	0	0	0	302	63	13	92	1	13	74	61	0	0	0	60	[]	0	0
51	123457016	2	0	0	227	0	0	0	0	0	0	0	0	0	0	0	0	302	64	13	92	1	13	74	61	0	0	0	60	[]	0	0
52	123457016	2	0	0	227	0	0	0	0	0	0	0	0	0	0	0	0	302	64	13	92	1	13	74	61	0	0	0	60	[]	0	0
53	123457016	2	0	0	227	0	0	0	0	0	0	0	0	0	0	0	0	302	65	13	92	1	13	74	61	0	0	0	60	[]	0	0
54	123457016	2	0	0	227	0	0	0	0	0	0	0	0	0	0	0	0	302	67	13	92	1	13	74	61	0	0	0	60	[]	0	0
55	123457016	2	0	0	227	0	0	0	0	0	0	0	0	0	0	0	0	302	69	13	92	1	13	74	61	0	0	0	60	[]	0	0
56	123457016	2	0	0	227	0	0	0	0	0	0	0	0	0	0	0	0	302	69	13	92	1	13	74	61	0	0	0	60	[]	0	0
57	123457016	2	0	0	227	0	0	0	0	0	0	0	0	0	0	0	0	302	71	13	92	1	13	74	61	0	0	0	60	[]	0	0
58	123457016	2	0	0	227	0	0	0	0	0	0	0	0	0	0	0	0	302	72	13	92	1	13	74	61	0	0	0	60	[]	0	0
59	123457016	2	0	0	227	0	0	0	0	0	0	0	0	0	0	0	0	302	75	13	92	1	13	74	61	0	0	0	60	[]	0	0
60	123457016	2	0	0	227	0	0	0	0	0	0	0	0	0	0	0	0	302	78	13	92	1	13	74	61	0	0	0	60	[]	0	0
