day	seedRun	susceptible	exposed	infected	removed	susceptible-in-quarantine	exposed-in-quarantine	infected-in-quarantine	removed-in-quarantine	susceptible-in-quarantine-external-1	exposed-in-quarantine-external-1	infected-in-quarantine-external-1	removed-in-quarantine-external-1	susceptible-in-quarantine-external-2	exposed-in-quarantine-external-2	infected-in-quarantine-external-2	removed-in-quarantine-external-2	num-of-screened-agents	num-of-screened-agents-external-1	num-of-screened-agents-external-2	num-of-positive-agents	num-of-positive-agents-external-1	num-of-positive-agents-external-2	num-vaccinated	num-immunized	num-immunized-in-quarantine	num-immunized-in-quarantine-external-1	num-immunized-in-quarantine-external-2	num-infected-outside	classroom-in-quarantine	num-of-classroom-in-quarantine	classroom-with-at-least-one-infected
0	123456812	231	0	0	0	0	0	0	0	0	0	0	0	0	0	0	0	0	0	0	0	0	0	74	59	0	0	0	0	[]	0	0
1	123456812	222	9	0	0	0	0	0	0	0	0	0	0	0	0	0	0	0	2	0	0	0	0	74	59	0	0	0	9	[]	0	0
2	123456812	205	23	0	0	0	0	1	0	0	0	1	0	0	0	1	0	38	5	1	1	1	1	74	59	0	0	0	26	[]	0	2
3	123456812	169	52	7	0	0	0	1	0	0	0	1	0	0	0	1	0	38	6	1	1	1	1	74	59	0	0	0	30	[]	0	7
4	123456812	102	107	17	2	0	0	1	0	0	0	1	0	0	0	1	0	38	10	1	1	1	1	74	59	0	0	0	43	[]	0	9
5	123456812	65	90	31	6	4	13	17	1	0	0	2	0	0	0	2	0	76	11	2	17	2	2	74	55	4	0	0	47	[1A 2D]	2	11
6	123456812	65	51	33	6	4	26	34	5	0	0	2	1	0	0	4	0	131	13	4	33	3	4	74	51	8	0	0	47	[1A 2D 3D 3B]	4	11
7	123456812	58	26	40	11	8	25	42	12	0	0	2	1	0	0	6	0	205	15	6	38	3	6	74	49	10	0	0	50	[1A 2D 3D 3B 2A]	5	11
8	123456812	50	10	17	4	14	24	71	29	0	0	3	1	0	0	8	0	262	17	8	63	4	8	74	43	16	0	0	52	[1A 2D 3D 3B 2A 1C 3C 2B]	8	12
9	123456812	49	6	18	5	14	16	74	36	0	0	3	1	0	0	9	0	280	17	9	65	4	9	74	43	16	0	0	52	[1A 2D 3D 3B 2A 1C 3C 2B]	8	12
10	123456812	48	6	15	9	14	12	67	47	0	0	2	2	0	0	9	0	280	18	9	65	4	9	74	43	16	0	0	52	[1A 2D 3D 3B 2A 1C 3C 2B]	8	12
11	123456812	46	6	15	11	14	8	62	56	0	0	2	2	0	0	6	3	280	18	9	65	4	9	74	43	16	0	0	53	[1A 2D 3D 3B 2A 1C 3C 2B]	8	12
12	123456812	28	9	4	5	26	6	69	72	0	0	2	1	0	0	5	4	317	18	10	75	4	10	74	40	19	0	0	56	[1A 2D 3D 3B 2A 1C 3C 2B 2C 1D]	10	11
13	123456812	26	9	4	7	26	3	60	84	0	0	2	1	0	0	4	5	317	19	10	75	4	10	74	40	19	0	0	58	[1A 2D 3D 3B 2A 1C 3C 2B 2C 1D]	10	11
14	123456812	26	8	5	7	26	2	53	92	0	0	2	1	0	0	4	5	317	20	10	75	4	10	74	40	19	0	0	58	[1A 2D 3D 3B 2A 1C 3C 2B 2C 1D]	10	11
15	123456812	21	16	6	39	22	1	42	74	0	0	1	1	0	0	3	5	317	22	10	75	4	10	74	44	15	0	0	61	[3D 3B 2A 1C 3C 2B 2C 1D]	8	9
16	123456812	18	16	7	78	22	1	27	55	0	0	0	1	0	0	3	3	317	22	10	75	4	10	74	48	11	0	0	63	[2A 1C 3C 2B 2C 1D]	6	7
17	123456812	11	23	11	92	18	1	16	53	0	0	0	1	0	0	3	2	317	22	10	75	4	10	74	50	9	0	0	64	[1C 3C 2B 2C 1D]	5	7
18	123456812	17	12	10	137	12	5	10	24	0	0	1	0	0	0	1	2	333	24	10	82	5	10	74	54	5	0	0	64	[2C 1D 3A]	3	4
19	123456812	15	11	11	139	12	3	10	26	0	0	1	0	0	0	1	2	333	25	10	82	5	10	74	54	5	0	0	65	[2C 1D 3A]	3	4
20	123456812	15	3	4	135	12	7	17	33	0	0	1	0	0	0	2	2	352	27	11	88	5	11	74	53	6	0	0	65	[2C 1D 3A 1B]	4	4
21	123456812	15	2	4	136	12	4	17	36	0	0	1	0	0	0	2	2	352	27	11	88	5	11	74	53	6	0	0	65	[2C 1D 3A 1B]	4	4
22	123456812	18	10	5	161	0	4	15	15	0	0	1	0	0	0	0	2	352	27	11	88	5	11	74	56	3	0	0	66	[3A 1B]	2	2
23	123456812	17	9	6	162	0	1	17	16	0	0	1	0	0	0	0	2	352	29	11	88	5	11	74	56	3	0	0	67	[3A 1B]	2	4
24	123456812	16	7	8	163	0	1	12	21	0	0	1	0	0	0	0	2	352	29	11	88	5	11	74	56	3	0	0	67	[3A 1B]	2	5
25	123456812	14	9	7	164	0	0	12	22	0	0	1	0	0	0	0	2	352	29	11	88	5	11	74	56	3	0	0	68	[3A 1B]	2	5
26	123456812	13	7	9	165	0	0	11	23	0	0	1	0	0	0	0	2	352	31	11	88	5	11	74	56	3	0	0	68	[3A 1B]	2	5
27	123456812	12	4	12	166	0	0	10	24	0	0	1	0	0	0	0	2	352	31	11	88	5	11	74	56	3	0	0	69	[3A 1B]	2	6
28	123456812	11	4	6	187	0	0	8	13	0	0	0	0	0	0	1	1	371	31	12	91	5	12	74	58	1	0	0	70	[1B]	1	4
29	123456812	2	11	6	189	0	0	8	13	0	0	0	0	0	0	1	1	371	33	12	91	5	12	74	58	1	0	0	70	[1B]	1	5
30	123456812	2	9	7	209	0	0	2	1	0	0	0	0	0	0	1	0	371	35	12	91	5	12	74	59	0	0	0	70	[]	0	3
31	123456812	2	8	7	210	0	0	1	2	0	0	0	0	0	0	1	0	371	36	12	91	5	12	74	59	0	0	0	70	[]	0	3
32	123456812	2	7	5	212	0	0	1	2	0	0	1	0	0	0	1	0	390	38	12	91	6	12	74	59	0	0	0	70	[]	0	3
33	123456812	2	5	6	213	0	0	1	2	0	0	1	0	0	0	1	0	406	40	12	91	6	12	74	59	0	0	0	70	[]	0	3
34	123456812	2	3	7	214	0	0	1	2	0	0	1	0	0	0	0	1	406	40	12	91	6	12	74	59	0	0	0	70	[]	0	4
35	123456812	2	1	1	203	0	2	5	14	0	0	1	0	0	0	1	1	425	43	13	95	6	13	74	58	1	0	0	70	[2C]	1	4
36	123456812	2	0	2	203	0	2	4	15	0	0	1	0	0	0	1	1	425	45	13	95	6	13	74	58	1	0	0	70	[2C]	1	4
37	123456812	1	0	2	204	0	2	3	16	0	0	1	0	0	0	1	1	444	46	13	95	6	13	74	58	1	0	0	70	[2C]	1	4
38	123456812	1	0	2	208	0	0	5	13	0	0	1	0	0	0	1	0	444	49	13	95	6	13	74	58	1	0	0	70	[2C]	1	4
39	123456812	1	0	2	208	0	0	3	15	0	0	1	0	0	0	1	0	444	51	13	95	6	13	74	58	1	0	0	70	[2C]	1	4
40	123456812	1	0	2	208	0	0	3	15	0	0	1	0	0	0	1	0	444	53	13	95	6	13	74	58	1	0	0	70	[2C]	1	4
41	123456812	1	0	2	208	0	0	3	15	0	0	1	0	0	0	1	0	444	54	13	95	6	13	74	58	1	0	0	70	[2C]	1	4
42	123456812	1	0	2	209	0	0	2	16	0	0	0	0	0	0	0	1	444	57	13	95	6	13	74	58	1	0	0	70	[2C]	1	3
43	123456812	0	1	2	209	0	0	2	16	0	0	0	0	0	0	0	1	444	61	13	95	6	13	74	58	1	0	0	71	[2C]	1	3
44	123456812	0	1	1	210	0	0	2	16	0	0	0	0	0	0	0	1	444	62	13	95	6	13	74	58	1	0	0	71	[2C]	1	2
45	123456812	0	1	1	229	0	0	0	0	0	0	0	0	0	0	0	0	444	62	13	95	6	13	74	59	0	0	0	71	[]	0	1
46	123456812	0	1	1	229	0	0	0	0	0	0	0	0	0	0	0	0	444	66	13	95	6	13	74	59	0	0	0	71	[]	0	1
47	123456812	0	1	1	229	0	0	0	0	0	0	0	0	0	0	0	0	444	66	13	95	6	13	74	59	0	0	0	71	[]	0	1
48	123456812	0	1	1	229	0	0	0	0	0	0	0	0	0	0	0	0	444	66	13	95	6	13	74	59	0	0	0	71	[]	0	1
49	123456812	0	1	0	230	0	0	0	0	0	0	0	0	0	0	0	0	444	68	13	95	6	13	74	59	0	0	0	71	[]	0	0
50	123456812	0	1	0	230	0	0	0	0	0	0	0	0	0	0	0	0	444	71	13	95	6	13	74	59	0	0	0	71	[]	0	0
51	123456812	0	1	0	230	0	0	0	0	0	0	0	0	0	0	0	0	444	73	13	95	6	13	74	59	0	0	0	71	[]	0	0
52	123456812	0	1	0	230	0	0	0	0	0	0	0	0	0	0	0	0	444	75	13	95	6	13	74	59	0	0	0	71	[]	0	0
53	123456812	0	1	0	230	0	0	0	0	0	0	0	0	0	0	0	0	444	77	13	95	6	13	74	59	0	0	0	71	[]	0	0
54	123456812	0	1	0	230	0	0	0	0	0	0	0	0	0	0	0	0	444	83	13	95	6	13	74	59	0	0	0	71	[]	0	0
55	123456812	0	1	0	230	0	0	0	0	0	0	0	0	0	0	0	0	444	84	13	95	6	13	74	59	0	0	0	71	[]	0	0
56	123456812	0	1	0	230	0	0	0	0	0	0	0	0	0	0	0	0	444	86	13	95	6	13	74	59	0	0	0	71	[]	0	0
57	123456812	0	1	0	230	0	0	0	0	0	0	0	0	0	0	0	0	444	87	13	95	6	13	74	59	0	0	0	71	[]	0	0
58	123456812	0	0	1	230	0	0	0	0	0	0	0	0	0	0	0	0	444	89	13	95	6	13	74	59	0	0	0	71	[]	0	0
59	123456812	0	0	0	231	0	0	0	0	0	0	0	0	0	0	0	0	444	90	13	95	6	13	74	59	0	0	0	71	[]	0	0
60	123456812	0	0	0	231	0	0	0	0	0	0	0	0	0	0	0	0	444	90	13	95	6	13	74	59	0	0	0	71	[]	0	0
