day	seedRun	susceptible	exposed	infected	removed	susceptible-in-quarantine	exposed-in-quarantine	infected-in-quarantine	removed-in-quarantine	susceptible-in-quarantine-external-1	exposed-in-quarantine-external-1	infected-in-quarantine-external-1	removed-in-quarantine-external-1	susceptible-in-quarantine-external-2	exposed-in-quarantine-external-2	infected-in-quarantine-external-2	removed-in-quarantine-external-2	num-of-screened-agents	num-of-screened-agents-external-1	num-of-screened-agents-external-2	num-of-positive-agents	num-of-positive-agents-external-1	num-of-positive-agents-external-2	num-vaccinated	num-immunized	num-immunized-in-quarantine	num-immunized-in-quarantine-external-1	num-immunized-in-quarantine-external-2	num-infected-outside	classroom-in-quarantine	num-of-classroom-in-quarantine	classroom-with-at-least-one-infected
0	123456848	240	0	0	0	0	0	0	0	0	0	0	0	0	0	0	0	0	0	0	0	0	0	50	50	0	0	0	0	[]	0	0
1	123456848	233	7	0	0	0	0	0	0	0	0	0	0	0	0	0	0	60	1	0	0	0	0	50	50	0	0	0	7	[]	0	0
2	123456848	213	24	3	0	0	0	0	0	0	0	0	0	0	0	0	0	60	3	0	0	0	0	50	50	0	0	0	11	[]	0	2
3	123456848	186	44	10	0	0	0	0	0	0	0	0	0	0	0	0	0	60	4	0	0	0	0	50	50	0	0	0	15	[]	0	3
4	123456848	156	48	15	1	1	10	8	0	0	0	1	0	0	0	0	0	79	6	0	8	1	0	50	50	0	0	0	21	[2D]	1	4
5	123456848	119	72	27	2	1	6	11	1	0	0	1	0	0	0	0	0	79	7	0	8	1	0	50	50	0	0	0	23	[2D]	1	6
6	123456848	112	40	26	2	6	20	28	3	0	0	1	0	0	0	2	0	117	10	2	25	1	2	50	50	0	0	0	25	[2D 3B 1C]	3	7
7	123456848	112	12	15	1	6	25	53	11	0	0	2	0	0	0	3	0	155	11	3	50	2	3	50	50	0	0	0	25	[2D 3B 1C 3C 3A]	5	11
8	123456848	88	23	2	2	13	18	69	20	0	0	2	0	0	0	2	1	265	11	3	65	2	3	50	50	0	0	0	26	[2D 3B 1C 3C 3A 2C]	6	11
9	123456848	52	52	9	2	13	12	61	34	0	0	1	1	0	0	2	1	265	11	3	65	2	3	50	50	0	0	0	30	[2D 3B 1C 3C 3A 2C]	6	11
10	123456848	29	45	22	0	17	17	62	42	0	0	1	1	0	0	3	1	283	11	4	69	2	4	50	50	0	0	0	30	[2D 3B 1C 3C 3A 2C 1B]	7	11
11	123456848	12	25	17	6	27	27	71	47	0	0	2	1	0	0	4	1	317	13	5	78	3	5	50	50	0	0	0	31	[2D 3B 1C 3C 3A 2C 1B 2B 1A]	9	12
12	123456848	8	19	23	10	27	18	69	58	0	0	1	2	0	0	4	1	317	13	5	78	3	5	50	50	0	0	0	31	[2D 3B 1C 3C 3A 2C 1B 2B 1A]	9	12
13	123456848	7	11	28	14	27	9	72	64	0	0	1	2	0	0	3	2	317	14	5	78	3	5	50	50	0	0	0	32	[2D 3B 1C 3C 3A 2C 1B 2B 1A]	9	12
14	123456848	1	3	6	30	33	9	76	73	0	0	1	1	0	0	5	2	355	14	7	97	3	7	50	50	0	0	0	32	[3B 1C 3C 3A 2C 1B 2B 1A 3D 2A]	10	11
15	123456848	1	3	5	31	33	5	67	86	0	0	1	1	0	0	5	2	365	14	7	97	3	7	50	50	0	0	0	32	[3B 1C 3C 3A 2C 1B 2B 1A 3D 2A]	10	11
16	123456848	6	3	2	69	28	3	53	69	0	0	1	1	0	0	3	2	365	14	7	97	3	7	50	50	0	0	0	32	[3C 3A 2C 1B 2B 1A 3D 2A]	8	9
17	123456848	6	2	3	109	28	3	43	41	0	0	0	1	0	0	3	1	365	15	7	97	3	7	50	50	0	0	0	32	[2C 1B 2B 1A 3D 2A]	6	7
18	123456848	11	4	3	122	21	3	31	40	0	0	0	1	0	0	3	1	365	16	7	97	3	7	50	50	0	0	0	34	[1B 2B 1A 3D 2A]	5	6
19	123456848	11	2	5	122	21	1	28	45	0	0	0	1	0	0	3	1	365	16	7	97	3	7	50	50	0	0	0	34	[1B 2B 1A 3D 2A]	5	6
20	123456848	15	2	4	139	17	1	18	40	0	0	0	1	0	0	2	1	365	17	7	97	3	7	50	50	0	0	0	34	[2B 1A 3D 2A]	4	5
21	123456848	25	1	3	171	7	1	9	21	0	0	0	0	0	0	2	0	365	19	7	97	3	7	50	50	0	0	0	34	[3D 2A]	2	4
22	123456848	25	1	2	171	7	1	8	23	0	0	0	0	0	0	2	0	434	22	7	98	3	7	50	50	0	0	0	34	[3D 2A]	2	4
23	123456848	24	2	2	171	7	0	8	24	0	0	0	0	0	0	1	1	434	23	7	98	3	7	50	50	0	0	0	35	[3D 2A]	2	4
24	123456848	29	4	1	205	0	0	1	0	0	0	0	0	0	0	0	0	434	23	7	98	3	7	50	50	0	0	0	37	[]	0	2
25	123456848	24	7	3	205	0	0	1	0	0	0	0	0	0	0	0	0	434	23	7	98	3	7	50	50	0	0	0	37	[]	0	4
26	123456848	23	6	5	205	0	0	0	1	0	0	0	0	0	0	0	0	434	23	7	98	3	7	50	50	0	0	0	37	[]	0	3
27	123456848	22	4	8	205	0	0	0	1	0	0	0	0	0	0	0	0	453	23	7	98	3	7	50	50	0	0	0	38	[]	0	4
28	123456848	21	1	5	192	1	1	4	14	0	0	0	0	0	0	1	0	472	23	8	102	3	8	50	50	0	0	0	38	[2A]	1	5
29	123456848	19	3	2	192	1	0	7	15	0	0	0	0	0	0	1	0	562	25	8	105	3	8	50	50	0	0	0	39	[2A]	1	5
30	123456848	18	4	1	193	1	0	6	16	0	0	0	0	0	0	1	0	562	27	8	105	3	8	50	50	0	0	0	39	[2A]	1	4
31	123456848	17	3	3	193	1	0	4	18	0	0	0	0	0	0	1	0	562	29	8	105	3	8	50	50	0	0	0	40	[2A]	1	3
32	123456848	16	3	3	195	1	0	4	17	0	0	0	0	0	0	1	0	562	29	8	105	3	8	50	50	0	0	0	40	[2A]	1	4
33	123456848	16	3	1	197	1	0	4	17	0	0	0	0	0	0	1	0	562	31	8	105	3	8	50	50	0	0	0	40	[2A]	1	3
34	123456848	14	3	3	197	1	0	4	17	0	0	0	0	0	0	1	0	580	31	8	105	3	8	50	50	0	0	0	42	[2A]	1	3
35	123456848	13	3	4	197	1	0	4	17	0	0	0	0	0	0	1	0	580	33	8	105	3	8	50	50	0	0	0	43	[2A]	1	4
36	123456848	10	5	1	199	1	0	4	19	0	0	0	0	0	0	0	1	651	36	8	107	3	8	50	50	0	0	0	43	[2A]	1	3
37	123456848	8	3	5	199	1	0	4	19	0	0	0	0	0	0	0	1	651	39	8	107	3	8	50	50	0	0	0	44	[2A]	1	4
38	123456848	9	3	4	219	0	0	3	2	0	0	0	0	0	0	0	0	651	39	8	107	3	8	50	50	0	0	0	44	[]	0	3
39	123456848	9	3	2	224	0	0	2	0	0	0	0	0	0	0	0	0	651	40	8	107	3	8	50	50	0	0	0	44	[]	0	3
40	123456848	8	3	3	224	0	0	1	1	0	0	0	0	0	0	0	0	651	43	8	107	3	8	50	50	0	0	0	45	[]	0	3
41	123456848	8	3	2	224	0	0	1	1	0	0	0	0	0	0	1	0	670	43	9	107	3	9	50	50	0	0	0	45	[]	0	3
42	123456848	7	4	2	224	0	0	1	1	0	0	0	0	0	0	0	1	670	44	9	107	3	9	50	50	0	0	0	46	[]	0	2
43	123456848	7	2	4	224	0	0	0	2	0	0	0	0	0	0	0	1	729	45	9	107	3	9	50	50	0	0	0	46	[]	0	2
44	123456848	4	5	4	224	0	0	0	2	0	0	0	0	0	0	0	1	729	49	9	107	3	9	50	50	0	0	0	46	[]	0	2
45	123456848	4	3	5	225	0	0	0	2	0	0	0	0	0	0	0	1	729	50	9	107	3	9	50	50	0	0	0	46	[]	0	2
46	123456848	3	3	5	228	0	0	0	0	0	0	0	0	0	0	0	1	729	54	9	107	3	9	50	50	0	0	0	46	[]	0	3
47	123456848	3	2	5	228	0	0	0	0	0	0	1	0	0	0	0	1	747	57	9	107	4	9	50	50	0	0	0	46	[]	0	3
48	123456848	3	2	4	229	0	0	0	0	0	0	1	0	0	0	0	1	747	58	9	107	4	9	50	50	0	0	0	46	[]	0	3
49	123456848	3	0	5	230	0	0	0	0	0	0	1	0	0	0	0	1	747	62	9	107	4	9	50	50	0	0	0	46	[]	0	3
50	123456848	3	0	4	231	0	0	0	0	0	0	1	0	0	0	0	1	806	65	9	107	4	9	50	50	0	0	0	46	[]	0	3
51	123456848	3	0	4	232	0	0	0	0	0	0	1	0	0	0	0	0	806	68	9	107	4	9	50	50	0	0	0	46	[]	0	3
52	123456848	3	0	4	232	0	0	0	0	0	0	1	0	0	0	0	0	806	72	9	107	4	9	50	50	0	0	0	46	[]	0	3
53	123456848	3	0	4	232	0	0	0	0	0	0	0	1	0	0	0	0	806	74	9	107	4	9	50	50	0	0	0	46	[]	0	2
54	123456848	3	0	1	232	0	0	2	0	0	0	0	1	0	0	1	0	825	74	10	109	4	10	50	50	0	0	0	46	[]	0	2
55	123456848	3	0	1	232	0	0	1	1	0	0	0	1	0	0	1	0	825	76	10	109	4	10	50	50	0	0	0	46	[]	0	2
56	123456848	3	0	1	232	0	0	0	2	0	0	0	1	0	0	1	0	825	80	10	109	4	10	50	50	0	0	0	46	[]	0	2
57	123456848	3	0	1	233	0	0	0	2	0	0	0	0	0	0	1	0	885	84	10	109	4	10	50	50	0	0	0	46	[]	0	2
58	123456848	3	0	1	233	0	0	0	2	0	0	0	0	0	0	1	0	885	84	10	109	4	10	50	50	0	0	0	46	[]	0	2
59	123456848	3	0	0	234	0	0	0	2	0	0	0	0	0	0	1	0	885	85	10	109	4	10	50	50	0	0	0	46	[]	0	1
60	123456848	3	0	0	234	0	0	0	2	0	0	0	0	0	0	1	0	885	88	10	109	4	10	50	50	0	0	0	46	[]	0	1
