day	seedRun	susceptible	exposed	infected	removed	susceptible-in-quarantine	exposed-in-quarantine	infected-in-quarantine	removed-in-quarantine	susceptible-in-quarantine-external-1	exposed-in-quarantine-external-1	infected-in-quarantine-external-1	removed-in-quarantine-external-1	susceptible-in-quarantine-external-2	exposed-in-quarantine-external-2	infected-in-quarantine-external-2	removed-in-quarantine-external-2	num-of-screened-agents	num-of-screened-agents-external-1	num-of-screened-agents-external-2	num-of-positive-agents	num-of-positive-agents-external-1	num-of-positive-agents-external-2	num-vaccinated	num-immunized	num-immunized-in-quarantine	num-immunized-in-quarantine-external-1	num-immunized-in-quarantine-external-2	num-infected-outside	classroom-in-quarantine	num-of-classroom-in-quarantine	classroom-with-at-least-one-infected
0	123457058	72	0	0	0	0	0	0	0	0	0	0	0	0	0	0	0	0	0	0	0	0	0	218	218	0	0	0	0	[]	0	0
1	123457058	69	3	0	0	0	0	0	0	0	0	0	0	0	0	0	0	0	0	0	0	0	0	218	218	0	0	0	3	[]	0	0
2	123457058	64	7	1	0	0	0	0	0	0	0	0	0	0	0	0	0	0	2	0	0	0	0	218	218	0	0	0	4	[]	0	1
3	123457058	56	12	4	0	0	0	0	0	0	0	0	0	0	0	0	0	0	3	0	0	0	0	218	218	0	0	0	9	[]	0	2
4	123457058	47	17	8	0	0	0	0	0	0	0	0	0	0	0	0	0	0	5	0	0	0	0	218	218	0	0	0	12	[]	0	5
5	123457058	36	24	11	1	0	0	0	0	0	0	0	0	0	0	0	0	0	8	0	0	0	0	218	218	0	0	0	14	[]	0	7
6	123457058	36	17	16	3	0	0	0	0	0	0	0	0	0	0	0	0	0	10	0	0	0	0	218	218	0	0	0	14	[]	0	6
7	123457058	33	10	25	4	0	0	0	0	0	0	0	0	0	0	0	0	0	12	0	0	0	0	218	218	0	0	0	17	[]	0	9
8	123457058	18	20	16	10	0	0	5	1	0	0	0	0	0	0	2	0	38	13	2	5	0	2	218	204	14	0	0	20	[3C]	1	9
9	123457058	13	24	11	13	0	0	7	1	0	0	1	0	0	0	2	0	57	15	2	7	1	2	218	204	14	0	0	21	[3C]	1	10
10	123457058	7	20	18	14	0	0	8	1	0	0	1	0	0	0	3	0	76	16	3	8	1	3	218	204	14	0	0	21	[3C]	1	12
11	123457058	5	22	15	17	0	0	7	2	0	0	1	0	0	0	3	0	76	19	3	8	1	3	218	204	14	0	0	21	[3C]	1	12
12	123457058	4	17	17	19	0	0	8	2	0	0	2	0	0	0	3	0	93	22	3	9	2	3	218	204	14	0	0	21	[3C]	1	12
13	123457058	4	13	21	19	0	0	7	3	0	0	2	0	0	0	1	2	111	24	3	9	2	3	218	204	14	0	0	21	[3C]	1	12
14	123457058	4	11	16	20	0	0	9	5	0	0	2	0	0	0	3	2	166	27	5	13	2	5	218	204	14	0	0	21	[3C]	1	12
15	123457058	3	10	16	20	0	0	8	8	0	0	2	0	0	0	3	2	182	28	5	14	2	5	218	190	28	0	0	21	[3C 1C]	2	11
16	123457058	2	7	19	21	0	0	7	9	0	0	1	1	0	0	3	2	182	28	5	14	2	5	218	190	28	0	0	22	[3C 1C]	2	11
17	123457058	1	5	19	24	0	0	7	9	0	0	1	1	0	0	3	2	182	28	5	14	2	5	218	190	28	0	0	22	[3C 1C]	2	10
18	123457058	0	3	18	35	0	0	5	5	0	0	1	1	0	0	4	0	198	28	6	14	2	6	218	204	14	0	0	22	[1C]	1	10
19	123457058	0	2	12	40	0	0	8	4	0	0	1	0	0	0	5	0	251	29	7	18	2	7	218	204	14	0	0	22	[1C]	1	10
20	123457058	0	1	9	44	0	0	7	5	0	0	1	0	0	0	5	0	251	33	7	18	2	7	218	204	14	0	0	22	[1C]	1	10
21	123457058	0	0	9	45	0	0	7	5	0	0	1	0	0	0	3	2	251	34	7	18	2	7	218	204	14	0	0	22	[1C]	1	10
22	123457058	0	0	8	46	0	0	4	8	0	0	1	0	0	0	3	2	251	35	7	18	2	7	218	204	14	0	0	22	[1C]	1	10
23	123457058	0	0	6	47	0	0	3	9	0	0	1	0	0	0	4	2	270	35	8	18	2	8	218	204	14	0	0	22	[1C]	1	10
24	123457058	0	0	5	53	0	0	4	5	0	0	1	0	0	0	3	1	287	40	8	19	2	8	218	204	14	0	0	22	[1C]	1	9
25	123457058	0	0	2	60	0	0	4	2	0	0	0	0	0	0	2	2	306	45	9	20	2	9	218	218	0	0	0	22	[]	0	6
26	123457058	0	0	1	61	0	0	4	2	0	0	0	0	0	0	2	2	306	47	9	20	2	9	218	218	0	0	0	22	[]	0	5
27	123457058	0	0	0	62	0	0	4	2	0	0	0	0	0	0	2	2	306	49	9	20	2	9	218	218	0	0	0	22	[]	0	4
28	123457058	0	0	0	63	0	0	4	2	0	0	0	0	0	0	2	1	325	52	9	20	2	9	218	218	0	0	0	22	[]	0	4
29	123457058	0	0	0	68	0	0	2	0	0	0	0	0	0	0	2	0	325	52	9	20	2	9	218	218	0	0	0	22	[]	0	3
30	123457058	0	0	0	68	0	0	2	0	0	0	0	0	0	0	1	1	343	57	9	20	2	9	218	218	0	0	0	22	[]	0	3
31	123457058	0	0	0	68	0	0	1	1	0	0	0	0	0	0	1	1	343	58	9	20	2	9	218	218	0	0	0	22	[]	0	2
32	123457058	0	0	0	68	0	0	1	1	0	0	0	0	0	0	1	1	343	60	9	20	2	9	218	218	0	0	0	22	[]	0	2
33	123457058	0	0	0	69	0	0	1	1	0	0	0	0	0	0	0	1	343	60	9	20	2	9	218	218	0	0	0	22	[]	0	1
34	123457058	0	0	0	70	0	0	0	1	0	0	0	0	0	0	0	1	343	63	9	20	2	9	218	218	0	0	0	22	[]	0	0
35	123457058	0	0	0	72	0	0	0	0	0	0	0	0	0	0	0	0	343	66	9	20	2	9	218	218	0	0	0	22	[]	0	0
36	123457058	0	0	0	72	0	0	0	0	0	0	0	0	0	0	0	0	343	70	9	20	2	9	218	218	0	0	0	22	[]	0	0
37	123457058	0	0	0	72	0	0	0	0	0	0	0	0	0	0	0	0	343	72	9	20	2	9	218	218	0	0	0	22	[]	0	0
38	123457058	0	0	0	72	0	0	0	0	0	0	0	0	0	0	0	0	343	73	9	20	2	9	218	218	0	0	0	22	[]	0	0
39	123457058	0	0	0	72	0	0	0	0	0	0	0	0	0	0	0	0	343	74	9	20	2	9	218	218	0	0	0	22	[]	0	0
40	123457058	0	0	0	72	0	0	0	0	0	0	0	0	0	0	0	0	343	75	9	20	2	9	218	218	0	0	0	22	[]	0	0
41	123457058	0	0	0	72	0	0	0	0	0	0	0	0	0	0	0	0	343	76	9	20	2	9	218	218	0	0	0	22	[]	0	0
42	123457058	0	0	0	72	0	0	0	0	0	0	0	0	0	0	0	0	343	77	9	20	2	9	218	218	0	0	0	22	[]	0	0
43	123457058	0	0	0	72	0	0	0	0	0	0	0	0	0	0	0	0	343	77	9	20	2	9	218	218	0	0	0	22	[]	0	0
44	123457058	0	0	0	72	0	0	0	0	0	0	0	0	0	0	0	0	343	79	9	20	2	9	218	218	0	0	0	22	[]	0	0
45	123457058	0	0	0	72	0	0	0	0	0	0	0	0	0	0	0	0	343	80	9	20	2	9	218	218	0	0	0	22	[]	0	0
46	123457058	0	0	0	72	0	0	0	0	0	0	0	0	0	0	0	0	343	83	9	20	2	9	218	218	0	0	0	22	[]	0	0
47	123457058	0	0	0	72	0	0	0	0	0	0	0	0	0	0	0	0	343	87	9	20	2	9	218	218	0	0	0	22	[]	0	0
48	123457058	0	0	0	72	0	0	0	0	0	0	0	0	0	0	0	0	343	88	9	20	2	9	218	218	0	0	0	22	[]	0	0
49	123457058	0	0	0	72	0	0	0	0	0	0	0	0	0	0	0	0	343	90	9	20	2	9	218	218	0	0	0	22	[]	0	0
50	123457058	0	0	0	72	0	0	0	0	0	0	0	0	0	0	0	0	343	92	9	20	2	9	218	218	0	0	0	22	[]	0	0
51	123457058	0	0	0	72	0	0	0	0	0	0	0	0	0	0	0	0	343	92	9	20	2	9	218	218	0	0	0	22	[]	0	0
52	123457058	0	0	0	72	0	0	0	0	0	0	0	0	0	0	0	0	343	95	9	20	2	9	218	218	0	0	0	22	[]	0	0
53	123457058	0	0	0	72	0	0	0	0	0	0	0	0	0	0	0	0	343	97	9	20	2	9	218	218	0	0	0	22	[]	0	0
54	123457058	0	0	0	72	0	0	0	0	0	0	0	0	0	0	0	0	343	97	9	20	2	9	218	218	0	0	0	22	[]	0	0
55	123457058	0	0	0	72	0	0	0	0	0	0	0	0	0	0	0	0	343	99	9	20	2	9	218	218	0	0	0	22	[]	0	0
56	123457058	0	0	0	72	0	0	0	0	0	0	0	0	0	0	0	0	343	101	9	20	2	9	218	218	0	0	0	22	[]	0	0
57	123457058	0	0	0	72	0	0	0	0	0	0	0	0	0	0	0	0	343	101	9	20	2	9	218	218	0	0	0	22	[]	0	0
58	123457058	0	0	0	72	0	0	0	0	0	0	0	0	0	0	0	0	343	101	9	20	2	9	218	218	0	0	0	22	[]	0	0
59	123457058	0	0	0	72	0	0	0	0	0	0	0	0	0	0	0	0	343	104	9	20	2	9	218	218	0	0	0	22	[]	0	0
60	123457058	0	0	0	72	0	0	0	0	0	0	0	0	0	0	0	0	343	105	9	20	2	9	218	218	0	0	0	22	[]	0	0
