day	seedRun	susceptible	exposed	infected	removed	susceptible-in-quarantine	exposed-in-quarantine	infected-in-quarantine	removed-in-quarantine	susceptible-in-quarantine-external-1	exposed-in-quarantine-external-1	infected-in-quarantine-external-1	removed-in-quarantine-external-1	susceptible-in-quarantine-external-2	exposed-in-quarantine-external-2	infected-in-quarantine-external-2	removed-in-quarantine-external-2	num-of-screened-agents	num-of-screened-agents-external-1	num-of-screened-agents-external-2	num-of-positive-agents	num-of-positive-agents-external-1	num-of-positive-agents-external-2	num-vaccinated	num-immunized	num-immunized-in-quarantine	num-immunized-in-quarantine-external-1	num-immunized-in-quarantine-external-2	num-infected-outside	classroom-in-quarantine	num-of-classroom-in-quarantine	classroom-with-at-least-one-infected
0	123456918	251	0	0	0	0	0	0	0	0	0	0	0	0	0	0	0	0	0	0	0	0	0	50	39	0	0	0	0	[]	0	0
1	123456918	248	3	0	0	0	0	0	0	0	0	0	0	0	0	0	0	0	1	0	0	0	0	50	39	0	0	0	3	[]	0	0
2	123456918	233	17	1	0	0	0	0	0	0	0	0	0	0	0	0	0	0	3	0	0	0	0	50	39	0	0	0	10	[]	0	1
3	123456918	200	43	8	0	0	0	0	0	0	0	0	0	0	0	0	0	0	5	0	0	0	0	50	39	0	0	0	15	[]	0	3
4	123456918	149	81	18	2	0	0	0	0	0	0	0	0	0	0	1	0	0	7	1	0	0	1	50	39	0	0	0	20	[]	0	7
5	123456918	92	107	46	4	0	0	0	0	0	0	0	0	0	0	2	0	0	9	2	0	0	2	50	39	0	0	0	23	[]	0	8
6	123456918	90	82	63	12	0	0	0	0	0	0	0	0	0	0	4	0	0	10	4	0	0	4	50	39	0	0	0	25	[]	0	10
7	123456918	89	58	79	18	0	0	0	0	0	0	0	0	0	0	7	0	0	11	7	0	0	7	50	39	0	0	0	26	[]	0	12
8	123456918	41	87	92	22	0	0	0	0	0	0	1	0	0	0	6	2	0	13	8	0	1	8	50	39	0	0	0	30	[]	0	11
9	123456918	11	93	98	36	0	0	0	0	0	0	1	0	0	0	9	3	0	13	12	0	1	12	50	39	0	0	0	32	[]	0	12
10	123456918	4	72	107	50	0	0	0	0	0	0	0	1	0	0	14	3	0	13	17	0	1	17	50	39	0	0	0	32	[]	0	12
11	123456918	0	55	103	70	0	0	0	0	0	0	1	1	0	0	18	3	0	14	21	0	2	21	50	39	0	0	0	32	[]	0	12
12	123456918	0	35	110	80	0	0	0	0	0	0	1	1	0	0	19	5	0	14	24	0	2	24	50	39	0	0	0	32	[]	0	12
13	123456918	0	27	99	98	0	0	0	0	0	0	1	1	0	0	17	8	0	16	25	0	2	25	50	39	0	0	0	32	[]	0	12
14	123456918	0	19	95	111	0	0	0	0	0	0	1	1	0	0	15	9	0	18	25	0	2	25	50	39	0	0	0	32	[]	0	12
15	123456918	0	12	89	123	0	0	0	0	0	0	2	1	0	0	13	11	0	22	26	0	3	26	50	39	0	0	0	32	[]	0	12
16	123456918	0	9	80	135	0	0	0	0	0	0	3	1	0	0	11	12	0	24	27	0	4	27	50	39	0	0	0	32	[]	0	12
17	123456918	0	5	72	148	0	0	0	0	0	0	3	1	0	0	13	9	0	26	29	0	4	29	50	39	0	0	0	32	[]	0	12
18	123456918	0	3	60	161	0	0	0	0	0	0	2	1	0	0	15	9	0	27	32	0	4	32	50	39	0	0	0	32	[]	0	12
19	123456918	0	3	52	172	0	0	0	0	0	0	2	1	0	0	9	12	0	30	33	0	4	33	50	39	0	0	0	32	[]	0	12
20	123456918	0	3	40	187	0	0	0	0	0	0	3	1	0	0	7	10	0	33	34	0	5	34	50	39	0	0	0	32	[]	0	12
21	123456918	0	1	38	196	0	0	0	0	0	0	2	1	0	0	5	8	0	33	34	0	5	34	50	39	0	0	0	32	[]	0	12
22	123456918	0	0	33	205	0	0	0	0	0	0	2	1	0	0	4	6	0	35	34	0	5	34	50	39	0	0	0	32	[]	0	11
23	123456918	0	0	30	209	0	0	0	0	0	0	2	1	0	0	3	6	0	38	34	0	5	34	50	39	0	0	0	32	[]	0	11
24	123456918	0	0	27	211	0	0	0	0	0	0	1	2	0	0	4	6	0	41	35	0	5	35	50	39	0	0	0	32	[]	0	11
25	123456918	0	0	22	218	0	0	0	0	0	0	1	1	0	0	3	6	0	43	35	0	5	35	50	39	0	0	0	32	[]	0	11
26	123456918	0	0	20	222	0	0	0	0	0	0	0	1	0	0	3	5	0	45	35	0	5	35	50	39	0	0	0	32	[]	0	10
27	123456918	0	0	17	225	0	0	0	0	0	0	1	1	0	0	4	3	0	47	36	0	6	36	50	39	0	0	0	32	[]	0	10
28	123456918	0	0	14	230	0	0	0	0	0	0	0	2	0	0	4	1	0	48	37	0	6	37	50	39	0	0	0	32	[]	0	9
29	123456918	0	0	11	234	0	0	0	0	0	0	0	2	0	0	2	2	0	50	37	0	6	37	50	39	0	0	0	32	[]	0	8
30	123456918	0	0	9	238	0	0	0	0	0	0	0	1	0	0	0	3	0	52	37	0	6	37	50	39	0	0	0	32	[]	0	7
31	123456918	0	0	8	239	0	0	0	0	0	0	0	1	0	0	0	3	0	52	37	0	6	37	50	39	0	0	0	32	[]	0	6
32	123456918	0	0	5	241	0	0	0	0	0	0	0	1	0	0	1	3	0	55	38	0	6	38	50	39	0	0	0	32	[]	0	5
33	123456918	0	0	4	242	0	0	0	0	0	0	0	1	0	0	1	3	0	56	38	0	6	38	50	39	0	0	0	32	[]	0	4
34	123456918	0	0	4	243	0	0	0	0	0	0	0	1	0	0	1	2	0	56	38	0	6	38	50	39	0	0	0	32	[]	0	4
35	123456918	0	0	3	244	0	0	0	0	0	0	0	1	0	0	1	2	0	58	38	0	6	38	50	39	0	0	0	32	[]	0	3
36	123456918	0	0	3	244	0	0	0	0	0	0	0	1	0	0	1	2	0	59	38	0	6	38	50	39	0	0	0	32	[]	0	3
37	123456918	0	0	2	246	0	0	0	0	0	0	0	0	0	0	2	1	0	60	39	0	6	39	50	39	0	0	0	32	[]	0	3
38	123456918	0	0	2	247	0	0	0	0	0	0	0	0	0	0	2	0	0	60	39	0	6	39	50	39	0	0	0	32	[]	0	3
39	123456918	0	0	2	247	0	0	0	0	0	0	0	0	0	0	2	0	0	61	39	0	6	39	50	39	0	0	0	32	[]	0	3
40	123456918	0	0	2	247	0	0	0	0	0	0	0	0	0	0	2	0	0	63	39	0	6	39	50	39	0	0	0	32	[]	0	3
41	123456918	0	0	2	247	0	0	0	0	0	0	0	0	0	0	2	0	0	66	39	0	6	39	50	39	0	0	0	32	[]	0	3
42	123456918	0	0	2	248	0	0	0	0	0	0	0	0	0	0	1	0	0	68	39	0	6	39	50	39	0	0	0	32	[]	0	3
43	123456918	0	0	2	248	0	0	0	0	0	0	0	0	0	0	1	0	0	71	39	0	6	39	50	39	0	0	0	32	[]	0	3
44	123456918	0	0	2	248	0	0	0	0	0	0	0	0	0	0	1	0	0	72	39	0	6	39	50	39	0	0	0	32	[]	0	3
45	123456918	0	0	1	249	0	0	0	0	0	0	0	0	0	0	1	0	0	73	39	0	6	39	50	39	0	0	0	32	[]	0	2
46	123456918	0	0	1	249	0	0	0	0	0	0	0	0	0	0	1	0	0	73	39	0	6	39	50	39	0	0	0	32	[]	0	2
47	123456918	0	0	1	250	0	0	0	0	0	0	0	0	0	0	0	0	0	74	39	0	6	39	50	39	0	0	0	32	[]	0	1
48	123456918	0	0	1	250	0	0	0	0	0	0	0	0	0	0	0	0	0	78	39	0	6	39	50	39	0	0	0	32	[]	0	1
49	123456918	0	0	1	250	0	0	0	0	0	0	0	0	0	0	0	0	0	81	39	0	6	39	50	39	0	0	0	32	[]	0	1
50	123456918	0	0	1	250	0	0	0	0	0	0	0	0	0	0	0	0	0	83	39	0	6	39	50	39	0	0	0	32	[]	0	1
51	123456918	0	0	0	251	0	0	0	0	0	0	0	0	0	0	0	0	0	85	39	0	6	39	50	39	0	0	0	32	[]	0	0
52	123456918	0	0	0	251	0	0	0	0	0	0	0	0	0	0	0	0	0	86	39	0	6	39	50	39	0	0	0	32	[]	0	0
53	123456918	0	0	0	251	0	0	0	0	0	0	0	0	0	0	0	0	0	86	39	0	6	39	50	39	0	0	0	32	[]	0	0
54	123456918	0	0	0	251	0	0	0	0	0	0	0	0	0	0	0	0	0	87	39	0	6	39	50	39	0	0	0	32	[]	0	0
55	123456918	0	0	0	251	0	0	0	0	0	0	0	0	0	0	0	0	0	87	39	0	6	39	50	39	0	0	0	32	[]	0	0
56	123456918	0	0	0	251	0	0	0	0	0	0	0	0	0	0	0	0	0	88	39	0	6	39	50	39	0	0	0	32	[]	0	0
57	123456918	0	0	0	251	0	0	0	0	0	0	0	0	0	0	0	0	0	89	39	0	6	39	50	39	0	0	0	32	[]	0	0
58	123456918	0	0	0	251	0	0	0	0	0	0	0	0	0	0	0	0	0	90	39	0	6	39	50	39	0	0	0	32	[]	0	0
59	123456918	0	0	0	251	0	0	0	0	0	0	0	0	0	0	0	0	0	95	39	0	6	39	50	39	0	0	0	32	[]	0	0
60	123456918	0	0	0	251	0	0	0	0	0	0	0	0	0	0	0	0	0	96	39	0	6	39	50	39	0	0	0	32	[]	0	0
