day	seedRun	susceptible	exposed	infected	removed	susceptible-in-quarantine	exposed-in-quarantine	infected-in-quarantine	removed-in-quarantine	susceptible-in-quarantine-external-1	exposed-in-quarantine-external-1	infected-in-quarantine-external-1	removed-in-quarantine-external-1	susceptible-in-quarantine-external-2	exposed-in-quarantine-external-2	infected-in-quarantine-external-2	removed-in-quarantine-external-2	num-of-screened-agents	num-of-screened-agents-external-1	num-of-screened-agents-external-2	num-of-positive-agents	num-of-positive-agents-external-1	num-of-positive-agents-external-2	num-vaccinated	num-immunized	num-immunized-in-quarantine	num-immunized-in-quarantine-external-1	num-immunized-in-quarantine-external-2	num-infected-outside	classroom-in-quarantine	num-of-classroom-in-quarantine	classroom-with-at-least-one-infected
0	123456951	253	0	0	0	0	0	0	0	0	0	0	0	0	0	0	0	0	0	0	0	0	0	50	37	0	0	0	0	[]	0	0
1	123456951	249	4	0	0	0	0	0	0	0	0	0	0	0	0	0	0	0	3	0	0	0	0	50	37	0	0	0	4	[]	0	0
2	123456951	243	10	0	0	0	0	0	0	0	0	0	0	0	0	0	0	0	3	0	0	0	0	50	37	0	0	0	10	[]	0	0
3	123456951	197	52	4	0	0	0	0	0	0	0	0	0	0	0	0	0	0	7	0	0	0	0	50	37	0	0	0	16	[]	0	4
4	123456951	142	85	25	0	0	0	0	0	0	0	0	0	0	0	1	0	0	7	1	0	0	1	50	37	0	0	0	19	[]	0	6
5	123456951	101	98	49	2	0	0	0	0	0	0	1	0	0	0	2	0	0	10	2	0	1	2	50	37	0	0	0	23	[]	0	8
6	123456951	99	74	71	5	0	0	0	0	0	0	1	0	0	0	2	1	0	11	3	0	1	3	50	37	0	0	0	25	[]	0	9
7	123456951	96	64	70	15	0	0	0	0	0	0	1	0	0	0	5	2	0	15	7	0	1	7	50	37	0	0	0	28	[]	0	10
8	123456951	37	101	84	21	0	0	0	0	0	0	1	0	0	0	6	3	0	16	9	0	1	9	50	37	0	0	0	32	[]	0	11
9	123456951	22	92	93	30	0	0	0	0	0	0	1	0	0	0	12	3	0	17	15	0	1	15	50	37	0	0	0	32	[]	0	11
10	123456951	11	77	96	43	0	0	0	0	0	0	4	0	0	0	17	5	0	21	22	0	4	22	50	37	0	0	0	32	[]	0	12
11	123456951	3	62	105	54	0	0	0	0	0	0	4	0	0	0	19	6	0	21	25	0	4	25	50	37	0	0	0	32	[]	0	12
12	123456951	1	54	99	68	0	0	0	0	0	0	5	0	0	0	16	10	0	23	26	0	5	26	50	37	0	0	0	32	[]	0	12
13	123456951	1	39	97	80	0	0	0	0	0	0	4	1	0	0	20	11	0	24	31	0	5	31	50	37	0	0	0	32	[]	0	12
14	123456951	0	26	98	91	0	0	0	0	0	0	3	2	0	0	21	12	0	26	34	0	5	34	50	37	0	0	0	33	[]	0	12
15	123456951	0	15	97	103	0	0	0	0	0	0	1	3	0	0	19	15	0	27	36	0	5	36	50	37	0	0	0	33	[]	0	12
16	123456951	0	12	82	118	0	0	0	0	0	0	2	3	0	0	19	17	0	29	39	0	6	39	50	37	0	0	0	33	[]	0	12
17	123456951	0	8	67	137	0	0	0	0	0	0	2	3	0	0	19	17	0	30	43	0	6	43	50	37	0	0	0	33	[]	0	12
18	123456951	0	2	59	151	0	0	0	0	0	0	1	4	0	0	19	17	0	30	45	0	6	45	50	37	0	0	0	33	[]	0	12
19	123456951	0	2	50	166	0	0	0	0	0	0	0	5	0	0	16	14	0	33	45	0	6	45	50	37	0	0	0	33	[]	0	12
20	123456951	0	2	41	183	0	0	0	0	0	0	0	2	0	0	14	11	0	33	47	0	6	47	50	37	0	0	0	33	[]	0	11
21	123456951	0	1	34	191	0	0	0	0	0	0	0	2	0	0	15	10	0	35	50	0	6	50	50	37	0	0	0	33	[]	0	11
22	123456951	0	1	31	196	0	0	0	0	0	0	0	1	0	0	12	12	0	36	50	0	6	50	50	37	0	0	0	33	[]	0	11
23	123456951	0	1	25	206	0	0	0	0	0	0	0	1	0	0	11	9	0	36	51	0	6	51	50	37	0	0	0	33	[]	0	11
24	123456951	0	0	22	213	0	0	0	0	0	0	0	1	0	0	8	9	0	37	51	0	6	51	50	37	0	0	0	33	[]	0	10
25	123456951	0	0	17	220	0	0	0	0	0	0	0	1	0	0	6	9	0	37	51	0	6	51	50	37	0	0	0	33	[]	0	10
26	123456951	0	0	14	227	0	0	0	0	0	0	0	0	0	0	5	7	0	42	51	0	6	51	50	37	0	0	0	33	[]	0	9
27	123456951	0	0	10	235	0	0	0	0	0	0	0	0	0	0	4	4	0	43	51	0	6	51	50	37	0	0	0	33	[]	0	8
28	123456951	0	0	10	237	0	0	0	0	0	0	0	0	0	0	4	2	0	43	51	0	6	51	50	37	0	0	0	33	[]	0	8
29	123456951	0	0	9	238	0	0	0	0	0	0	0	0	0	0	3	3	0	44	51	0	6	51	50	37	0	0	0	33	[]	0	8
30	123456951	0	0	8	241	0	0	0	0	0	0	0	0	0	0	2	2	0	45	51	0	6	51	50	37	0	0	0	33	[]	0	6
31	123456951	0	0	8	244	0	0	0	0	0	0	0	0	0	0	1	0	0	45	51	0	6	51	50	37	0	0	0	33	[]	0	5
32	123456951	0	0	7	245	0	0	0	0	0	0	0	0	0	0	1	0	0	47	51	0	6	51	50	37	0	0	0	33	[]	0	5
33	123456951	0	0	7	246	0	0	0	0	0	0	0	0	0	0	0	0	0	50	51	0	6	51	50	37	0	0	0	33	[]	0	5
34	123456951	0	0	6	246	0	0	0	0	0	0	0	0	0	0	1	0	0	50	52	0	6	52	50	37	0	0	0	33	[]	0	5
35	123456951	0	0	4	248	0	0	0	0	0	0	0	0	0	0	1	0	0	52	52	0	6	52	50	37	0	0	0	33	[]	0	4
36	123456951	0	0	4	248	0	0	0	0	0	0	0	0	0	0	1	0	0	52	52	0	6	52	50	37	0	0	0	33	[]	0	4
37	123456951	0	0	3	249	0	0	0	0	0	0	0	0	0	0	1	0	0	52	52	0	6	52	50	37	0	0	0	33	[]	0	4
38	123456951	0	0	3	249	0	0	0	0	0	0	0	0	0	0	1	0	0	55	52	0	6	52	50	37	0	0	0	33	[]	0	4
39	123456951	0	0	2	250	0	0	0	0	0	0	0	0	0	0	1	0	0	57	52	0	6	52	50	37	0	0	0	33	[]	0	3
40	123456951	0	0	2	250	0	0	0	0	0	0	0	0	0	0	1	0	0	60	52	0	6	52	50	37	0	0	0	33	[]	0	3
41	123456951	0	0	2	250	0	0	0	0	0	0	0	0	0	0	1	0	0	61	52	0	6	52	50	37	0	0	0	33	[]	0	3
42	123456951	0	0	2	250	0	0	0	0	0	0	0	0	0	0	1	0	0	62	52	0	6	52	50	37	0	0	0	33	[]	0	3
43	123456951	0	0	2	250	0	0	0	0	0	0	0	0	0	0	1	0	0	65	52	0	6	52	50	37	0	0	0	33	[]	0	3
44	123456951	0	0	2	251	0	0	0	0	0	0	0	0	0	0	0	0	0	65	52	0	6	52	50	37	0	0	0	33	[]	0	2
45	123456951	0	0	2	251	0	0	0	0	0	0	0	0	0	0	0	0	0	67	52	0	6	52	50	37	0	0	0	33	[]	0	2
46	123456951	0	0	0	253	0	0	0	0	0	0	0	0	0	0	0	0	0	70	52	0	6	52	50	37	0	0	0	33	[]	0	0
47	123456951	0	0	0	253	0	0	0	0	0	0	0	0	0	0	0	0	0	70	52	0	6	52	50	37	0	0	0	33	[]	0	0
48	123456951	0	0	0	253	0	0	0	0	0	0	0	0	0	0	0	0	0	73	52	0	6	52	50	37	0	0	0	33	[]	0	0
49	123456951	0	0	0	253	0	0	0	0	0	0	0	0	0	0	0	0	0	75	52	0	6	52	50	37	0	0	0	33	[]	0	0
50	123456951	0	0	0	253	0	0	0	0	0	0	0	0	0	0	0	0	0	75	52	0	6	52	50	37	0	0	0	33	[]	0	0
51	123456951	0	0	0	253	0	0	0	0	0	0	0	0	0	0	0	0	0	76	52	0	6	52	50	37	0	0	0	33	[]	0	0
52	123456951	0	0	0	253	0	0	0	0	0	0	0	0	0	0	0	0	0	78	52	0	6	52	50	37	0	0	0	33	[]	0	0
53	123456951	0	0	0	253	0	0	0	0	0	0	0	0	0	0	0	0	0	81	52	0	6	52	50	37	0	0	0	33	[]	0	0
54	123456951	0	0	0	253	0	0	0	0	0	0	0	0	0	0	0	0	0	82	52	0	6	52	50	37	0	0	0	33	[]	0	0
55	123456951	0	0	0	253	0	0	0	0	0	0	0	0	0	0	0	0	0	83	52	0	6	52	50	37	0	0	0	33	[]	0	0
56	123456951	0	0	0	253	0	0	0	0	0	0	0	0	0	0	0	0	0	85	52	0	6	52	50	37	0	0	0	33	[]	0	0
57	123456951	0	0	0	253	0	0	0	0	0	0	0	0	0	0	0	0	0	88	52	0	6	52	50	37	0	0	0	33	[]	0	0
58	123456951	0	0	0	253	0	0	0	0	0	0	0	0	0	0	0	0	0	90	52	0	6	52	50	37	0	0	0	33	[]	0	0
59	123456951	0	0	0	253	0	0	0	0	0	0	0	0	0	0	0	0	0	93	52	0	6	52	50	37	0	0	0	33	[]	0	0
60	123456951	0	0	0	253	0	0	0	0	0	0	0	0	0	0	0	0	0	94	52	0	6	52	50	37	0	0	0	33	[]	0	0
