day	seedRun	susceptible	exposed	infected	removed	susceptible-in-quarantine	exposed-in-quarantine	infected-in-quarantine	removed-in-quarantine	susceptible-in-quarantine-external-1	exposed-in-quarantine-external-1	infected-in-quarantine-external-1	removed-in-quarantine-external-1	susceptible-in-quarantine-external-2	exposed-in-quarantine-external-2	infected-in-quarantine-external-2	removed-in-quarantine-external-2	num-of-screened-agents	num-of-screened-agents-external-1	num-of-screened-agents-external-2	num-of-positive-agents	num-of-positive-agents-external-1	num-of-positive-agents-external-2	num-vaccinated	num-immunized	num-immunized-in-quarantine	num-immunized-in-quarantine-external-1	num-immunized-in-quarantine-external-2	num-infected-outside	classroom-in-quarantine	num-of-classroom-in-quarantine	classroom-with-at-least-one-infected
0	123457157	144	0	0	0	0	0	0	0	0	0	0	0	0	0	0	0	0	0	0	0	0	0	218	146	0	0	0	0	[]	0	0
1	123457157	143	1	0	0	0	0	0	0	0	0	0	0	0	0	0	0	0	0	0	0	0	0	218	146	0	0	0	1	[]	0	0
2	123457157	136	7	1	0	0	0	0	0	0	0	0	0	0	0	0	0	0	2	0	0	0	0	218	146	0	0	0	1	[]	0	1
3	123457157	134	8	2	0	0	0	0	0	0	0	0	0	0	0	0	0	0	5	0	0	0	0	218	146	0	0	0	1	[]	0	1
4	123457157	128	11	5	0	0	0	0	0	0	0	0	0	0	0	0	0	0	7	0	0	0	0	218	146	0	0	0	1	[]	0	1
5	123457157	127	11	5	1	0	0	0	0	0	0	0	0	0	0	0	0	0	8	0	0	0	0	218	146	0	0	0	1	[]	0	1
6	123457157	127	9	6	2	0	0	0	0	0	0	0	0	0	0	0	0	0	9	0	0	0	0	218	146	0	0	0	1	[]	0	2
7	123457157	127	8	7	2	0	0	0	0	0	0	0	0	0	0	0	0	0	9	0	0	0	0	218	146	0	0	0	1	[]	0	2
8	123457157	123	11	8	2	0	0	0	0	0	0	0	0	0	0	0	0	0	9	0	0	0	0	218	146	0	0	0	1	[]	0	2
9	123457157	116	12	4	1	0	3	6	1	0	0	0	0	0	0	1	0	19	11	1	6	0	1	218	137	9	0	0	1	[3D]	1	2
10	123457157	115	11	4	3	0	2	5	3	0	0	0	0	0	0	1	0	19	13	1	6	0	1	218	137	9	0	0	2	[3D]	1	2
11	123457157	107	16	2	4	0	2	8	3	0	0	0	0	0	0	2	0	38	17	2	9	0	2	218	137	9	0	0	2	[3D]	1	3
12	123457157	98	23	4	4	0	2	8	3	0	0	0	0	0	0	2	0	38	18	2	9	0	2	218	137	9	0	0	2	[3D]	1	3
13	123457157	98	17	10	4	0	1	7	5	0	0	0	0	0	0	2	0	38	20	2	9	0	2	218	137	9	0	0	2	[3D]	1	4
14	123457157	98	12	13	6	0	1	7	5	0	0	0	0	0	0	2	0	38	21	2	9	0	2	218	137	9	0	0	2	[3D]	1	4
15	123457157	81	23	11	5	0	0	6	8	0	0	0	0	0	1	5	4	57	24	4	10	0	4	218	128	9	0	9	2	[3D 1D]	2	5
16	123457157	69	28	9	4	0	2	12	9	0	0	0	0	0	1	5	5	76	25	5	16	0	5	218	118	19	0	9	2	[3D 1D 3C]	3	6
17	123457157	51	38	15	6	0	2	8	13	0	0	0	0	0	0	5	6	76	27	5	16	0	5	218	118	19	0	9	2	[3D 1D 3C]	3	7
18	123457157	39	39	19	9	0	2	11	13	0	0	0	0	0	0	5	7	95	30	6	19	0	6	218	118	19	0	9	2	[3D 1D 3C]	3	9
19	123457157	22	37	27	22	1	6	10	7	0	0	0	0	0	0	4	8	112	30	7	22	0	7	218	118	19	0	9	2	[1D 3C 1C]	3	9
20	123457157	22	24	22	23	1	11	17	10	0	0	0	0	0	0	6	8	150	30	9	30	0	9	218	112	25	0	9	2	[1D 3C 1C 1B]	4	9
21	123457157	22	12	23	24	1	11	24	12	0	0	0	0	0	0	7	8	169	31	10	35	0	10	218	102	35	0	9	2	[1D 3C 1C 1B 2D]	5	11
22	123457157	11	12	13	24	4	11	36	16	0	0	2	0	0	0	7	8	204	34	10	43	2	10	218	86	51	0	9	2	[1D 3C 1C 1B 2D 1A 2B]	7	10
23	123457157	4	12	12	25	4	10	36	24	0	0	2	0	0	0	7	8	220	34	10	47	2	10	218	77	60	0	9	2	[1D 3C 1C 1B 2D 1A 2B 2C]	8	11
24	123457157	2	13	11	27	4	5	36	29	0	0	1	1	0	0	7	8	220	34	10	47	2	10	218	77	60	0	9	2	[1D 3C 1C 1B 2D 1A 2B 2C]	8	10
25	123457157	1	12	11	40	4	4	31	32	0	0	1	1	0	0	6	1	220	34	10	47	2	10	218	86	60	0	0	2	[3C 1C 1B 2D 1A 2B 2C]	7	9
26	123457157	1	9	13	51	4	4	25	29	0	0	1	1	0	0	4	2	220	34	10	47	2	10	218	96	50	0	0	2	[1C 1B 2D 1A 2B 2C]	6	8
27	123457157	1	6	16	51	4	2	24	32	0	0	1	1	0	0	3	3	220	34	10	47	2	10	218	96	50	0	0	2	[1C 1B 2D 1A 2B 2C]	6	8
28	123457157	1	5	8	50	4	2	29	36	0	0	0	2	0	0	2	5	239	35	11	54	2	11	218	86	60	0	0	2	[1C 1B 2D 1A 2B 2C 2A]	7	8
29	123457157	1	5	9	60	3	1	24	34	0	0	0	2	0	0	0	5	239	37	11	54	2	11	218	95	51	0	0	2	[1B 2D 1A 2B 2C 2A]	6	7
30	123457157	1	3	11	74	3	1	17	28	0	0	0	2	0	0	0	4	239	39	11	54	2	11	218	101	45	0	0	2	[2D 1A 2B 2C 2A]	5	7
31	123457157	1	3	9	86	3	0	14	23	0	0	0	2	0	0	0	3	239	39	11	54	2	11	218	111	35	0	0	2	[1A 2B 2C 2A]	4	6
32	123457157	4	3	9	107	0	0	5	14	0	0	0	0	0	0	0	2	239	40	11	54	2	11	218	127	19	0	0	2	[2C 2A]	2	4
33	123457157	3	4	9	118	0	0	4	5	0	0	0	0	0	0	0	1	239	41	11	54	2	11	218	136	10	0	0	2	[2A]	1	3
34	123457157	3	0	10	121	0	0	4	5	0	0	0	0	0	0	0	1	239	44	11	54	2	11	218	136	10	0	0	2	[2A]	1	4
35	123457157	3	0	9	122	0	0	4	5	0	0	0	0	0	0	0	1	239	46	11	54	2	11	218	136	10	0	0	2	[2A]	1	4
36	123457157	3	0	6	125	0	0	2	7	0	0	0	0	0	0	0	1	239	47	11	54	2	11	218	136	10	0	0	2	[2A]	1	4
37	123457157	1	2	6	125	0	0	2	7	0	0	0	0	0	0	0	1	239	49	11	54	2	11	218	136	10	0	0	2	[2A]	1	4
38	123457157	1	2	6	135	0	0	0	0	0	0	0	0	0	0	0	0	239	50	11	54	2	11	218	146	0	0	0	2	[]	0	3
39	123457157	1	2	5	136	0	0	0	0	0	0	0	0	0	0	0	0	239	52	11	54	2	11	218	146	0	0	0	2	[]	0	2
40	123457157	1	2	4	137	0	0	0	0	0	0	0	0	0	0	0	0	239	52	11	54	2	11	218	146	0	0	0	2	[]	0	2
41	123457157	1	1	5	137	0	0	0	0	0	0	0	0	0	0	0	0	239	54	11	54	2	11	218	146	0	0	0	2	[]	0	3
42	123457157	1	1	4	138	0	0	0	0	0	0	0	0	0	0	0	0	239	54	11	54	2	11	218	146	0	0	0	2	[]	0	3
43	123457157	1	1	4	138	0	0	0	0	0	0	0	0	0	0	0	0	239	54	11	54	2	11	218	146	0	0	0	2	[]	0	3
44	123457157	1	1	3	138	0	0	0	0	0	0	0	0	0	0	1	0	258	56	12	54	2	12	218	146	0	0	0	2	[]	0	3
45	123457157	1	1	2	139	0	0	0	0	0	0	0	0	0	0	1	0	258	58	12	54	2	12	218	146	0	0	0	2	[]	0	3
46	123457157	1	1	2	139	0	0	0	0	0	0	0	0	0	0	1	0	258	61	12	54	2	12	218	146	0	0	0	2	[]	0	3
47	123457157	1	0	3	139	0	0	0	0	0	0	0	0	0	0	1	0	258	61	12	54	2	12	218	146	0	0	0	2	[]	0	3
48	123457157	1	0	3	139	0	0	0	0	0	0	0	0	0	0	1	0	258	63	12	54	2	12	218	146	0	0	0	2	[]	0	3
49	123457157	1	0	1	139	0	0	1	0	0	0	0	0	0	0	2	0	296	64	13	55	2	13	218	146	0	0	0	2	[]	0	3
50	123457157	1	0	1	139	0	0	1	0	0	0	0	0	0	0	2	0	296	66	13	55	2	13	218	146	0	0	0	2	[]	0	3
51	123457157	1	0	1	139	0	0	1	0	0	0	0	0	0	0	2	0	296	67	13	55	2	13	218	146	0	0	0	2	[]	0	3
52	123457157	1	0	1	139	0	0	1	0	0	0	0	0	0	0	2	0	296	69	13	55	2	13	218	146	0	0	0	2	[]	0	3
53	123457157	1	0	1	139	0	0	1	0	0	0	0	0	0	0	1	1	296	73	13	55	2	13	218	146	0	0	0	2	[]	0	3
54	123457157	1	0	1	140	0	0	1	0	0	0	0	0	0	0	1	0	296	76	13	55	2	13	218	146	0	0	0	2	[]	0	3
55	123457157	1	0	1	140	0	0	1	0	0	0	0	0	0	0	1	0	296	80	13	55	2	13	218	146	0	0	0	2	[]	0	3
56	123457157	1	0	1	140	0	0	1	0	0	0	0	0	0	0	1	0	296	81	13	55	2	13	218	146	0	0	0	2	[]	0	3
57	123457157	1	0	1	140	0	0	1	0	0	0	0	0	0	0	1	0	296	85	13	55	2	13	218	146	0	0	0	2	[]	0	3
58	123457157	1	0	0	141	0	0	1	0	0	0	0	0	0	0	1	0	296	86	13	55	2	13	218	146	0	0	0	2	[]	0	2
59	123457157	1	0	0	143	0	0	0	0	0	0	0	0	0	0	0	0	296	88	13	55	2	13	218	146	0	0	0	2	[]	0	0
60	123457157	1	0	0	143	0	0	0	0	0	0	0	0	0	0	0	0	296	89	13	55	2	13	218	146	0	0	0	2	[]	0	0
