day	seedRun	susceptible	exposed	infected	removed	susceptible-in-quarantine	exposed-in-quarantine	infected-in-quarantine	removed-in-quarantine	susceptible-in-quarantine-external-1	exposed-in-quarantine-external-1	infected-in-quarantine-external-1	removed-in-quarantine-external-1	susceptible-in-quarantine-external-2	exposed-in-quarantine-external-2	infected-in-quarantine-external-2	removed-in-quarantine-external-2	num-of-screened-agents	num-of-screened-agents-external-1	num-of-screened-agents-external-2	num-of-positive-agents	num-of-positive-agents-external-1	num-of-positive-agents-external-2	num-vaccinated	num-immunized	num-immunized-in-quarantine	num-immunized-in-quarantine-external-1	num-immunized-in-quarantine-external-2	num-infected-outside	classroom-in-quarantine	num-of-classroom-in-quarantine	classroom-with-at-least-one-infected
0	123457130	123	0	0	0	0	0	0	0	0	0	0	0	0	0	0	0	0	0	0	0	0	0	218	167	0	0	0	0	[]	0	0
1	123457130	123	0	0	0	0	0	0	0	0	0	0	0	0	0	0	0	0	2	0	0	0	0	218	167	0	0	0	0	[]	0	0
2	123457130	123	0	0	0	0	0	0	0	0	0	0	0	0	0	0	0	0	5	0	0	0	0	218	167	0	0	0	0	[]	0	0
3	123457130	123	0	0	0	0	0	0	0	0	0	0	0	0	0	0	0	0	8	0	0	0	0	218	167	0	0	0	0	[]	0	0
4	123457130	123	0	0	0	0	0	0	0	0	0	0	0	0	0	0	0	0	11	0	0	0	0	218	167	0	0	0	0	[]	0	0
5	123457130	123	0	0	0	0	0	0	0	0	0	0	0	0	0	0	0	0	13	0	0	0	0	218	167	0	0	0	0	[]	0	0
6	123457130	122	1	0	0	0	0	0	0	0	0	0	0	0	0	0	0	0	13	0	0	0	0	218	167	0	0	0	1	[]	0	0
7	123457130	122	1	0	0	0	0	0	0	0	0	0	0	0	0	0	0	0	15	0	0	0	0	218	167	0	0	0	1	[]	0	0
8	123457130	122	1	0	0	0	0	0	0	0	0	0	0	0	0	0	0	0	19	0	0	0	0	218	167	0	0	0	1	[]	0	0
9	123457130	122	1	0	0	0	0	0	0	0	0	0	0	0	0	0	0	0	22	0	0	0	0	218	167	0	0	0	1	[]	0	0
10	123457130	116	6	1	0	0	0	0	0	0	0	0	0	0	0	0	0	0	23	0	0	0	0	218	167	0	0	0	1	[]	0	1
11	123457130	110	10	3	0	0	0	0	0	0	0	0	0	0	0	0	0	0	23	0	0	0	0	218	167	0	0	0	1	[]	0	1
12	123457130	103	11	8	1	0	0	0	0	0	0	0	0	0	0	0	0	0	24	0	0	0	0	218	167	0	0	0	2	[]	0	2
13	123457130	103	6	3	0	0	2	5	2	0	0	0	0	0	0	2	0	38	28	2	5	0	2	218	156	11	0	0	2	[1B]	1	3
14	123457130	103	3	5	1	0	1	6	2	0	0	0	0	0	0	2	0	38	31	2	5	0	2	218	156	11	0	0	2	[1B]	1	4
15	123457130	95	11	4	2	0	0	7	2	0	0	0	0	0	0	2	0	38	32	2	5	0	2	218	156	11	0	0	2	[1B]	1	4
16	123457130	92	12	5	3	0	0	4	5	0	0	0	0	0	0	2	0	38	33	2	5	0	2	218	156	11	0	0	2	[1B]	1	3
17	123457130	86	15	7	4	0	0	4	5	0	0	0	0	0	0	2	0	38	35	2	5	0	2	218	156	11	0	0	2	[1B]	1	4
18	123457130	82	13	5	5	0	3	7	6	0	0	0	0	0	0	1	1	56	36	2	9	0	2	218	145	22	0	0	2	[1B 1A]	2	4
19	123457130	81	10	9	5	0	1	7	8	0	0	0	0	0	0	1	1	56	38	2	9	0	2	218	145	22	0	0	2	[1B 1A]	2	4
20	123457130	81	5	4	5	0	4	11	10	0	0	0	0	0	0	2	1	75	39	3	14	0	3	218	135	32	0	0	2	[1B 1A 3C]	3	4
21	123457130	80	4	5	6	0	1	14	10	0	0	0	0	0	0	2	1	75	43	3	14	0	3	218	135	32	0	0	3	[1B 1A 3C]	3	4
22	123457130	76	7	6	6	0	1	12	12	0	0	0	0	0	0	2	1	75	46	3	14	0	3	218	135	32	0	0	3	[1B 1A 3C]	3	4
23	123457130	69	12	5	17	0	1	10	6	0	0	0	0	0	0	2	1	94	47	4	14	0	4	218	146	21	0	0	3	[1A 3C]	2	4
24	123457130	61	19	5	18	0	1	10	6	0	0	0	0	0	0	2	1	94	47	4	14	0	4	218	146	21	0	0	3	[1A 3C]	2	4
25	123457130	52	18	5	18	2	4	14	6	0	0	0	0	0	0	3	1	112	48	5	18	0	5	218	137	30	0	0	3	[1A 3C 1C]	3	5
26	123457130	47	17	11	18	2	3	15	6	0	0	0	0	0	0	2	2	112	52	5	18	0	5	218	137	30	0	0	3	[1A 3C 1C]	3	6
27	123457130	47	12	16	18	2	2	13	9	0	0	0	0	0	0	2	2	112	53	5	18	0	5	218	137	30	0	0	3	[1A 3C 1C]	3	7
28	123457130	47	10	17	28	2	2	10	4	0	0	0	0	0	0	2	1	112	56	5	18	0	5	218	148	19	0	0	3	[3C 1C]	2	7
29	123457130	43	11	15	33	2	0	12	4	0	0	0	0	0	0	1	2	112	59	5	18	0	5	218	148	19	0	0	3	[3C 1C]	2	6
30	123457130	40	10	15	47	2	0	7	0	0	0	0	0	0	0	1	1	112	62	5	18	0	5	218	158	9	0	0	3	[1C]	1	5
31	123457130	39	7	18	48	2	0	6	1	0	0	0	0	0	0	1	1	112	65	5	18	0	5	218	158	9	0	0	3	[1C]	1	5
32	123457130	38	5	15	46	2	0	9	5	0	0	0	0	0	0	2	1	131	65	6	22	0	6	218	146	21	0	0	3	[1C 1D]	2	5
33	123457130	35	5	16	48	2	0	9	5	0	0	0	0	0	0	2	1	131	69	6	22	0	6	218	146	21	0	0	3	[1C 1D]	2	6
34	123457130	35	5	11	50	2	0	8	8	0	0	0	0	0	0	3	1	150	71	7	24	0	7	218	146	21	0	0	3	[1C 1D]	2	6
35	123457130	37	4	10	60	0	0	5	4	0	0	0	0	0	0	3	0	169	73	8	24	0	8	218	155	12	0	0	3	[1D]	1	6
36	123457130	27	13	9	62	0	0	4	5	0	0	0	0	0	0	3	0	169	75	8	24	0	8	218	155	12	0	0	3	[1D]	1	6
37	123457130	23	13	13	62	0	0	2	7	0	0	0	0	0	0	3	0	169	78	8	24	0	8	218	155	12	0	0	3	[1D]	1	6
38	123457130	22	10	14	65	0	0	2	7	0	0	0	0	0	0	3	0	169	79	8	24	0	8	218	155	12	0	0	3	[1D]	1	6
39	123457130	22	7	16	65	0	0	3	7	0	0	0	0	0	0	3	0	186	80	8	25	0	8	218	155	12	0	0	3	[1D]	1	6
40	123457130	21	7	11	68	0	0	4	8	0	0	0	0	0	0	4	0	224	83	9	27	0	9	218	155	12	0	0	3	[1D]	1	7
41	123457130	21	3	12	71	0	0	3	9	0	0	0	0	0	0	3	1	224	83	9	27	0	9	218	155	12	0	0	3	[1D]	1	8
42	123457130	21	1	14	79	0	0	1	4	0	0	0	0	0	0	3	0	224	83	9	27	0	9	218	167	0	0	0	3	[]	0	7
43	123457130	15	6	7	78	0	0	5	8	0	0	0	0	0	0	4	0	243	84	10	31	0	10	218	156	11	0	0	3	[3B]	1	7
44	123457130	8	10	9	82	0	0	4	7	0	0	0	0	0	0	2	1	243	85	10	31	0	10	218	156	11	0	0	3	[3B]	1	7
45	123457130	2	12	7	81	0	0	5	13	0	0	1	0	0	0	1	1	279	86	10	34	1	10	218	145	22	0	0	3	[3B 2C]	2	5
46	123457130	2	7	4	80	0	3	9	14	0	0	0	1	0	0	2	1	298	87	11	38	1	11	218	134	33	0	0	3	[3B 2C 3A]	3	5
47	123457130	1	6	5	81	0	2	9	15	0	0	0	1	0	0	2	1	298	88	11	38	1	11	218	134	33	0	0	3	[3B 2C 3A]	3	4
48	123457130	1	6	5	81	0	1	9	16	0	0	0	1	0	0	2	1	298	89	11	38	1	11	218	134	33	0	0	3	[3B 2C 3A]	3	4
49	123457130	1	3	7	83	0	1	7	17	0	0	0	1	0	0	2	1	298	89	11	38	1	11	218	134	33	0	0	3	[3B 2C 3A]	3	4
50	123457130	1	3	6	84	0	1	5	19	0	0	0	1	0	0	1	2	316	94	11	38	1	11	218	134	33	0	0	3	[3B 2C 3A]	3	4
51	123457130	1	2	7	84	0	0	6	19	0	0	0	1	0	0	0	3	316	97	11	38	1	11	218	134	33	0	0	3	[3B 2C 3A]	3	3
52	123457130	1	2	7	84	0	0	6	19	0	0	0	1	0	0	0	3	316	99	11	38	1	11	218	134	33	0	0	3	[3B 2C 3A]	3	3
53	123457130	1	0	0	91	0	1	12	14	0	0	0	1	0	0	1	2	335	100	12	45	1	12	218	136	31	0	0	3	[2C 3A 2A]	3	3
54	123457130	1	0	0	91	0	1	12	14	0	0	0	1	0	0	1	2	335	100	12	45	1	12	218	136	31	0	0	3	[2C 3A 2A]	3	3
55	123457130	1	0	0	102	0	1	8	9	0	0	0	0	0	0	1	1	335	101	12	45	1	12	218	147	20	0	0	3	[3A 2A]	2	2
56	123457130	1	0	0	111	0	1	5	4	0	0	0	0	0	0	1	0	335	101	12	45	1	12	218	158	9	0	0	3	[2A]	1	1
57	123457130	1	0	0	111	0	1	3	6	0	0	0	0	0	0	0	1	335	101	12	45	1	12	218	158	9	0	0	3	[2A]	1	1
58	123457130	1	0	0	111	0	1	3	6	0	0	0	0	0	0	0	1	335	104	12	45	1	12	218	158	9	0	0	3	[2A]	1	1
59	123457130	1	0	0	111	0	1	3	6	0	0	0	0	0	0	0	1	335	105	12	45	1	12	218	158	9	0	0	3	[2A]	1	1
60	123457130	1	0	0	111	0	0	3	7	0	0	0	0	0	0	0	1	335	108	12	45	1	12	218	158	9	0	0	3	[2A]	1	1
