day	seedRun	susceptible	exposed	infected	removed	susceptible-in-quarantine	exposed-in-quarantine	infected-in-quarantine	removed-in-quarantine	susceptible-in-quarantine-external-1	exposed-in-quarantine-external-1	infected-in-quarantine-external-1	removed-in-quarantine-external-1	susceptible-in-quarantine-external-2	exposed-in-quarantine-external-2	infected-in-quarantine-external-2	removed-in-quarantine-external-2	num-of-screened-agents	num-of-screened-agents-external-1	num-of-screened-agents-external-2	num-of-positive-agents	num-of-positive-agents-external-1	num-of-positive-agents-external-2	num-vaccinated	num-immunized	num-immunized-in-quarantine	num-immunized-in-quarantine-external-1	num-immunized-in-quarantine-external-2	num-infected-outside	classroom-in-quarantine	num-of-classroom-in-quarantine	classroom-with-at-least-one-infected
0	123456940	148	0	0	0	0	0	0	0	0	0	0	0	0	0	0	0	0	0	0	0	0	0	218	142	0	0	0	0	[]	0	0
1	123456940	146	2	0	0	0	0	0	0	0	0	0	0	0	0	0	0	0	1	0	0	0	0	218	142	0	0	0	2	[]	0	0
2	123456940	145	2	1	0	0	0	0	0	0	0	0	0	0	0	0	0	0	3	0	0	0	0	218	142	0	0	0	3	[]	0	1
3	123456940	141	5	2	0	0	0	0	0	0	0	0	0	0	0	0	0	0	3	0	0	0	0	218	142	0	0	0	5	[]	0	2
4	123456940	139	6	2	0	0	0	0	0	0	0	0	0	0	0	1	0	0	6	1	0	0	1	218	142	0	0	0	7	[]	0	2
5	123456940	131	12	4	0	0	0	0	0	0	0	0	0	0	0	1	0	0	8	1	0	0	1	218	142	0	0	0	11	[]	0	4
6	123456940	130	10	6	1	0	0	0	0	0	0	0	0	0	0	1	0	0	10	1	0	0	1	218	142	0	0	0	12	[]	0	5
7	123456940	124	13	8	2	0	0	0	0	0	0	0	0	0	0	1	0	0	13	1	0	0	1	218	142	0	0	0	18	[]	0	7
8	123456940	114	17	12	3	0	0	0	0	0	0	0	0	0	0	1	1	0	15	2	0	0	2	218	142	0	0	0	18	[]	0	7
9	123456940	101	24	16	4	0	0	0	0	0	0	0	0	0	0	2	1	0	16	3	0	0	3	218	142	0	0	0	19	[]	0	8
10	123456940	88	26	22	8	0	0	0	0	0	0	1	0	0	0	2	1	0	17	3	0	1	3	218	142	0	0	0	21	[]	0	8
11	123456940	73	29	32	9	0	0	0	0	0	0	1	0	0	0	3	1	0	20	4	0	1	4	218	142	0	0	0	21	[]	0	9
12	123456940	61	34	29	16	0	0	0	0	0	0	1	0	0	0	6	1	0	22	7	0	1	7	218	142	0	0	0	24	[]	0	9
13	123456940	60	25	35	20	0	0	0	0	0	0	1	0	0	0	4	3	0	22	7	0	1	7	218	142	0	0	0	25	[]	0	10
14	123456940	58	20	34	26	0	0	0	0	0	0	1	0	0	0	7	2	0	23	10	0	1	10	218	142	0	0	0	27	[]	0	10
15	123456940	52	21	35	30	0	0	0	0	0	0	1	0	0	0	7	2	0	23	10	0	1	10	218	142	0	0	0	27	[]	0	10
16	123456940	47	18	36	36	0	0	0	0	0	0	1	0	0	0	8	2	0	23	11	0	1	11	218	142	0	0	0	28	[]	0	10
17	123456940	40	21	34	41	0	0	0	0	0	0	1	0	0	0	8	3	0	24	12	0	1	12	218	142	0	0	0	30	[]	0	10
18	123456940	35	21	36	45	0	0	0	0	0	0	0	1	0	0	6	4	0	24	12	0	1	12	218	142	0	0	0	30	[]	0	11
19	123456940	27	18	44	48	0	0	0	0	0	0	0	1	0	0	7	3	0	24	13	0	1	13	218	142	0	0	0	31	[]	0	11
20	123456940	26	14	41	56	0	0	0	0	0	0	0	0	0	0	6	5	0	24	14	0	1	14	218	142	0	0	0	32	[]	0	11
21	123456940	26	12	39	59	0	0	0	0	0	0	1	0	0	0	5	6	0	26	15	0	2	15	218	142	0	0	0	32	[]	0	11
22	123456940	23	12	35	69	0	0	0	0	0	0	1	0	0	0	5	3	0	27	15	0	2	15	218	142	0	0	0	32	[]	0	11
23	123456940	20	11	34	73	0	0	0	0	0	0	1	0	0	0	5	4	0	28	16	0	2	16	218	142	0	0	0	33	[]	0	11
24	123456940	17	12	30	81	0	0	0	0	0	0	1	0	0	0	5	2	0	33	17	0	2	17	218	142	0	0	0	33	[]	0	12
25	123456940	13	13	27	87	0	0	0	0	0	0	1	0	0	0	4	3	0	36	17	0	2	17	218	142	0	0	0	33	[]	0	12
26	123456940	11	10	28	92	0	0	0	0	0	0	1	0	0	0	3	3	0	40	17	0	2	17	218	142	0	0	0	33	[]	0	12
27	123456940	11	6	25	97	0	0	0	0	0	0	1	0	0	0	6	2	0	41	20	0	2	20	218	142	0	0	0	33	[]	0	12
28	123456940	11	4	22	102	0	0	0	0	0	0	1	0	0	0	6	2	0	41	20	0	2	20	218	142	0	0	0	33	[]	0	11
29	123456940	11	4	17	107	0	0	0	0	0	0	1	0	0	0	5	3	0	46	21	0	2	21	218	142	0	0	0	33	[]	0	9
30	123456940	10	4	17	109	0	0	0	0	0	0	1	0	0	0	4	3	0	49	21	0	2	21	218	142	0	0	0	33	[]	0	9
31	123456940	9	3	17	113	0	0	0	0	0	0	0	0	0	0	3	3	0	50	21	0	2	21	218	142	0	0	0	33	[]	0	9
32	123456940	8	4	14	116	0	0	0	0	0	0	0	0	0	0	3	3	0	50	21	0	2	21	218	142	0	0	0	33	[]	0	8
33	123456940	6	4	13	120	0	0	0	0	0	0	0	0	0	0	2	3	0	51	21	0	2	21	218	142	0	0	0	33	[]	0	7
34	123456940	6	3	10	125	0	0	0	0	0	0	0	0	0	0	1	3	0	51	21	0	2	21	218	142	0	0	0	33	[]	0	5
35	123456940	6	1	11	126	0	0	0	0	0	0	0	0	0	0	1	3	0	53	21	0	2	21	218	142	0	0	0	33	[]	0	6
36	123456940	5	2	10	127	0	0	0	0	0	0	0	0	0	0	1	3	0	53	21	0	2	21	218	142	0	0	0	33	[]	0	6
37	123456940	4	1	12	130	0	0	0	0	0	0	0	0	0	0	0	1	0	54	21	0	2	21	218	142	0	0	0	33	[]	0	5
38	123456940	4	1	11	131	0	0	0	0	0	0	0	0	0	0	0	1	0	56	21	0	2	21	218	142	0	0	0	33	[]	0	5
39	123456940	3	1	11	133	0	0	0	0	0	0	0	0	0	0	0	0	0	58	21	0	2	21	218	142	0	0	0	34	[]	0	4
40	123456940	3	1	7	136	0	0	0	0	0	0	0	0	0	0	1	0	0	59	22	0	2	22	218	142	0	0	0	34	[]	0	4
41	123456940	3	1	7	136	0	0	0	0	0	0	0	0	0	0	0	1	0	61	22	0	2	22	218	142	0	0	0	34	[]	0	3
42	123456940	3	1	6	137	0	0	0	0	0	0	0	0	0	0	0	1	0	62	22	0	2	22	218	142	0	0	0	34	[]	0	2
43	123456940	3	1	4	137	0	0	0	0	0	0	0	0	0	0	2	1	0	63	24	0	2	24	218	142	0	0	0	34	[]	0	2
44	123456940	3	0	4	138	0	0	0	0	0	0	0	0	0	0	2	1	0	65	24	0	2	24	218	142	0	0	0	34	[]	0	2
45	123456940	3	0	3	138	0	0	0	0	0	0	0	0	0	0	2	2	0	67	25	0	2	25	218	142	0	0	0	34	[]	0	1
46	123456940	3	0	2	139	0	0	0	0	0	0	0	0	0	0	1	3	0	69	25	0	2	25	218	142	0	0	0	34	[]	0	1
47	123456940	3	0	2	139	0	0	0	0	0	0	0	0	0	0	1	3	0	70	25	0	2	25	218	142	0	0	0	34	[]	0	1
48	123456940	3	0	2	139	0	0	0	0	0	0	0	0	0	0	1	3	0	71	25	0	2	25	218	142	0	0	0	34	[]	0	1
49	123456940	3	0	2	139	0	0	0	0	0	0	0	0	0	0	1	3	0	73	25	0	2	25	218	142	0	0	0	34	[]	0	1
50	123456940	3	0	1	141	0	0	0	0	0	0	0	0	0	0	1	2	0	73	25	0	2	25	218	142	0	0	0	34	[]	0	1
51	123456940	3	0	1	141	0	0	0	0	0	0	0	0	0	0	0	3	0	73	25	0	2	25	218	142	0	0	0	34	[]	0	0
52	123456940	2	1	1	141	0	0	0	0	0	0	0	0	0	0	0	3	0	75	25	0	2	25	218	142	0	0	0	35	[]	0	0
53	123456940	2	1	0	144	0	0	0	0	0	0	0	0	0	0	0	1	0	76	25	0	2	25	218	142	0	0	0	35	[]	0	0
54	123456940	2	1	0	144	0	0	0	0	0	0	0	0	0	0	0	1	0	77	25	0	2	25	218	142	0	0	0	35	[]	0	0
55	123456940	2	1	0	145	0	0	0	0	0	0	0	0	0	0	0	0	0	77	25	0	2	25	218	142	0	0	0	35	[]	0	0
56	123456940	2	1	0	145	0	0	0	0	0	0	0	0	0	0	0	0	0	85	25	0	2	25	218	142	0	0	0	35	[]	0	0
57	123456940	2	1	0	145	0	0	0	0	0	0	0	0	0	0	0	0	0	88	25	0	2	25	218	142	0	0	0	35	[]	0	0
58	123456940	2	0	1	145	0	0	0	0	0	0	0	0	0	0	0	0	0	89	25	0	2	25	218	142	0	0	0	35	[]	0	1
59	123456940	2	0	0	146	0	0	0	0	0	0	0	0	0	0	0	0	0	90	25	0	2	25	218	142	0	0	0	35	[]	0	0
60	123456940	2	0	0	146	0	0	0	0	0	0	0	0	0	0	0	0	0	93	25	0	2	25	218	142	0	0	0	35	[]	0	0
