day	seedRun	susceptible	exposed	infected	removed	susceptible-in-quarantine	exposed-in-quarantine	infected-in-quarantine	removed-in-quarantine	susceptible-in-quarantine-external-1	exposed-in-quarantine-external-1	infected-in-quarantine-external-1	removed-in-quarantine-external-1	susceptible-in-quarantine-external-2	exposed-in-quarantine-external-2	infected-in-quarantine-external-2	removed-in-quarantine-external-2	num-of-screened-agents	num-of-screened-agents-external-1	num-of-screened-agents-external-2	num-of-positive-agents	num-of-positive-agents-external-1	num-of-positive-agents-external-2	num-vaccinated	num-immunized	num-immunized-in-quarantine	num-immunized-in-quarantine-external-1	num-immunized-in-quarantine-external-2	num-infected-outside	classroom-in-quarantine	num-of-classroom-in-quarantine	classroom-with-at-least-one-infected
0	123457234	132	0	0	0	0	0	0	0	0	0	0	0	0	0	0	0	0	0	0	0	0	0	218	158	0	0	0	0	[]	0	0
1	123457234	132	0	0	0	0	0	0	0	0	0	0	0	0	0	0	0	0	0	0	0	0	0	218	158	0	0	0	0	[]	0	0
2	123457234	129	3	0	0	0	0	0	0	0	0	0	0	0	0	0	0	0	5	0	0	0	0	218	158	0	0	0	3	[]	0	0
3	123457234	128	2	2	0	0	0	0	0	0	0	0	0	0	0	0	0	0	6	0	0	0	0	218	158	0	0	0	4	[]	0	2
4	123457234	126	3	1	1	0	0	0	0	0	0	1	0	0	0	0	0	0	9	0	0	1	0	218	158	0	0	0	5	[]	0	2
5	123457234	123	5	1	2	0	0	0	0	0	0	1	0	0	0	0	0	0	9	0	0	1	0	218	158	0	0	0	8	[]	0	2
6	123457234	117	10	2	2	0	0	0	0	0	0	0	1	0	0	0	0	0	9	0	0	1	0	218	158	0	0	0	14	[]	0	2
7	123457234	116	9	4	2	0	0	0	0	0	0	0	1	0	0	0	0	0	10	0	0	1	0	218	158	0	0	0	15	[]	0	4
8	123457234	114	8	5	4	0	0	0	0	0	0	0	1	0	0	0	0	0	13	0	0	1	0	218	158	0	0	0	16	[]	0	4
9	123457234	107	13	7	4	0	0	0	0	0	0	0	1	0	0	0	0	0	14	0	0	1	0	218	158	0	0	0	17	[]	0	5
10	123457234	94	19	13	5	0	0	0	0	0	0	0	1	0	0	0	0	0	15	0	0	1	0	218	158	0	0	0	18	[]	0	6
11	123457234	81	28	14	6	0	0	0	0	0	0	0	1	0	0	2	0	0	16	2	0	1	2	218	158	0	0	0	19	[]	0	7
12	123457234	77	25	19	8	0	0	0	0	0	0	0	1	0	0	2	0	0	18	2	0	1	2	218	158	0	0	0	21	[]	0	6
13	123457234	73	19	29	8	0	0	0	0	0	0	0	1	0	0	1	1	0	18	2	0	1	2	218	158	0	0	0	25	[]	0	6
14	123457234	73	14	27	15	0	0	0	0	0	0	0	0	0	0	2	1	0	19	3	0	1	3	218	158	0	0	0	25	[]	0	8
15	123457234	65	22	24	18	0	0	0	0	0	0	0	0	0	0	2	1	0	22	3	0	1	3	218	158	0	0	0	27	[]	0	8
16	123457234	57	21	31	19	0	0	0	0	0	0	0	0	0	0	3	1	0	24	4	0	1	4	218	158	0	0	0	29	[]	0	11
17	123457234	52	18	33	25	0	0	0	0	0	0	0	0	0	0	3	1	0	27	4	0	1	4	218	158	0	0	0	30	[]	0	11
18	123457234	41	23	32	31	0	0	0	0	0	0	0	0	0	0	3	2	0	27	5	0	1	5	218	158	0	0	0	31	[]	0	11
19	123457234	35	22	32	37	0	0	0	0	0	0	0	0	0	0	4	2	0	29	6	0	1	6	218	158	0	0	0	31	[]	0	12
20	123457234	34	15	36	41	0	0	0	0	0	0	0	0	0	0	1	5	0	29	6	0	1	6	218	158	0	0	0	32	[]	0	12
21	123457234	33	13	30	50	0	0	0	0	0	0	1	0	0	0	2	3	0	33	7	0	2	7	218	158	0	0	0	33	[]	0	12
22	123457234	27	16	28	54	0	0	0	0	0	0	1	0	0	0	3	3	0	35	8	0	2	8	218	158	0	0	0	33	[]	0	12
23	123457234	23	17	28	56	0	0	0	0	0	0	1	0	0	0	4	3	0	37	9	0	2	9	218	158	0	0	0	35	[]	0	12
24	123457234	19	17	26	60	0	0	0	0	0	0	3	0	0	0	4	3	0	41	10	0	4	10	218	158	0	0	0	35	[]	0	11
25	123457234	17	16	23	65	0	0	0	0	0	0	2	1	0	0	5	3	0	41	11	0	4	11	218	158	0	0	0	35	[]	0	11
26	123457234	14	15	25	68	0	0	0	0	0	0	1	2	0	0	5	2	0	42	11	0	4	11	218	158	0	0	0	35	[]	0	11
27	123457234	14	11	22	72	0	0	0	0	0	0	1	2	0	0	7	3	0	42	14	0	4	14	218	158	0	0	0	35	[]	0	10
28	123457234	14	10	17	78	0	0	0	0	0	0	1	2	0	0	7	3	0	42	15	0	4	15	218	158	0	0	0	35	[]	0	10
29	123457234	13	8	19	79	0	0	0	0	0	0	1	2	0	0	7	3	0	43	16	0	4	16	218	158	0	0	0	35	[]	0	10
30	123457234	12	8	18	80	0	0	0	0	0	0	1	2	0	0	6	5	0	44	17	0	4	17	218	158	0	0	0	35	[]	0	10
31	123457234	12	8	17	83	0	0	0	0	0	0	1	1	0	0	5	5	0	45	17	0	4	17	218	158	0	0	0	35	[]	0	8
32	123457234	10	8	19	84	0	0	0	0	0	0	1	1	0	0	4	5	0	49	17	0	4	17	218	158	0	0	0	35	[]	0	8
33	123457234	10	5	16	90	0	0	0	0	0	0	2	1	0	0	2	6	0	51	17	0	5	17	218	158	0	0	0	35	[]	0	8
34	123457234	10	4	13	97	0	0	0	0	0	0	1	0	0	0	2	5	0	52	17	0	5	17	218	158	0	0	0	35	[]	0	7
35	123457234	10	3	11	99	0	0	0	0	0	0	2	0	0	0	2	5	0	55	18	0	6	18	218	158	0	0	0	35	[]	0	6
36	123457234	10	2	11	100	0	0	0	0	0	0	1	1	0	0	2	5	0	59	18	0	6	18	218	158	0	0	0	35	[]	0	6
37	123457234	9	2	11	104	0	0	0	0	0	0	1	1	0	0	1	3	0	62	18	0	6	18	218	158	0	0	0	36	[]	0	7
38	123457234	8	2	10	106	0	0	0	0	0	0	2	1	0	0	1	2	0	65	18	0	7	18	218	158	0	0	0	36	[]	0	8
39	123457234	7	2	9	109	0	0	0	0	0	0	2	1	0	0	0	2	0	68	18	0	7	18	218	158	0	0	0	36	[]	0	7
40	123457234	6	2	8	112	0	0	0	0	0	0	2	1	0	0	0	1	0	73	18	0	7	18	218	158	0	0	0	36	[]	0	6
41	123457234	5	2	8	113	0	0	0	0	0	0	1	2	0	0	0	1	0	74	18	0	7	18	218	158	0	0	0	37	[]	0	5
42	123457234	5	2	7	114	0	0	0	0	0	0	1	2	0	0	0	1	0	75	18	0	7	18	218	158	0	0	0	37	[]	0	5
43	123457234	4	3	7	115	0	0	0	0	0	0	0	2	0	0	0	1	0	76	18	0	7	18	218	158	0	0	0	37	[]	0	4
44	123457234	4	3	7	115	0	0	0	0	0	0	0	2	0	0	0	1	0	79	18	0	7	18	218	158	0	0	0	37	[]	0	4
45	123457234	3	4	7	117	0	0	0	0	0	0	0	1	0	0	0	0	0	80	18	0	7	18	218	158	0	0	0	37	[]	0	4
46	123457234	2	3	8	118	0	0	0	0	0	0	0	1	0	0	0	0	0	83	18	0	7	18	218	158	0	0	0	38	[]	0	5
47	123457234	2	3	6	120	0	0	0	0	0	0	0	1	0	0	0	0	0	84	18	0	7	18	218	158	0	0	0	38	[]	0	4
48	123457234	2	3	5	122	0	0	0	0	0	0	0	0	0	0	0	0	0	85	18	0	7	18	218	158	0	0	0	38	[]	0	3
49	123457234	2	2	4	123	0	0	0	0	0	0	0	0	0	0	1	0	0	88	19	0	7	19	218	158	0	0	0	38	[]	0	2
50	123457234	2	2	4	123	0	0	0	0	0	0	0	0	0	0	1	0	0	88	19	0	7	19	218	158	0	0	0	38	[]	0	2
51	123457234	2	0	6	123	0	0	0	0	0	0	0	0	0	0	1	0	0	90	19	0	7	19	218	158	0	0	0	38	[]	0	2
52	123457234	2	0	3	126	0	0	0	0	0	0	0	0	0	0	1	0	0	91	19	0	7	19	218	158	0	0	0	38	[]	0	1
53	123457234	2	0	3	126	0	0	0	0	0	0	0	0	0	0	1	0	0	93	19	0	7	19	218	158	0	0	0	38	[]	0	1
54	123457234	2	0	3	126	0	0	0	0	0	0	0	0	0	0	1	0	0	93	19	0	7	19	218	158	0	0	0	38	[]	0	1
55	123457234	2	0	2	127	0	0	0	0	0	0	0	0	0	0	1	0	0	97	19	0	7	19	218	158	0	0	0	38	[]	0	1
56	123457234	2	0	2	127	0	0	0	0	0	0	0	0	0	0	0	1	0	99	19	0	7	19	218	158	0	0	0	38	[]	0	1
57	123457234	2	0	2	127	0	0	0	0	0	0	0	0	0	0	0	1	0	99	19	0	7	19	218	158	0	0	0	38	[]	0	1
58	123457234	1	1	2	127	0	0	0	0	0	0	0	0	0	0	0	1	0	99	19	0	7	19	218	158	0	0	0	39	[]	0	1
59	123457234	1	1	2	128	0	0	0	0	0	0	0	0	0	0	0	0	0	102	19	0	7	19	218	158	0	0	0	39	[]	0	1
60	123457234	1	1	2	128	0	0	0	0	0	0	0	0	0	0	0	0	0	104	19	0	7	19	218	158	0	0	0	39	[]	0	1
