day	seedRun	susceptible	exposed	infected	removed	susceptible-in-quarantine	exposed-in-quarantine	infected-in-quarantine	removed-in-quarantine	susceptible-in-quarantine-external-1	exposed-in-quarantine-external-1	infected-in-quarantine-external-1	removed-in-quarantine-external-1	susceptible-in-quarantine-external-2	exposed-in-quarantine-external-2	infected-in-quarantine-external-2	removed-in-quarantine-external-2	num-of-screened-agents	num-of-screened-agents-external-1	num-of-screened-agents-external-2	num-of-positive-agents	num-of-positive-agents-external-1	num-of-positive-agents-external-2	num-vaccinated	num-immunized	num-immunized-in-quarantine	num-immunized-in-quarantine-external-1	num-immunized-in-quarantine-external-2	num-infected-outside	classroom-in-quarantine	num-of-classroom-in-quarantine	classroom-with-at-least-one-infected
0	123456904	182	0	0	0	0	0	0	0	0	0	0	0	0	0	0	0	0	0	0	0	0	0	146	108	0	0	0	0	[]	0	0
1	123456904	175	7	0	0	0	0	0	0	0	0	0	0	0	0	0	0	0	2	0	0	0	0	146	108	0	0	0	7	[]	0	0
2	123456904	151	28	3	0	0	0	0	0	0	0	0	0	0	0	0	0	0	5	0	0	0	0	146	108	0	0	0	16	[]	0	3
3	123456904	115	57	9	1	0	0	0	0	0	0	0	0	0	0	0	0	0	6	0	0	0	0	146	108	0	0	0	24	[]	0	4
4	123456904	72	81	25	4	0	0	0	0	0	0	0	0	0	0	0	0	0	8	2	0	0	2	146	108	0	0	0	32	[]	0	10
5	123456904	26	103	44	9	0	0	0	0	0	0	0	0	0	0	0	0	0	11	4	0	1	4	146	108	0	0	0	35	[]	0	11
6	123456904	24	75	65	18	0	0	0	0	0	0	0	0	0	0	0	0	0	13	4	0	3	4	146	108	0	0	0	37	[]	0	12
7	123456904	24	52	76	30	0	0	0	0	0	0	0	0	0	0	0	0	0	15	6	0	3	6	146	108	0	0	0	37	[]	0	12
8	123456904	3	58	80	41	0	0	0	0	0	0	0	0	0	0	0	0	0	17	7	0	5	7	146	108	0	0	0	39	[]	0	12
9	123456904	1	38	85	58	0	0	0	0	0	0	0	0	0	0	0	0	0	21	10	0	7	10	146	108	0	0	0	39	[]	0	12
10	123456904	1	25	88	68	0	0	0	0	0	0	0	0	0	0	0	0	0	21	10	0	7	10	146	108	0	0	0	39	[]	0	12
11	123456904	1	15	91	75	0	0	0	0	0	0	0	0	0	0	0	0	0	22	11	0	7	11	146	108	0	0	0	39	[]	0	12
12	123456904	1	8	85	88	0	0	0	0	0	0	0	0	0	0	0	0	0	23	12	0	8	12	146	108	0	0	0	39	[]	0	12
13	123456904	1	5	79	97	0	0	0	0	0	0	0	0	0	0	0	0	0	26	15	0	8	15	146	108	0	0	0	39	[]	0	12
14	123456904	1	4	69	108	0	0	0	0	0	0	0	0	0	0	0	0	0	27	17	0	8	17	146	108	0	0	0	39	[]	0	12
15	123456904	1	3	62	116	0	0	0	0	0	0	0	0	0	0	0	0	0	29	18	0	9	18	146	108	0	0	0	39	[]	0	12
16	123456904	1	2	58	121	0	0	0	0	0	0	0	0	0	0	0	0	0	31	21	0	11	21	146	108	0	0	0	39	[]	0	12
17	123456904	1	0	50	131	0	0	0	0	0	0	0	0	0	0	0	0	0	33	23	0	11	23	146	108	0	0	0	39	[]	0	12
18	123456904	0	1	39	142	0	0	0	0	0	0	0	0	0	0	0	0	0	35	23	0	11	23	146	108	0	0	0	39	[]	0	12
19	123456904	0	1	36	145	0	0	0	0	0	0	0	0	0	0	0	0	0	37	23	0	12	23	146	108	0	0	0	39	[]	0	12
20	123456904	0	1	32	149	0	0	0	0	0	0	0	0	0	0	0	0	0	39	23	0	12	23	146	108	0	0	0	39	[]	0	12
21	123456904	0	0	29	153	0	0	0	0	0	0	0	0	0	0	0	0	0	39	25	0	12	25	146	108	0	0	0	39	[]	0	10
22	123456904	0	0	22	160	0	0	0	0	0	0	0	0	0	0	0	0	0	44	25	0	12	25	146	108	0	0	0	39	[]	0	9
23	123456904	0	0	20	162	0	0	0	0	0	0	0	0	0	0	0	0	0	49	26	0	13	26	146	108	0	0	0	39	[]	0	8
24	123456904	0	0	17	165	0	0	0	0	0	0	0	0	0	0	0	0	0	51	26	0	13	26	146	108	0	0	0	39	[]	0	8
25	123456904	0	0	13	169	0	0	0	0	0	0	0	0	0	0	0	0	0	51	27	0	13	27	146	108	0	0	0	39	[]	0	7
26	123456904	0	0	9	173	0	0	0	0	0	0	0	0	0	0	0	0	0	52	27	0	13	27	146	108	0	0	0	39	[]	0	6
27	123456904	0	0	8	174	0	0	0	0	0	0	0	0	0	0	0	0	0	53	27	0	14	27	146	108	0	0	0	39	[]	0	6
28	123456904	0	0	5	177	0	0	0	0	0	0	0	0	0	0	0	0	0	55	27	0	14	27	146	108	0	0	0	39	[]	0	4
29	123456904	0	0	5	177	0	0	0	0	0	0	0	0	0	0	0	0	0	56	27	0	14	27	146	108	0	0	0	39	[]	0	4
30	123456904	0	0	3	179	0	0	0	0	0	0	0	0	0	0	0	0	0	59	27	0	14	27	146	108	0	0	0	39	[]	0	2
31	123456904	0	0	3	179	0	0	0	0	0	0	0	0	0	0	0	0	0	59	27	0	14	27	146	108	0	0	0	39	[]	0	2
32	123456904	0	0	2	180	0	0	0	0	0	0	0	0	0	0	0	0	0	61	27	0	14	27	146	108	0	0	0	39	[]	0	2
33	123456904	0	0	2	180	0	0	0	0	0	0	0	0	0	0	0	0	0	64	27	0	14	27	146	108	0	0	0	39	[]	0	2
34	123456904	0	0	2	180	0	0	0	0	0	0	0	0	0	0	0	0	0	68	27	0	14	27	146	108	0	0	0	39	[]	0	2
35	123456904	0	0	2	180	0	0	0	0	0	0	0	0	0	0	0	0	0	71	27	0	14	27	146	108	0	0	0	39	[]	0	2
36	123456904	0	0	2	180	0	0	0	0	0	0	0	0	0	0	0	0	0	74	27	0	14	27	146	108	0	0	0	39	[]	0	2
37	123456904	0	0	2	180	0	0	0	0	0	0	0	0	0	0	0	0	0	75	27	0	14	27	146	108	0	0	0	39	[]	0	2
38	123456904	0	0	2	180	0	0	0	0	0	0	0	0	0	0	0	0	0	77	27	0	14	27	146	108	0	0	0	39	[]	0	2
39	123456904	0	0	2	180	0	0	0	0	0	0	0	0	0	0	0	0	0	78	27	0	14	27	146	108	0	0	0	39	[]	0	2
40	123456904	0	0	2	180	0	0	0	0	0	0	0	0	0	0	0	0	0	80	28	0	14	28	146	108	0	0	0	39	[]	0	2
41	123456904	0	0	1	181	0	0	0	0	0	0	0	0	0	0	0	0	0	81	28	0	14	28	146	108	0	0	0	39	[]	0	1
42	123456904	0	0	1	181	0	0	0	0	0	0	0	0	0	0	0	0	0	86	28	0	14	28	146	108	0	0	0	39	[]	0	1
43	123456904	0	0	1	181	0	0	0	0	0	0	0	0	0	0	0	0	0	89	28	0	14	28	146	108	0	0	0	39	[]	0	1
44	123456904	0	0	1	181	0	0	0	0	0	0	0	0	0	0	0	0	0	91	28	0	14	28	146	108	0	0	0	39	[]	0	1
45	123456904	0	0	1	181	0	0	0	0	0	0	0	0	0	0	0	0	0	91	28	0	14	28	146	108	0	0	0	39	[]	0	1
46	123456904	0	0	1	181	0	0	0	0	0	0	0	0	0	0	0	0	0	95	28	0	14	28	146	108	0	0	0	39	[]	0	1
47	123456904	0	0	0	182	0	0	0	0	0	0	0	0	0	0	0	0	0	97	28	0	14	28	146	108	0	0	0	39	[]	0	0
48	123456904	0	0	0	182	0	0	0	0	0	0	0	0	0	0	0	0	0	100	28	0	14	28	146	108	0	0	0	39	[]	0	0
49	123456904	0	0	0	182	0	0	0	0	0	0	0	0	0	0	0	0	0	100	28	0	14	28	146	108	0	0	0	39	[]	0	0
50	123456904	0	0	0	182	0	0	0	0	0	0	0	0	0	0	0	0	0	104	28	0	14	28	146	108	0	0	0	39	[]	0	0
51	123456904	0	0	0	182	0	0	0	0	0	0	0	0	0	0	0	0	0	108	28	0	14	28	146	108	0	0	0	39	[]	0	0
52	123456904	0	0	0	182	0	0	0	0	0	0	0	0	0	0	0	0	0	108	28	0	14	28	146	108	0	0	0	39	[]	0	0
53	123456904	0	0	0	182	0	0	0	0	0	0	0	0	0	0	0	0	0	110	28	0	14	28	146	108	0	0	0	39	[]	0	0
54	123456904	0	0	0	182	0	0	0	0	0	0	0	0	0	0	0	0	0	111	28	0	14	28	146	108	0	0	0	39	[]	0	0
55	123456904	0	0	0	182	0	0	0	0	0	0	0	0	0	0	0	0	0	114	28	0	14	28	146	108	0	0	0	39	[]	0	0
56	123456904	0	0	0	182	0	0	0	0	0	0	0	0	0	0	0	0	0	116	28	0	14	28	146	108	0	0	0	39	[]	0	0
57	123456904	0	0	0	182	0	0	0	0	0	0	0	0	0	0	0	0	0	119	28	0	14	28	146	108	0	0	0	39	[]	0	0
58	123456904	0	0	0	182	0	0	0	0	0	0	0	0	0	0	0	0	0	120	28	0	14	28	146	108	0	0	0	39	[]	0	0
59	123456904	0	0	0	182	0	0	0	0	0	0	0	0	0	0	0	0	0	123	28	0	14	28	146	108	0	0	0	39	[]	0	0
60	123456904	0	0	0	182	0	0	0	0	0	0	0	0	0	0	0	0	0	126	28	0	14	28	146	108	0	0	0	39	[]	0	0
