day	seedRun	susceptible	exposed	infected	removed	susceptible-in-quarantine	exposed-in-quarantine	infected-in-quarantine	removed-in-quarantine	susceptible-in-quarantine-external-1	exposed-in-quarantine-external-1	infected-in-quarantine-external-1	removed-in-quarantine-external-1	susceptible-in-quarantine-external-2	exposed-in-quarantine-external-2	infected-in-quarantine-external-2	removed-in-quarantine-external-2	num-of-screened-agents	num-of-screened-agents-external-1	num-of-screened-agents-external-2	num-of-positive-agents	num-of-positive-agents-external-1	num-of-positive-agents-external-2	num-vaccinated	num-immunized	num-immunized-in-quarantine	num-immunized-in-quarantine-external-1	num-immunized-in-quarantine-external-2	num-infected-outside	classroom-in-quarantine	num-of-classroom-in-quarantine	classroom-with-at-least-one-infected
0	123457135	187	0	0	0	0	0	0	0	0	0	0	0	0	0	0	0	0	0	0	0	0	0	146	103	0	0	0	0	[]	0	0
1	123457135	179	8	0	0	0	0	0	0	0	0	0	0	0	0	0	0	0	3	0	0	0	0	146	103	0	0	0	8	[]	0	0
2	123457135	131	52	4	0	0	0	0	0	0	0	0	0	0	0	0	0	0	7	0	0	0	0	146	103	0	0	0	18	[]	0	3
3	123457135	75	95	17	0	0	0	0	0	0	0	0	0	0	0	0	0	0	7	0	0	0	0	146	103	0	0	0	24	[]	0	8
4	123457135	40	101	44	2	0	0	0	0	0	0	0	0	0	0	0	0	0	8	1	0	0	1	146	103	0	0	0	28	[]	0	11
5	123457135	20	90	71	6	0	0	0	0	0	0	0	0	0	0	0	0	0	8	2	0	0	2	146	103	0	0	0	29	[]	0	11
6	123457135	19	64	95	9	0	0	0	0	0	0	0	0	0	0	0	0	0	8	3	0	0	3	146	103	0	0	0	30	[]	0	12
7	123457135	19	50	100	18	0	0	0	0	0	0	0	0	0	0	0	0	0	10	4	0	2	4	146	103	0	0	0	30	[]	0	12
8	123457135	8	47	100	32	0	0	0	0	0	0	0	0	0	0	0	0	0	10	9	0	2	9	146	103	0	0	0	30	[]	0	12
9	123457135	3	41	102	41	0	0	0	0	0	0	0	0	0	0	0	0	0	13	11	0	5	11	146	103	0	0	0	30	[]	0	12
10	123457135	1	31	98	57	0	0	0	0	0	0	0	0	0	0	0	0	0	15	16	0	6	16	146	103	0	0	0	30	[]	0	12
11	123457135	0	24	90	73	0	0	0	0	0	0	0	0	0	0	0	0	0	17	17	0	6	17	146	103	0	0	0	30	[]	0	12
12	123457135	0	18	83	86	0	0	0	0	0	0	0	0	0	0	0	0	0	17	19	0	6	19	146	103	0	0	0	30	[]	0	12
13	123457135	0	16	73	98	0	0	0	0	0	0	0	0	0	0	0	0	0	20	20	0	7	20	146	103	0	0	0	30	[]	0	12
14	123457135	0	12	68	107	0	0	0	0	0	0	0	0	0	0	0	0	0	22	20	0	8	20	146	103	0	0	0	30	[]	0	12
15	123457135	0	6	67	114	0	0	0	0	0	0	0	0	0	0	0	0	0	23	22	0	8	22	146	103	0	0	0	30	[]	0	12
16	123457135	0	6	54	127	0	0	0	0	0	0	0	0	0	0	0	0	0	27	24	0	11	24	146	103	0	0	0	30	[]	0	12
17	123457135	0	5	49	133	0	0	0	0	0	0	0	0	0	0	0	0	0	28	27	0	11	27	146	103	0	0	0	30	[]	0	12
18	123457135	0	2	46	139	0	0	0	0	0	0	0	0	0	0	0	0	0	29	27	0	11	27	146	103	0	0	0	30	[]	0	12
19	123457135	0	2	41	144	0	0	0	0	0	0	0	0	0	0	0	0	0	29	28	0	11	28	146	103	0	0	0	30	[]	0	10
20	123457135	0	2	30	155	0	0	0	0	0	0	0	0	0	0	0	0	0	33	28	0	12	28	146	103	0	0	0	30	[]	0	10
21	123457135	0	2	27	158	0	0	0	0	0	0	0	0	0	0	0	0	0	34	30	0	12	30	146	103	0	0	0	30	[]	0	10
22	123457135	0	1	23	163	0	0	0	0	0	0	0	0	0	0	0	0	0	35	31	0	12	31	146	103	0	0	0	30	[]	0	10
23	123457135	0	1	19	167	0	0	0	0	0	0	0	0	0	0	0	0	0	39	33	0	12	33	146	103	0	0	0	30	[]	0	9
24	123457135	0	0	19	168	0	0	0	0	0	0	0	0	0	0	0	0	0	41	33	0	12	33	146	103	0	0	0	30	[]	0	8
25	123457135	0	0	15	172	0	0	0	0	0	0	0	0	0	0	0	0	0	44	33	0	12	33	146	103	0	0	0	30	[]	0	7
26	123457135	0	0	14	173	0	0	0	0	0	0	0	0	0	0	0	0	0	44	34	0	12	34	146	103	0	0	0	30	[]	0	7
27	123457135	0	0	10	177	0	0	0	0	0	0	0	0	0	0	0	0	0	44	34	0	12	34	146	103	0	0	0	30	[]	0	7
28	123457135	0	0	8	179	0	0	0	0	0	0	0	0	0	0	0	0	0	47	34	0	12	34	146	103	0	0	0	30	[]	0	6
29	123457135	0	0	7	180	0	0	0	0	0	0	0	0	0	0	0	0	0	49	34	0	12	34	146	103	0	0	0	30	[]	0	5
30	123457135	0	0	6	181	0	0	0	0	0	0	0	0	0	0	0	0	0	51	34	0	12	34	146	103	0	0	0	30	[]	0	4
31	123457135	0	0	6	181	0	0	0	0	0	0	0	0	0	0	0	0	0	53	34	0	12	34	146	103	0	0	0	30	[]	0	4
32	123457135	0	0	6	181	0	0	0	0	0	0	0	0	0	0	0	0	0	54	34	0	12	34	146	103	0	0	0	30	[]	0	4
33	123457135	0	0	5	182	0	0	0	0	0	0	0	0	0	0	0	0	0	56	34	0	12	34	146	103	0	0	0	30	[]	0	4
34	123457135	0	0	5	182	0	0	0	0	0	0	0	0	0	0	0	0	0	58	34	0	12	34	146	103	0	0	0	30	[]	0	4
35	123457135	0	0	5	182	0	0	0	0	0	0	0	0	0	0	0	0	0	59	34	0	12	34	146	103	0	0	0	30	[]	0	4
36	123457135	0	0	5	182	0	0	0	0	0	0	0	0	0	0	0	0	0	59	34	0	12	34	146	103	0	0	0	30	[]	0	4
37	123457135	0	0	5	182	0	0	0	0	0	0	0	0	0	0	0	0	0	60	34	0	12	34	146	103	0	0	0	30	[]	0	4
38	123457135	0	0	4	183	0	0	0	0	0	0	0	0	0	0	0	0	0	61	34	0	12	34	146	103	0	0	0	30	[]	0	3
39	123457135	0	0	4	183	0	0	0	0	0	0	0	0	0	0	0	0	0	64	34	0	12	34	146	103	0	0	0	30	[]	0	3
40	123457135	0	0	3	184	0	0	0	0	0	0	0	0	0	0	0	0	0	67	35	0	12	35	146	103	0	0	0	30	[]	0	2
41	123457135	0	0	3	184	0	0	0	0	0	0	0	0	0	0	0	0	0	69	35	0	12	35	146	103	0	0	0	30	[]	0	2
42	123457135	0	0	3	184	0	0	0	0	0	0	0	0	0	0	0	0	0	71	35	0	12	35	146	103	0	0	0	30	[]	0	2
43	123457135	0	0	3	184	0	0	0	0	0	0	0	0	0	0	0	0	0	72	35	0	12	35	146	103	0	0	0	30	[]	0	2
44	123457135	0	0	3	184	0	0	0	0	0	0	0	0	0	0	0	0	0	77	35	0	12	35	146	103	0	0	0	30	[]	0	2
45	123457135	0	0	2	185	0	0	0	0	0	0	0	0	0	0	0	0	0	78	35	0	12	35	146	103	0	0	0	30	[]	0	2
46	123457135	0	0	2	185	0	0	0	0	0	0	0	0	0	0	0	0	0	83	35	0	12	35	146	103	0	0	0	30	[]	0	2
47	123457135	0	0	1	186	0	0	0	0	0	0	0	0	0	0	0	0	0	84	35	0	12	35	146	103	0	0	0	30	[]	0	1
48	123457135	0	0	0	187	0	0	0	0	0	0	0	0	0	0	0	0	0	85	35	0	12	35	146	103	0	0	0	30	[]	0	0
49	123457135	0	0	0	187	0	0	0	0	0	0	0	0	0	0	0	0	0	87	35	0	12	35	146	103	0	0	0	30	[]	0	0
50	123457135	0	0	0	187	0	0	0	0	0	0	0	0	0	0	0	0	0	88	35	0	12	35	146	103	0	0	0	30	[]	0	0
51	123457135	0	0	0	187	0	0	0	0	0	0	0	0	0	0	0	0	0	91	35	0	12	35	146	103	0	0	0	30	[]	0	0
52	123457135	0	0	0	187	0	0	0	0	0	0	0	0	0	0	0	0	0	94	35	0	12	35	146	103	0	0	0	30	[]	0	0
53	123457135	0	0	0	187	0	0	0	0	0	0	0	0	0	0	0	0	0	94	35	0	12	35	146	103	0	0	0	30	[]	0	0
54	123457135	0	0	0	187	0	0	0	0	0	0	0	0	0	0	0	0	0	96	35	0	12	35	146	103	0	0	0	30	[]	0	0
55	123457135	0	0	0	187	0	0	0	0	0	0	0	0	0	0	0	0	0	97	35	0	12	35	146	103	0	0	0	30	[]	0	0
56	123457135	0	0	0	187	0	0	0	0	0	0	0	0	0	0	0	0	0	102	35	0	12	35	146	103	0	0	0	30	[]	0	0
57	123457135	0	0	0	187	0	0	0	0	0	0	0	0	0	0	0	0	0	104	35	0	12	35	146	103	0	0	0	30	[]	0	0
58	123457135	0	0	0	187	0	0	0	0	0	0	0	0	0	0	0	0	0	104	35	0	12	35	146	103	0	0	0	30	[]	0	0
59	123457135	0	0	0	187	0	0	0	0	0	0	0	0	0	0	0	0	0	107	35	0	12	35	146	103	0	0	0	30	[]	0	0
60	123457135	0	0	0	187	0	0	0	0	0	0	0	0	0	0	0	0	0	108	35	0	12	35	146	103	0	0	0	30	[]	0	0
