day	seedRun	susceptible	exposed	infected	removed	susceptible-in-quarantine	exposed-in-quarantine	infected-in-quarantine	removed-in-quarantine	susceptible-in-quarantine-external-1	exposed-in-quarantine-external-1	infected-in-quarantine-external-1	removed-in-quarantine-external-1	susceptible-in-quarantine-external-2	exposed-in-quarantine-external-2	infected-in-quarantine-external-2	removed-in-quarantine-external-2	num-of-screened-agents	num-of-screened-agents-external-1	num-of-screened-agents-external-2	num-of-positive-agents	num-of-positive-agents-external-1	num-of-positive-agents-external-2	num-vaccinated	num-immunized	num-immunized-in-quarantine	num-immunized-in-quarantine-external-1	num-immunized-in-quarantine-external-2	num-infected-outside	classroom-in-quarantine	num-of-classroom-in-quarantine	classroom-with-at-least-one-infected
0	123457053	72	0	0	0	0	0	0	0	0	0	0	0	0	0	0	0	0	0	0	0	0	0	218	218	0	0	0	0	[]	0	0
1	123457053	72	0	0	0	0	0	0	0	0	0	0	0	0	0	0	0	0	2	0	0	0	0	218	218	0	0	0	0	[]	0	0
2	123457053	72	0	0	0	0	0	0	0	0	0	0	0	0	0	0	0	0	4	0	0	0	0	218	218	0	0	0	0	[]	0	0
3	123457053	72	0	0	0	0	0	0	0	0	0	0	0	0	0	0	0	0	7	0	0	0	0	218	218	0	0	0	0	[]	0	0
4	123457053	72	0	0	0	0	0	0	0	0	0	0	0	0	0	0	0	0	8	0	0	0	0	218	218	0	0	0	0	[]	0	0
5	123457053	72	0	0	0	0	0	0	0	0	0	0	0	0	0	0	0	0	10	0	0	0	0	218	218	0	0	0	0	[]	0	0
6	123457053	72	0	0	0	0	0	0	0	0	0	0	0	0	0	0	0	0	14	0	0	0	0	218	218	0	0	0	0	[]	0	0
7	123457053	72	0	0	0	0	0	0	0	0	0	0	0	0	0	0	0	0	15	0	0	0	0	218	218	0	0	0	0	[]	0	0
8	123457053	72	0	0	0	0	0	0	0	0	0	0	0	0	0	0	0	0	15	0	0	0	0	218	218	0	0	0	0	[]	0	0
9	123457053	72	0	0	0	0	0	0	0	0	0	0	0	0	0	0	0	0	18	0	0	0	0	218	218	0	0	0	0	[]	0	0
10	123457053	72	0	0	0	0	0	0	0	0	0	0	0	0	0	0	0	0	19	0	0	0	0	218	218	0	0	0	0	[]	0	0
11	123457053	72	0	0	0	0	0	0	0	0	0	0	0	0	0	0	0	0	20	0	0	0	0	218	218	0	0	0	0	[]	0	0
12	123457053	72	0	0	0	0	0	0	0	0	0	0	0	0	0	0	0	0	24	0	0	0	0	218	218	0	0	0	0	[]	0	0
13	123457053	72	0	0	0	0	0	0	0	0	0	0	0	0	0	0	0	0	26	0	0	0	0	218	218	0	0	0	0	[]	0	0
14	123457053	72	0	0	0	0	0	0	0	0	0	0	0	0	0	0	0	0	28	0	0	0	0	218	218	0	0	0	0	[]	0	0
15	123457053	72	0	0	0	0	0	0	0	0	0	0	0	0	0	0	0	0	29	0	0	0	0	218	218	0	0	0	0	[]	0	0
16	123457053	72	0	0	0	0	0	0	0	0	0	0	0	0	0	0	0	0	30	0	0	0	0	218	218	0	0	0	0	[]	0	0
17	123457053	72	0	0	0	0	0	0	0	0	0	0	0	0	0	0	0	0	33	0	0	0	0	218	218	0	0	0	0	[]	0	0
18	123457053	72	0	0	0	0	0	0	0	0	0	0	0	0	0	0	0	0	38	0	0	0	0	218	218	0	0	0	0	[]	0	0
19	123457053	72	0	0	0	0	0	0	0	0	0	0	0	0	0	0	0	0	40	0	0	0	0	218	218	0	0	0	0	[]	0	0
20	123457053	71	1	0	0	0	0	0	0	0	0	0	0	0	0	0	0	0	42	0	0	0	0	218	218	0	0	0	1	[]	0	0
21	123457053	71	1	0	0	0	0	0	0	0	0	0	0	0	0	0	0	0	42	0	0	0	0	218	218	0	0	0	1	[]	0	0
22	123457053	71	1	0	0	0	0	0	0	0	0	0	0	0	0	0	0	0	43	0	0	0	0	218	218	0	0	0	1	[]	0	0
23	123457053	71	1	0	0	0	0	0	0	0	0	0	0	0	0	0	0	0	45	0	0	0	0	218	218	0	0	0	1	[]	0	0
24	123457053	69	2	1	0	0	0	0	0	0	0	0	0	0	0	0	0	0	45	0	0	0	0	218	218	0	0	0	1	[]	0	1
25	123457053	68	3	1	0	0	0	0	0	0	0	0	0	0	0	0	0	0	45	0	0	0	0	218	218	0	0	0	1	[]	0	1
26	123457053	66	3	3	0	0	0	0	0	0	0	0	0	0	0	0	0	0	46	0	0	0	0	218	218	0	0	0	1	[]	0	1
27	123457053	66	2	0	0	0	0	3	0	0	0	1	0	0	0	0	0	19	49	0	3	1	0	218	218	0	0	0	1	[]	0	1
28	123457053	66	1	1	0	0	0	2	1	0	0	1	0	0	0	0	0	19	52	0	3	1	0	218	218	0	0	0	1	[]	0	1
29	123457053	66	0	1	1	0	0	2	1	0	0	1	0	0	0	0	0	19	54	0	3	1	0	218	218	0	0	0	1	[]	0	1
30	123457053	66	0	1	1	0	0	2	1	0	0	1	0	0	0	0	0	19	56	0	3	1	0	218	218	0	0	0	1	[]	0	1
31	123457053	66	0	1	1	0	0	2	1	0	0	1	0	0	0	0	0	19	56	0	3	1	0	218	218	0	0	0	1	[]	0	1
32	123457053	66	0	0	0	0	0	3	2	0	0	1	0	0	0	0	0	35	58	0	4	1	0	218	204	14	0	0	1	[2D]	1	1
33	123457053	66	0	0	0	0	0	2	3	0	0	1	0	0	0	0	0	35	59	0	4	1	0	218	204	14	0	0	1	[2D]	1	1
34	123457053	66	0	0	0	0	0	2	3	0	0	0	1	0	0	0	0	35	60	0	4	1	0	218	204	14	0	0	1	[2D]	1	1
35	123457053	66	0	0	0	0	0	2	3	0	0	0	1	0	0	0	0	35	61	0	4	1	0	218	204	14	0	0	1	[2D]	1	1
36	123457053	66	0	0	0	0	0	2	3	0	0	0	1	0	0	0	0	35	63	0	4	1	0	218	204	14	0	0	1	[2D]	1	1
37	123457053	66	0	0	0	0	0	2	3	0	0	0	1	0	0	0	0	35	64	0	4	1	0	218	204	14	0	0	1	[2D]	1	1
38	123457053	66	0	0	0	0	0	2	3	0	0	0	1	0	0	0	0	35	65	0	4	1	0	218	204	14	0	0	1	[2D]	1	1
39	123457053	66	0	0	0	0	0	2	3	0	0	0	1	0	0	0	0	35	65	0	4	1	0	218	204	14	0	0	1	[2D]	1	1
40	123457053	66	0	0	0	0	0	2	3	0	0	0	1	0	0	0	0	35	67	0	4	1	0	218	204	14	0	0	1	[2D]	1	1
41	123457053	66	0	0	0	0	0	2	3	0	0	0	1	0	0	0	0	35	69	0	4	1	0	218	204	14	0	0	1	[2D]	1	1
42	123457053	66	0	0	6	0	0	0	0	0	0	0	0	0	0	0	0	35	71	0	4	1	0	218	218	0	0	0	1	[]	0	0
43	123457053	65	1	0	6	0	0	0	0	0	0	0	0	0	0	0	0	35	72	0	4	1	0	218	218	0	0	0	2	[]	0	0
44	123457053	65	1	0	6	0	0	0	0	0	0	0	0	0	0	0	0	35	72	0	4	1	0	218	218	0	0	0	2	[]	0	0
45	123457053	65	1	0	6	0	0	0	0	0	0	0	0	0	0	0	0	35	73	0	4	1	0	218	218	0	0	0	2	[]	0	0
46	123457053	65	1	0	6	0	0	0	0	0	0	0	0	0	0	0	0	35	74	0	4	1	0	218	218	0	0	0	2	[]	0	0
47	123457053	62	3	1	6	0	0	0	0	0	0	0	0	0	0	0	0	35	77	0	4	1	0	218	218	0	0	0	2	[]	0	1
48	123457053	62	2	2	6	0	0	0	0	0	0	0	0	0	0	0	0	35	79	0	4	1	0	218	218	0	0	0	2	[]	0	1
49	123457053	62	2	2	6	0	0	0	0	0	0	0	0	0	0	0	0	35	80	0	4	1	0	218	218	0	0	0	2	[]	0	1
50	123457053	61	3	1	7	0	0	0	0	0	0	0	0	0	0	0	0	35	81	0	4	1	0	218	218	0	0	0	2	[]	0	1
51	123457053	61	2	0	7	0	0	1	0	0	0	0	0	0	0	1	0	54	83	1	5	1	1	218	218	0	0	0	2	[]	0	1
52	123457053	61	2	0	7	0	0	1	0	0	0	0	0	0	0	1	0	54	84	1	5	1	1	218	218	0	0	0	2	[]	0	1
53	123457053	58	4	1	7	0	0	1	0	0	0	0	0	0	0	0	1	54	87	1	5	1	1	218	218	0	0	0	2	[]	0	2
54	123457053	57	5	1	7	0	0	1	0	0	0	0	0	0	0	0	1	54	87	1	5	1	1	218	218	0	0	0	2	[]	0	2
55	123457053	57	3	2	8	0	0	1	0	0	0	0	0	0	0	0	1	54	90	1	5	1	1	218	218	0	0	0	2	[]	0	2
56	123457053	57	2	2	9	0	0	1	0	0	0	0	0	0	0	0	1	72	91	1	5	1	1	218	218	0	0	0	2	[]	0	2
57	123457053	55	3	3	9	0	0	0	1	0	0	0	0	0	0	0	1	72	92	1	5	1	1	218	218	0	0	0	2	[]	0	2
58	123457053	55	3	3	9	0	0	0	1	0	0	0	0	0	0	0	1	72	95	1	5	1	1	218	218	0	0	0	2	[]	0	2
59	123457053	54	4	3	9	0	0	0	1	0	0	0	0	0	0	0	1	72	98	1	5	1	1	218	218	0	0	0	2	[]	0	2
60	123457053	51	5	5	9	0	0	0	1	0	0	0	0	0	0	0	1	72	100	1	5	1	1	218	218	0	0	0	2	[]	0	4
