day	seedRun	susceptible	exposed	infected	removed	susceptible-in-quarantine	exposed-in-quarantine	infected-in-quarantine	removed-in-quarantine	susceptible-in-quarantine-external-1	exposed-in-quarantine-external-1	infected-in-quarantine-external-1	removed-in-quarantine-external-1	susceptible-in-quarantine-external-2	exposed-in-quarantine-external-2	infected-in-quarantine-external-2	removed-in-quarantine-external-2	num-of-screened-agents	num-of-screened-agents-external-1	num-of-screened-agents-external-2	num-of-positive-agents	num-of-positive-agents-external-1	num-of-positive-agents-external-2	num-vaccinated	num-immunized	num-immunized-in-quarantine	num-immunized-in-quarantine-external-1	num-immunized-in-quarantine-external-2	num-infected-outside	classroom-in-quarantine	num-of-classroom-in-quarantine	classroom-with-at-least-one-infected
0	123457205	198	0	0	0	0	0	0	0	0	0	0	0	0	0	0	0	0	0	0	0	0	0	146	92	0	0	0	0	[]	0	0
1	123457205	197	1	0	0	0	0	0	0	0	0	0	0	0	0	0	0	0	1	0	0	0	0	146	92	0	0	0	1	[]	0	0
2	123457205	195	2	1	0	0	0	0	0	0	0	0	0	0	0	0	0	0	2	0	0	0	0	146	92	0	0	0	2	[]	0	1
3	123457205	195	2	1	0	0	0	0	0	0	0	0	0	0	0	0	0	0	4	0	0	0	0	146	92	0	0	0	2	[]	0	1
4	123457205	188	7	3	0	0	0	0	0	0	0	0	0	0	0	0	0	0	7	0	0	0	0	146	92	0	0	0	3	[]	0	1
5	123457205	183	11	4	0	0	0	0	0	0	0	0	0	0	0	0	0	0	9	0	0	0	0	146	92	0	0	0	4	[]	0	1
6	123457205	182	9	7	0	0	0	0	0	0	0	0	0	0	0	0	0	0	10	0	0	0	0	146	92	0	0	0	5	[]	0	2
7	123457205	182	8	8	0	0	0	0	0	0	0	0	0	0	0	0	0	0	11	0	0	0	0	146	92	0	0	0	5	[]	0	3
8	123457205	166	22	9	1	0	0	0	0	0	0	0	0	0	0	0	0	0	12	0	0	0	0	146	92	0	0	0	5	[]	0	3
9	123457205	159	20	16	3	0	0	0	0	0	0	0	0	0	0	0	0	0	13	0	0	0	0	146	92	0	0	0	5	[]	0	4
10	123457205	150	17	8	2	1	3	12	3	0	0	0	0	0	0	2	0	38	13	2	12	0	2	146	89	3	0	0	5	[2D]	1	5
11	123457205	143	18	10	3	1	2	15	3	0	0	1	0	0	0	2	0	57	15	2	14	1	2	146	89	3	0	0	5	[2D]	1	5
12	123457205	139	20	11	4	1	2	14	4	0	0	1	0	0	0	2	0	57	17	2	14	1	2	146	89	3	0	0	5	[2D]	1	5
13	123457205	139	12	4	5	1	7	17	9	0	0	1	0	0	0	3	0	76	21	3	20	1	3	146	83	9	0	0	5	[2D 1C]	2	5
14	123457205	139	9	7	5	1	4	19	10	0	0	0	1	0	0	3	0	76	23	3	20	1	3	146	83	9	0	0	5	[2D 1C]	2	5
15	123457205	133	5	6	5	7	2	20	16	0	0	0	1	0	0	3	0	92	24	3	23	1	3	146	78	14	0	0	5	[2D 1C 1D]	3	7
16	123457205	128	9	5	6	7	1	18	19	0	0	0	1	0	0	3	1	128	24	4	23	1	4	146	78	14	0	0	5	[2D 1C 1D]	3	7
17	123457205	125	8	8	7	7	1	14	23	0	0	0	1	0	0	3	1	128	26	4	23	1	4	146	78	14	0	0	5	[2D 1C 1D]	3	8
18	123457205	116	12	13	7	7	0	12	26	0	0	0	1	0	0	3	1	128	27	4	23	1	4	146	78	14	0	0	5	[2D 1C 1D]	3	8
19	123457205	109	15	13	11	7	0	11	27	0	0	0	1	0	0	3	1	128	29	4	23	1	4	146	78	14	0	0	5	[2D 1C 1D]	3	8
20	123457205	109	9	16	31	6	0	8	15	0	0	0	1	0	0	2	1	128	31	4	23	1	4	146	81	11	0	0	6	[1C 1D]	2	7
21	123457205	109	6	15	38	6	0	7	14	0	0	0	0	0	0	2	1	147	31	4	23	1	4	146	81	11	0	0	6	[1C 1D]	2	6
22	123457205	105	9	13	41	6	0	6	15	0	0	0	0	0	0	2	1	147	32	4	23	1	4	146	81	11	0	0	6	[1C 1D]	2	6
23	123457205	101	8	15	58	6	0	0	8	0	0	0	0	0	0	2	0	147	34	4	23	1	4	146	87	5	0	0	8	[1D]	1	6
24	123457205	98	8	14	62	6	0	0	8	0	0	0	0	0	0	2	0	147	35	4	23	1	4	146	87	5	0	0	8	[1D]	1	7
25	123457205	100	6	17	74	0	0	0	0	0	0	0	0	0	0	1	0	147	36	4	23	1	4	146	92	0	0	0	8	[]	0	7
26	123457205	92	12	16	78	0	0	0	0	0	0	0	0	0	0	0	0	147	38	4	23	1	4	146	92	0	0	0	9	[]	0	6
27	123457205	92	10	14	79	0	0	2	0	0	0	0	0	0	0	1	0	166	40	5	25	1	5	146	92	0	0	0	9	[]	0	6
28	123457205	92	6	17	80	0	0	1	1	0	0	0	0	0	0	1	0	166	42	5	25	1	5	146	92	0	0	0	9	[]	0	6
29	123457205	75	20	17	83	0	0	1	1	0	0	0	0	0	0	0	1	166	44	5	25	1	5	146	92	0	0	0	9	[]	0	6
30	123457205	66	21	24	84	0	0	0	2	0	0	0	0	0	0	0	1	166	45	5	25	1	5	146	92	0	0	0	9	[]	0	6
31	123457205	54	9	18	83	7	6	11	7	0	0	0	0	0	0	2	1	204	46	7	36	1	7	146	83	9	0	0	10	[3D 2C]	2	7
32	123457205	47	15	18	84	7	4	9	11	0	0	0	0	0	0	1	2	221	48	7	36	1	7	146	83	9	0	0	10	[3D 2C]	2	8
33	123457205	37	15	13	85	10	6	14	14	0	0	0	0	0	0	2	2	240	49	8	41	1	8	146	77	15	0	0	10	[3D 2C 3C]	3	8
34	123457205	37	11	15	87	10	4	15	15	0	0	0	0	0	0	2	2	240	50	8	41	1	8	146	77	15	0	0	10	[3D 2C 3C]	3	8
35	123457205	37	8	14	87	10	2	19	16	0	0	0	0	0	0	3	2	259	52	9	44	1	9	146	77	15	0	0	10	[3D 2C 3C]	3	8
36	123457205	34	10	10	90	10	2	19	17	0	0	0	0	0	0	3	3	278	52	10	45	1	10	146	77	15	0	0	11	[3D 2C 3C]	3	7
37	123457205	32	8	11	96	10	1	19	16	0	0	0	0	0	0	1	4	278	54	10	45	1	10	146	77	15	0	0	11	[3D 2C 3C]	3	7
38	123457205	30	8	11	98	10	1	14	21	0	0	0	0	0	0	1	4	278	54	10	45	1	10	146	77	15	0	0	11	[3D 2C 3C]	3	7
39	123457205	26	10	12	99	10	0	13	23	0	0	0	0	0	0	1	4	278	54	10	45	1	10	146	77	15	0	0	11	[3D 2C 3C]	3	7
40	123457205	25	5	17	100	10	0	12	24	0	0	0	0	0	0	1	4	294	55	10	45	1	10	146	77	15	0	0	11	[3D 2C 3C]	3	7
41	123457205	32	5	15	126	3	0	8	6	0	0	0	0	0	0	1	2	294	56	10	45	1	10	146	86	6	0	0	11	[3C]	1	5
42	123457205	32	5	12	129	3	0	4	10	0	0	0	0	0	0	0	3	294	57	10	45	1	10	146	86	6	0	0	11	[3C]	1	5
43	123457205	33	6	10	143	0	0	3	1	0	0	0	0	0	0	0	2	294	58	10	45	1	10	146	92	0	0	0	11	[]	0	4
44	123457205	32	4	9	145	0	0	4	1	0	0	0	0	0	0	1	2	313	60	11	46	1	11	146	92	0	0	0	11	[]	0	5
45	123457205	32	2	9	151	0	0	1	1	0	0	0	0	0	0	1	1	313	63	11	46	1	11	146	92	0	0	0	11	[]	0	4
46	123457205	30	3	9	154	0	0	1	0	0	0	0	0	0	0	1	0	313	63	11	46	1	11	146	92	0	0	0	11	[]	0	5
47	123457205	30	2	9	155	0	0	1	0	0	0	0	0	0	0	1	0	313	67	11	46	1	11	146	92	0	0	0	11	[]	0	5
48	123457205	30	1	8	157	0	0	1	0	0	0	0	0	0	0	0	1	313	68	11	46	1	11	146	92	0	0	0	11	[]	0	4
49	123457205	30	0	9	157	0	0	1	0	0	0	0	0	0	0	0	1	331	69	11	46	1	11	146	92	0	0	0	11	[]	0	4
50	123457205	30	0	5	161	0	0	1	0	0	0	0	0	0	0	0	1	331	72	11	46	1	11	146	92	0	0	0	11	[]	0	2
51	123457205	30	0	1	163	0	0	2	0	0	0	0	0	0	0	1	1	350	74	12	47	1	12	146	92	0	0	0	11	[]	0	2
52	123457205	30	0	0	164	0	0	2	0	0	0	0	0	0	0	0	2	350	74	12	47	1	12	146	92	0	0	0	11	[]	0	2
53	123457205	30	0	0	164	0	0	2	0	0	0	0	0	0	0	0	2	350	78	12	47	1	12	146	92	0	0	0	11	[]	0	2
54	123457205	30	0	0	166	0	0	1	0	0	0	0	0	0	0	0	1	350	80	12	47	1	12	146	92	0	0	0	11	[]	0	1
55	123457205	30	0	0	166	0	0	0	1	0	0	0	0	0	0	0	1	350	81	12	47	1	12	146	92	0	0	0	11	[]	0	0
56	123457205	30	0	0	166	0	0	0	1	0	0	0	0	0	0	0	1	368	83	12	47	1	12	146	92	0	0	0	11	[]	0	0
57	123457205	30	0	0	166	0	0	0	1	0	0	0	0	0	0	0	1	368	83	12	47	1	12	146	92	0	0	0	11	[]	0	0
58	123457205	30	0	0	166	0	0	0	1	0	0	0	0	0	0	0	1	368	84	12	47	1	12	146	92	0	0	0	11	[]	0	0
59	123457205	30	0	0	166	0	0	0	1	0	0	0	0	0	0	0	1	368	86	12	47	1	12	146	92	0	0	0	11	[]	0	0
60	123457205	30	0	0	166	0	0	0	1	0	0	0	0	0	0	0	1	368	88	12	47	1	12	146	92	0	0	0	11	[]	0	0
