day	seedRun	susceptible	exposed	infected	removed	susceptible-in-quarantine	exposed-in-quarantine	infected-in-quarantine	removed-in-quarantine	susceptible-in-quarantine-external-1	exposed-in-quarantine-external-1	infected-in-quarantine-external-1	removed-in-quarantine-external-1	susceptible-in-quarantine-external-2	exposed-in-quarantine-external-2	infected-in-quarantine-external-2	removed-in-quarantine-external-2	num-of-screened-agents	num-of-screened-agents-external-1	num-of-screened-agents-external-2	num-of-positive-agents	num-of-positive-agents-external-1	num-of-positive-agents-external-2	num-vaccinated	num-immunized	num-immunized-in-quarantine	num-immunized-in-quarantine-external-1	num-immunized-in-quarantine-external-2	num-infected-outside	classroom-in-quarantine	num-of-classroom-in-quarantine	classroom-with-at-least-one-infected
0	123456841	182	0	0	0	0	0	0	0	0	0	0	0	0	0	0	0	0	0	0	0	0	0	146	108	0	0	0	0	[]	0	0
1	123456841	182	0	0	0	0	0	0	0	0	0	0	0	0	0	0	0	0	1	0	0	0	0	146	108	0	0	0	0	[]	0	0
2	123456841	182	0	0	0	0	0	0	0	0	0	0	0	0	0	0	0	0	3	0	0	0	0	146	108	0	0	0	0	[]	0	0
3	123456841	182	0	0	0	0	0	0	0	0	0	0	0	0	0	0	0	0	4	0	0	0	0	146	108	0	0	0	0	[]	0	0
4	123456841	182	0	0	0	0	0	0	0	0	0	0	0	0	0	0	0	0	4	0	0	0	0	146	108	0	0	0	0	[]	0	0
5	123456841	182	0	0	0	0	0	0	0	0	0	0	0	0	0	0	0	0	7	0	0	0	0	146	108	0	0	0	0	[]	0	0
6	123456841	182	0	0	0	0	0	0	0	0	0	0	0	0	0	0	0	0	7	0	0	0	0	146	108	0	0	0	0	[]	0	0
7	123456841	182	0	0	0	0	0	0	0	0	0	0	0	0	0	0	0	0	7	0	0	0	0	146	108	0	0	0	0	[]	0	0
8	123456841	182	0	0	0	0	0	0	0	0	0	0	0	0	0	0	0	0	9	0	0	0	0	146	108	0	0	0	0	[]	0	0
9	123456841	182	0	0	0	0	0	0	0	0	0	0	0	0	0	0	0	0	12	0	0	0	0	146	108	0	0	0	0	[]	0	0
10	123456841	182	0	0	0	0	0	0	0	0	0	0	0	0	0	0	0	0	16	0	0	0	0	146	108	0	0	0	0	[]	0	0
11	123456841	182	0	0	0	0	0	0	0	0	0	0	0	0	0	0	0	0	18	0	0	0	0	146	108	0	0	0	0	[]	0	0
12	123456841	182	0	0	0	0	0	0	0	0	0	0	0	0	0	0	0	0	23	0	0	0	0	146	108	0	0	0	0	[]	0	0
13	123456841	182	0	0	0	0	0	0	0	0	0	0	0	0	0	0	0	0	24	0	0	0	0	146	108	0	0	0	0	[]	0	0
14	123456841	181	1	0	0	0	0	0	0	0	0	0	0	0	0	0	0	0	25	0	0	0	0	146	108	0	0	0	1	[]	0	0
15	123456841	180	1	1	0	0	0	0	0	0	0	0	0	0	0	0	0	0	25	0	0	0	0	146	108	0	0	0	1	[]	0	1
16	123456841	178	2	2	0	0	0	0	0	0	0	0	0	0	0	0	0	0	29	0	0	0	0	146	108	0	0	0	1	[]	0	1
17	123456841	175	5	2	0	0	0	0	0	0	0	0	0	0	0	0	0	0	30	0	0	0	0	146	108	0	0	0	1	[]	0	1
18	123456841	168	9	4	1	0	0	0	0	0	0	0	0	0	0	0	0	0	33	0	0	0	0	146	108	0	0	0	1	[]	0	2
19	123456841	163	10	8	1	0	0	0	0	0	0	0	0	0	0	0	0	0	34	0	0	0	0	146	108	0	0	0	2	[]	0	2
20	123456841	163	5	12	2	0	0	0	0	0	0	0	0	0	0	0	0	0	37	0	0	0	0	146	108	0	0	0	2	[]	0	3
21	123456841	163	4	13	2	0	0	0	0	0	0	0	0	0	0	0	0	0	38	0	0	0	0	146	108	0	0	0	2	[]	0	3
22	123456841	157	7	3	1	2	0	9	2	0	0	0	0	0	0	1	0	19	39	1	9	0	1	146	102	6	0	0	2	[2D]	1	3
23	123456841	153	9	3	1	2	0	10	2	0	0	0	0	0	0	2	0	38	39	2	10	0	2	146	102	6	0	0	3	[2D]	1	3
24	123456841	150	9	6	1	2	0	9	3	0	0	0	0	0	0	2	0	38	40	2	10	0	2	146	102	6	0	0	3	[2D]	1	4
25	123456841	148	1	1	1	3	6	12	7	0	0	0	0	0	0	3	0	57	40	3	15	0	3	146	97	11	0	0	3	[2D 3D]	2	4
26	123456841	142	7	1	1	3	4	14	7	0	0	0	0	0	0	0	3	57	40	3	15	0	3	146	97	11	0	0	4	[2D 3D]	2	3
27	123456841	142	5	3	1	3	2	14	9	0	0	0	0	0	0	0	3	57	41	3	15	0	3	146	97	11	0	0	4	[2D 3D]	2	5
28	123456841	141	5	4	1	3	2	13	10	0	0	0	0	0	0	0	3	75	44	3	15	0	3	146	97	11	0	0	5	[2D 3D]	2	5
29	123456841	139	7	3	2	3	1	12	12	0	0	0	0	0	0	0	3	75	46	3	15	0	3	146	97	11	0	0	6	[2D 3D]	2	5
30	123456841	135	11	3	2	3	0	11	14	0	0	0	0	0	0	0	3	75	49	3	15	0	3	146	97	11	0	0	6	[2D 3D]	2	5
31	123456841	128	14	7	2	3	0	10	15	0	0	0	0	0	0	0	3	75	51	3	15	0	3	146	97	11	0	0	7	[2D 3D]	2	5
32	123456841	125	17	9	14	1	0	7	7	0	0	0	0	0	0	0	2	75	52	3	15	0	3	146	103	5	0	0	7	[3D]	1	4
33	123456841	113	6	2	15	10	6	19	7	0	0	0	0	0	0	3	1	132	54	6	27	0	6	146	90	18	0	0	7	[3D 2C 1D]	3	5
34	123456841	113	5	2	15	10	4	19	9	0	0	1	0	0	0	3	1	151	55	6	27	1	6	146	90	18	0	0	7	[3D 2C 1D]	3	6
35	123456841	114	4	2	29	9	2	12	5	0	0	1	0	0	0	4	0	170	56	7	27	1	7	146	95	13	0	0	7	[2C 1D]	2	6
36	123456841	114	2	4	29	9	2	11	6	0	0	1	0	0	0	4	0	170	60	7	27	1	7	146	95	13	0	0	7	[2C 1D]	2	7
37	123456841	111	5	3	30	9	1	11	7	0	0	0	1	0	0	4	0	170	60	7	27	1	7	146	95	13	0	0	7	[2C 1D]	2	5
38	123456841	100	6	3	30	17	2	11	8	0	0	0	1	0	0	3	1	186	62	7	28	1	7	146	89	19	0	0	7	[2C 1D 3A]	3	5
39	123456841	97	9	3	30	17	1	10	10	0	0	0	1	0	0	2	2	205	64	7	28	1	7	146	89	19	0	0	7	[2C 1D 3A]	3	4
40	123456841	91	13	3	32	17	0	10	11	0	0	0	1	0	0	2	2	224	66	7	28	1	7	146	89	19	0	0	7	[2C 1D 3A]	3	5
41	123456841	91	8	3	34	17	0	11	12	0	0	0	1	0	0	3	2	243	67	8	30	1	8	146	89	19	0	0	7	[2C 1D 3A]	3	5
42	123456841	91	7	3	35	17	0	9	14	0	0	0	1	0	0	2	3	243	68	8	30	1	8	146	89	19	0	0	7	[2C 1D 3A]	3	5
43	123456841	96	7	7	53	8	0	2	5	0	0	0	1	0	0	0	3	243	68	8	30	1	8	146	102	6	0	0	7	[3A]	1	4
44	123456841	95	5	9	55	8	0	2	5	0	0	0	0	0	0	0	3	243	68	8	30	1	8	146	102	6	0	0	7	[3A]	1	4
45	123456841	94	5	8	58	8	0	2	5	0	0	0	0	0	0	0	2	243	69	8	30	1	8	146	102	6	0	0	7	[3A]	1	4
46	123456841	90	8	8	59	8	0	2	5	0	0	0	0	0	0	0	2	243	69	8	30	1	8	146	102	6	0	0	7	[3A]	1	4
47	123456841	86	9	7	53	9	0	3	12	0	0	0	0	0	0	1	2	259	70	9	31	1	9	146	95	13	0	0	9	[3A 1C]	2	4
48	123456841	94	5	10	60	1	0	2	8	0	0	0	0	0	0	1	1	259	71	9	31	1	9	146	101	7	0	0	9	[1C]	1	4
49	123456841	94	3	12	60	1	0	2	8	0	0	0	0	0	0	1	1	259	71	9	31	1	9	146	101	7	0	0	9	[1C]	1	4
50	123456841	92	2	5	57	1	1	9	12	0	0	0	0	0	0	2	1	278	75	10	38	1	10	146	94	14	0	0	9	[1C 3C]	2	5
51	123456841	86	8	5	57	1	1	8	13	0	0	0	0	0	0	2	1	278	79	10	38	1	10	146	94	14	0	0	9	[1C 3C]	2	5
52	123456841	82	7	9	58	1	1	6	15	0	0	0	0	0	0	1	2	278	80	10	38	1	10	146	94	14	0	0	9	[1C 3C]	2	5
53	123456841	75	13	10	58	1	1	6	15	0	0	0	0	0	0	1	2	278	81	10	38	1	10	146	94	14	0	0	9	[1C 3C]	2	5
54	123456841	65	16	15	60	1	1	6	15	0	0	0	0	0	0	1	2	278	84	10	38	1	10	146	94	14	0	0	10	[1C 3C]	2	5
55	123456841	65	11	14	62	1	1	6	18	0	0	0	0	0	0	1	3	297	86	11	41	1	11	146	94	14	0	0	10	[1C 3C]	2	6
56	123456841	65	9	15	63	1	1	6	18	0	0	0	0	0	0	0	4	297	87	11	41	1	11	146	94	14	0	0	10	[1C 3C]	2	6
57	123456841	59	15	14	77	0	1	6	8	0	0	0	0	0	0	0	2	297	88	11	41	1	11	146	101	7	0	0	10	[3C]	1	6
58	123456841	53	13	7	74	1	3	14	13	0	0	0	0	0	0	2	2	335	88	13	49	1	13	146	95	13	0	0	10	[3C 2B]	2	8
59	123456841	50	14	9	74	1	3	12	15	0	0	0	0	0	0	1	3	335	92	13	49	1	13	146	95	13	0	0	10	[3C 2B]	2	8
60	123456841	43	14	14	81	1	4	9	13	0	0	0	0	0	0	0	3	351	94	13	50	1	13	146	94	14	0	0	10	[2B 1A]	2	7
