day	seedRun	susceptible	exposed	infected	removed	susceptible-in-quarantine	exposed-in-quarantine	infected-in-quarantine	removed-in-quarantine	susceptible-in-quarantine-external-1	exposed-in-quarantine-external-1	infected-in-quarantine-external-1	removed-in-quarantine-external-1	susceptible-in-quarantine-external-2	exposed-in-quarantine-external-2	infected-in-quarantine-external-2	removed-in-quarantine-external-2	num-of-screened-agents	num-of-screened-agents-external-1	num-of-screened-agents-external-2	num-of-positive-agents	num-of-positive-agents-external-1	num-of-positive-agents-external-2	num-vaccinated	num-immunized	num-immunized-in-quarantine	num-immunized-in-quarantine-external-1	num-immunized-in-quarantine-external-2	num-infected-outside	classroom-in-quarantine	num-of-classroom-in-quarantine	classroom-with-at-least-one-infected
0	123456931	235	0	0	0	0	0	0	0	0	0	0	0	0	0	0	0	0	0	0	0	0	0	74	55	0	0	0	0	[]	0	0
1	123456931	225	10	0	0	0	0	0	0	0	0	0	0	0	0	0	0	0	2	0	0	0	0	74	55	0	0	0	10	[]	0	0
2	123456931	198	35	2	0	0	0	0	0	0	0	0	0	0	0	0	0	0	4	0	0	0	0	74	55	0	0	0	23	[]	0	2
3	123456931	153	72	10	0	0	0	0	0	0	0	0	0	0	0	0	0	0	5	0	0	0	0	74	55	0	0	0	31	[]	0	5
4	123456931	87	118	29	1	0	0	0	0	0	0	0	0	0	0	0	0	0	5	1	0	0	1	74	55	0	0	0	39	[]	0	8
5	123456931	27	142	62	4	0	0	0	0	0	0	0	0	0	0	0	0	0	6	2	0	1	2	74	55	0	0	0	43	[]	0	11
6	123456931	25	108	89	13	0	0	0	0	0	0	0	0	0	0	0	0	0	8	6	0	1	6	74	55	0	0	0	45	[]	0	12
7	123456931	24	76	105	30	0	0	0	0	0	0	0	0	0	0	0	0	0	9	8	0	1	8	74	55	0	0	0	46	[]	0	12
8	123456931	5	73	116	41	0	0	0	0	0	0	0	0	0	0	0	0	0	10	13	0	2	13	74	55	0	0	0	46	[]	0	12
9	123456931	2	59	117	57	0	0	0	0	0	0	0	0	0	0	0	0	0	10	16	0	2	16	74	55	0	0	0	46	[]	0	12
10	123456931	2	41	119	73	0	0	0	0	0	0	0	0	0	0	0	0	0	12	17	0	4	17	74	55	0	0	0	46	[]	0	12
11	123456931	0	27	117	91	0	0	0	0	0	0	0	0	0	0	0	0	0	14	24	0	6	24	74	55	0	0	0	46	[]	0	12
12	123456931	0	21	102	112	0	0	0	0	0	0	0	0	0	0	0	0	0	14	26	0	6	26	74	55	0	0	0	46	[]	0	12
13	123456931	0	17	91	127	0	0	0	0	0	0	0	0	0	0	0	0	0	16	28	0	6	28	74	55	0	0	0	46	[]	0	12
14	123456931	0	12	82	141	0	0	0	0	0	0	0	0	0	0	0	0	0	20	31	0	6	31	74	55	0	0	0	46	[]	0	11
15	123456931	0	7	79	149	0	0	0	0	0	0	0	0	0	0	0	0	0	20	32	0	6	32	74	55	0	0	0	46	[]	0	12
16	123456931	0	5	74	156	0	0	0	0	0	0	0	0	0	0	0	0	0	20	34	0	6	34	74	55	0	0	0	46	[]	0	12
17	123456931	0	2	71	162	0	0	0	0	0	0	0	0	0	0	0	0	0	23	37	0	8	37	74	55	0	0	0	46	[]	0	12
18	123456931	0	2	58	175	0	0	0	0	0	0	0	0	0	0	0	0	0	23	39	0	8	39	74	55	0	0	0	46	[]	0	12
19	123456931	0	2	51	182	0	0	0	0	0	0	0	0	0	0	0	0	0	26	40	0	8	40	74	55	0	0	0	46	[]	0	12
20	123456931	0	2	43	190	0	0	0	0	0	0	0	0	0	0	0	0	0	29	41	0	10	41	74	55	0	0	0	46	[]	0	12
21	123456931	0	1	31	203	0	0	0	0	0	0	0	0	0	0	0	0	0	29	41	0	10	41	74	55	0	0	0	46	[]	0	11
22	123456931	0	0	26	209	0	0	0	0	0	0	0	0	0	0	0	0	0	32	41	0	10	41	74	55	0	0	0	46	[]	0	11
23	123456931	0	0	24	211	0	0	0	0	0	0	0	0	0	0	0	0	0	32	41	0	10	41	74	55	0	0	0	46	[]	0	11
24	123456931	0	0	23	212	0	0	0	0	0	0	0	0	0	0	0	0	0	34	41	0	10	41	74	55	0	0	0	46	[]	0	11
25	123456931	0	0	21	214	0	0	0	0	0	0	0	0	0	0	0	0	0	38	43	0	11	43	74	55	0	0	0	46	[]	0	10
26	123456931	0	0	17	218	0	0	0	0	0	0	0	0	0	0	0	0	0	39	43	0	11	43	74	55	0	0	0	46	[]	0	9
27	123456931	0	0	15	220	0	0	0	0	0	0	0	0	0	0	0	0	0	41	43	0	11	43	74	55	0	0	0	46	[]	0	9
28	123456931	0	0	14	221	0	0	0	0	0	0	0	0	0	0	0	0	0	42	44	0	11	44	74	55	0	0	0	46	[]	0	8
29	123456931	0	0	12	223	0	0	0	0	0	0	0	0	0	0	0	0	0	43	44	0	11	44	74	55	0	0	0	46	[]	0	7
30	123456931	0	0	10	225	0	0	0	0	0	0	0	0	0	0	0	0	0	43	44	0	11	44	74	55	0	0	0	46	[]	0	7
31	123456931	0	0	9	226	0	0	0	0	0	0	0	0	0	0	0	0	0	44	45	0	11	45	74	55	0	0	0	46	[]	0	6
32	123456931	0	0	7	228	0	0	0	0	0	0	0	0	0	0	0	0	0	44	45	0	11	45	74	55	0	0	0	46	[]	0	4
33	123456931	0	0	6	229	0	0	0	0	0	0	0	0	0	0	0	0	0	47	45	0	11	45	74	55	0	0	0	46	[]	0	3
34	123456931	0	0	4	231	0	0	0	0	0	0	0	0	0	0	0	0	0	48	45	0	11	45	74	55	0	0	0	46	[]	0	3
35	123456931	0	0	2	233	0	0	0	0	0	0	0	0	0	0	0	0	0	49	45	0	11	45	74	55	0	0	0	46	[]	0	2
36	123456931	0	0	2	233	0	0	0	0	0	0	0	0	0	0	0	0	0	50	45	0	11	45	74	55	0	0	0	46	[]	0	2
37	123456931	0	0	2	233	0	0	0	0	0	0	0	0	0	0	0	0	0	52	45	0	11	45	74	55	0	0	0	46	[]	0	2
38	123456931	0	0	2	233	0	0	0	0	0	0	0	0	0	0	0	0	0	55	45	0	11	45	74	55	0	0	0	46	[]	0	2
39	123456931	0	0	2	233	0	0	0	0	0	0	0	0	0	0	0	0	0	58	46	0	11	46	74	55	0	0	0	46	[]	0	2
40	123456931	0	0	2	233	0	0	0	0	0	0	0	0	0	0	0	0	0	58	46	0	11	46	74	55	0	0	0	46	[]	0	2
41	123456931	0	0	2	233	0	0	0	0	0	0	0	0	0	0	0	0	0	58	46	0	11	46	74	55	0	0	0	46	[]	0	2
42	123456931	0	0	2	233	0	0	0	0	0	0	0	0	0	0	0	0	0	63	46	0	11	46	74	55	0	0	0	46	[]	0	2
43	123456931	0	0	1	234	0	0	0	0	0	0	0	0	0	0	0	0	0	65	46	0	11	46	74	55	0	0	0	46	[]	0	1
44	123456931	0	0	1	234	0	0	0	0	0	0	0	0	0	0	0	0	0	66	46	0	11	46	74	55	0	0	0	46	[]	0	1
45	123456931	0	0	1	234	0	0	0	0	0	0	0	0	0	0	0	0	0	67	46	0	11	46	74	55	0	0	0	46	[]	0	1
46	123456931	0	0	1	234	0	0	0	0	0	0	0	0	0	0	0	0	0	68	46	0	11	46	74	55	0	0	0	46	[]	0	1
47	123456931	0	0	1	234	0	0	0	0	0	0	0	0	0	0	0	0	0	70	46	0	11	46	74	55	0	0	0	46	[]	0	1
48	123456931	0	0	1	234	0	0	0	0	0	0	0	0	0	0	0	0	0	70	46	0	11	46	74	55	0	0	0	46	[]	0	1
49	123456931	0	0	1	234	0	0	0	0	0	0	0	0	0	0	0	0	0	70	46	0	11	46	74	55	0	0	0	46	[]	0	1
50	123456931	0	0	1	234	0	0	0	0	0	0	0	0	0	0	0	0	0	72	46	0	11	46	74	55	0	0	0	46	[]	0	1
51	123456931	0	0	1	234	0	0	0	0	0	0	0	0	0	0	0	0	0	73	46	0	11	46	74	55	0	0	0	46	[]	0	1
52	123456931	0	0	1	234	0	0	0	0	0	0	0	0	0	0	0	0	0	77	46	0	11	46	74	55	0	0	0	46	[]	0	1
53	123456931	0	0	0	235	0	0	0	0	0	0	0	0	0	0	0	0	0	77	46	0	11	46	74	55	0	0	0	46	[]	0	0
54	123456931	0	0	0	235	0	0	0	0	0	0	0	0	0	0	0	0	0	78	46	0	11	46	74	55	0	0	0	46	[]	0	0
55	123456931	0	0	0	235	0	0	0	0	0	0	0	0	0	0	0	0	0	79	46	0	11	46	74	55	0	0	0	46	[]	0	0
56	123456931	0	0	0	235	0	0	0	0	0	0	0	0	0	0	0	0	0	80	46	0	11	46	74	55	0	0	0	46	[]	0	0
57	123456931	0	0	0	235	0	0	0	0	0	0	0	0	0	0	0	0	0	82	46	0	11	46	74	55	0	0	0	46	[]	0	0
58	123456931	0	0	0	235	0	0	0	0	0	0	0	0	0	0	0	0	0	85	46	0	11	46	74	55	0	0	0	46	[]	0	0
59	123456931	0	0	0	235	0	0	0	0	0	0	0	0	0	0	0	0	0	86	46	0	11	46	74	55	0	0	0	46	[]	0	0
60	123456931	0	0	0	235	0	0	0	0	0	0	0	0	0	0	0	0	0	86	46	0	11	46	74	55	0	0	0	46	[]	0	0
