day	seedRun	susceptible	exposed	infected	removed	susceptible-in-quarantine	exposed-in-quarantine	infected-in-quarantine	removed-in-quarantine	susceptible-in-quarantine-external-1	exposed-in-quarantine-external-1	infected-in-quarantine-external-1	removed-in-quarantine-external-1	susceptible-in-quarantine-external-2	exposed-in-quarantine-external-2	infected-in-quarantine-external-2	removed-in-quarantine-external-2	num-of-screened-agents	num-of-screened-agents-external-1	num-of-screened-agents-external-2	num-of-positive-agents	num-of-positive-agents-external-1	num-of-positive-agents-external-2	num-vaccinated	num-immunized	num-immunized-in-quarantine	num-immunized-in-quarantine-external-1	num-immunized-in-quarantine-external-2	num-infected-outside	classroom-in-quarantine	num-of-classroom-in-quarantine	classroom-with-at-least-one-infected
0	123456965	267	0	0	0	0	0	0	0	0	0	0	0	0	0	0	0	0	0	0	0	0	0	50	23	0	0	0	0	[]	0	0
1	123456965	267	0	0	0	0	0	0	0	0	0	0	0	0	0	0	0	0	1	0	0	0	0	50	23	0	0	0	0	[]	0	0
2	123456965	267	0	0	0	0	0	0	0	0	0	0	0	0	0	0	0	0	2	0	0	0	0	50	23	0	0	0	0	[]	0	0
3	123456965	267	0	0	0	0	0	0	0	0	0	0	0	0	0	0	0	0	4	0	0	0	0	50	23	0	0	0	0	[]	0	0
4	123456965	267	0	0	0	0	0	0	0	0	0	0	0	0	0	0	0	0	7	0	0	0	0	50	23	0	0	0	0	[]	0	0
5	123456965	267	0	0	0	0	0	0	0	0	0	0	0	0	0	0	0	0	9	0	0	0	0	50	23	0	0	0	0	[]	0	0
6	123456965	267	0	0	0	0	0	0	0	0	0	0	0	0	0	0	0	0	13	0	0	0	0	50	23	0	0	0	0	[]	0	0
7	123456965	267	0	0	0	0	0	0	0	0	0	0	0	0	0	0	0	0	15	0	0	0	0	50	23	0	0	0	0	[]	0	0
8	123456965	267	0	0	0	0	0	0	0	0	0	0	0	0	0	0	0	0	16	0	0	0	0	50	23	0	0	0	0	[]	0	0
9	123456965	267	0	0	0	0	0	0	0	0	0	0	0	0	0	0	0	0	18	0	0	0	0	50	23	0	0	0	0	[]	0	0
10	123456965	267	0	0	0	0	0	0	0	0	0	0	0	0	0	0	0	0	19	0	0	0	0	50	23	0	0	0	0	[]	0	0
11	123456965	266	1	0	0	0	0	0	0	0	0	0	0	0	0	0	0	0	20	0	0	0	0	50	23	0	0	0	1	[]	0	0
12	123456965	266	1	0	0	0	0	0	0	0	0	0	0	0	0	0	0	0	22	0	0	0	0	50	23	0	0	0	1	[]	0	0
13	123456965	266	1	0	0	0	0	0	0	0	0	0	0	0	0	0	0	0	24	0	0	0	0	50	23	0	0	0	1	[]	0	0
14	123456965	265	2	0	0	0	0	0	0	0	0	0	0	0	0	0	0	0	25	0	0	0	0	50	23	0	0	0	2	[]	0	0
15	123456965	244	21	2	0	0	0	0	0	0	0	0	0	0	0	0	0	0	29	0	0	0	0	50	23	0	0	0	2	[]	0	2
16	123456965	228	29	10	0	0	0	0	0	0	0	0	0	0	0	0	0	0	30	0	0	0	0	50	23	0	0	0	3	[]	0	2
17	123456965	202	41	23	1	0	0	0	0	0	0	0	0	0	0	0	0	0	30	2	0	0	2	50	23	0	0	0	4	[]	0	3
18	123456965	183	51	28	5	0	0	0	0	0	0	0	0	0	0	0	0	0	32	3	0	1	3	50	23	0	0	0	4	[]	0	4
19	123456965	127	89	43	8	0	0	0	0	0	0	0	0	0	0	0	0	0	34	4	0	1	4	50	23	0	0	0	5	[]	0	6
20	123456965	127	63	63	14	0	0	0	0	0	0	0	0	0	0	0	0	0	37	6	0	2	6	50	23	0	0	0	5	[]	0	8
21	123456965	126	47	75	19	0	0	0	0	0	0	0	0	0	0	0	0	0	40	8	0	4	8	50	23	0	0	0	6	[]	0	8
22	123456965	75	86	72	34	0	0	0	0	0	0	0	0	0	0	0	0	0	41	9	0	4	9	50	23	0	0	0	6	[]	0	8
23	123456965	35	103	86	43	0	0	0	0	0	0	0	0	0	0	0	0	0	45	12	0	4	12	50	23	0	0	0	6	[]	0	10
24	123456965	22	86	99	60	0	0	0	0	0	0	0	0	0	0	0	0	0	46	16	0	5	16	50	23	0	0	0	6	[]	0	11
25	123456965	19	62	113	73	0	0	0	0	0	0	0	0	0	0	0	0	0	48	19	0	5	19	50	23	0	0	0	6	[]	0	11
26	123456965	3	58	119	87	0	0	0	0	0	0	0	0	0	0	0	0	0	50	23	0	6	23	50	23	0	0	0	6	[]	0	12
27	123456965	3	42	125	97	0	0	0	0	0	0	0	0	0	0	0	0	0	53	24	0	7	24	50	23	0	0	0	6	[]	0	12
28	123456965	3	28	121	115	0	0	0	0	0	0	0	0	0	0	0	0	0	53	30	0	7	30	50	23	0	0	0	6	[]	0	12
29	123456965	0	21	113	133	0	0	0	0	0	0	0	0	0	0	0	0	0	55	31	0	8	31	50	23	0	0	0	6	[]	0	11
30	123456965	0	14	104	149	0	0	0	0	0	0	0	0	0	0	0	0	0	55	33	0	8	33	50	23	0	0	0	6	[]	0	11
31	123456965	0	10	101	156	0	0	0	0	0	0	0	0	0	0	0	0	0	56	36	0	8	36	50	23	0	0	0	6	[]	0	11
32	123456965	0	8	85	174	0	0	0	0	0	0	0	0	0	0	0	0	0	58	38	0	9	38	50	23	0	0	0	6	[]	0	11
33	123456965	0	6	76	185	0	0	0	0	0	0	0	0	0	0	0	0	0	58	40	0	9	40	50	23	0	0	0	6	[]	0	11
34	123456965	0	4	61	202	0	0	0	0	0	0	0	0	0	0	0	0	0	62	40	0	9	40	50	23	0	0	0	6	[]	0	11
35	123456965	0	3	54	210	0	0	0	0	0	0	0	0	0	0	0	0	0	62	43	0	9	43	50	23	0	0	0	6	[]	0	11
36	123456965	0	3	45	219	0	0	0	0	0	0	0	0	0	0	0	0	0	63	44	0	9	44	50	23	0	0	0	6	[]	0	11
37	123456965	0	2	42	223	0	0	0	0	0	0	0	0	0	0	0	0	0	66	44	0	9	44	50	23	0	0	0	6	[]	0	11
38	123456965	0	1	38	228	0	0	0	0	0	0	0	0	0	0	0	0	0	70	44	0	9	44	50	23	0	0	0	6	[]	0	10
39	123456965	0	1	32	234	0	0	0	0	0	0	0	0	0	0	0	0	0	72	44	0	9	44	50	23	0	0	0	6	[]	0	10
40	123456965	0	0	29	238	0	0	0	0	0	0	0	0	0	0	0	0	0	72	45	0	9	45	50	23	0	0	0	6	[]	0	9
41	123456965	0	0	23	244	0	0	0	0	0	0	0	0	0	0	0	0	0	74	45	0	9	45	50	23	0	0	0	6	[]	0	7
42	123456965	0	0	21	246	0	0	0	0	0	0	0	0	0	0	0	0	0	75	45	0	9	45	50	23	0	0	0	6	[]	0	7
43	123456965	0	0	18	249	0	0	0	0	0	0	0	0	0	0	0	0	0	75	46	0	9	46	50	23	0	0	0	6	[]	0	7
44	123456965	0	0	15	252	0	0	0	0	0	0	0	0	0	0	0	0	0	78	46	0	9	46	50	23	0	0	0	6	[]	0	7
45	123456965	0	0	14	253	0	0	0	0	0	0	0	0	0	0	0	0	0	81	46	0	9	46	50	23	0	0	0	6	[]	0	7
46	123456965	0	0	13	254	0	0	0	0	0	0	0	0	0	0	0	0	0	83	46	0	9	46	50	23	0	0	0	6	[]	0	7
47	123456965	0	0	11	256	0	0	0	0	0	0	0	0	0	0	0	0	0	86	46	0	9	46	50	23	0	0	0	6	[]	0	6
48	123456965	0	0	11	256	0	0	0	0	0	0	0	0	0	0	0	0	0	87	46	0	9	46	50	23	0	0	0	6	[]	0	6
49	123456965	0	0	10	257	0	0	0	0	0	0	0	0	0	0	0	0	0	91	47	0	9	47	50	23	0	0	0	6	[]	0	6
50	123456965	0	0	10	257	0	0	0	0	0	0	0	0	0	0	0	0	0	94	47	0	9	47	50	23	0	0	0	6	[]	0	6
51	123456965	0	0	7	260	0	0	0	0	0	0	0	0	0	0	0	0	0	99	47	0	9	47	50	23	0	0	0	6	[]	0	5
52	123456965	0	0	7	260	0	0	0	0	0	0	0	0	0	0	0	0	0	101	47	0	9	47	50	23	0	0	0	6	[]	0	5
53	123456965	0	0	6	261	0	0	0	0	0	0	0	0	0	0	0	0	0	105	47	0	9	47	50	23	0	0	0	6	[]	0	4
54	123456965	0	0	4	263	0	0	0	0	0	0	0	0	0	0	0	0	0	109	47	0	9	47	50	23	0	0	0	6	[]	0	3
55	123456965	0	0	3	264	0	0	0	0	0	0	0	0	0	0	0	0	0	116	47	0	9	47	50	23	0	0	0	6	[]	0	3
56	123456965	0	0	2	265	0	0	0	0	0	0	0	0	0	0	0	0	0	118	47	0	9	47	50	23	0	0	0	6	[]	0	2
57	123456965	0	0	1	266	0	0	0	0	0	0	0	0	0	0	0	0	0	119	47	0	9	47	50	23	0	0	0	6	[]	0	1
58	123456965	0	0	1	266	0	0	0	0	0	0	0	0	0	0	0	0	0	120	47	0	9	47	50	23	0	0	0	6	[]	0	1
59	123456965	0	0	1	266	0	0	0	0	0	0	0	0	0	0	0	0	0	124	48	0	9	48	50	23	0	0	0	6	[]	0	1
60	123456965	0	0	0	267	0	0	0	0	0	0	0	0	0	0	0	0	0	126	48	0	9	48	50	23	0	0	0	6	[]	0	0
