day	seedRun	susceptible	exposed	infected	removed	susceptible-in-quarantine	exposed-in-quarantine	infected-in-quarantine	removed-in-quarantine	susceptible-in-quarantine-external-1	exposed-in-quarantine-external-1	infected-in-quarantine-external-1	removed-in-quarantine-external-1	susceptible-in-quarantine-external-2	exposed-in-quarantine-external-2	infected-in-quarantine-external-2	removed-in-quarantine-external-2	num-of-screened-agents	num-of-screened-agents-external-1	num-of-screened-agents-external-2	num-of-positive-agents	num-of-positive-agents-external-1	num-of-positive-agents-external-2	num-vaccinated	num-immunized	num-immunized-in-quarantine	num-immunized-in-quarantine-external-1	num-immunized-in-quarantine-external-2	num-infected-outside	classroom-in-quarantine	num-of-classroom-in-quarantine	classroom-with-at-least-one-infected
0	123456858	184	0	0	0	0	0	0	0	0	0	0	0	0	0	0	0	0	0	0	0	0	0	146	106	0	0	0	0	[]	0	0
1	123456858	177	7	0	0	0	0	0	0	0	0	0	0	0	0	0	0	60	1	0	0	0	0	146	106	0	0	0	7	[]	0	0
2	123456858	165	17	2	0	0	0	0	0	0	0	0	0	0	0	0	0	60	2	0	0	0	0	146	106	0	0	0	11	[]	0	2
3	123456858	147	32	4	1	0	0	0	0	0	0	0	0	0	0	0	0	60	3	0	0	0	0	146	106	0	0	0	15	[]	0	3
4	123456858	124	46	9	1	0	0	2	0	0	0	1	0	0	0	1	0	98	6	1	2	1	1	146	106	0	0	0	18	[]	0	5
5	123456858	107	53	17	3	0	0	2	0	0	0	1	0	0	0	1	0	98	8	1	2	1	1	146	106	0	0	0	20	[]	0	7
6	123456858	106	29	29	3	0	3	8	3	0	0	1	0	0	0	2	0	117	12	2	8	1	2	146	99	7	0	0	21	[3B]	1	8
7	123456858	101	23	22	7	3	2	18	4	0	0	1	0	0	0	3	0	136	13	3	17	1	3	146	93	13	0	0	23	[3B 3C]	2	8
8	123456858	74	35	10	3	8	6	30	14	0	0	1	0	0	0	3	0	240	13	3	30	1	3	146	83	23	0	0	25	[3B 3C 2A 3A]	4	8
9	123456858	54	40	12	3	8	8	39	16	0	0	1	0	0	0	2	1	276	14	3	36	1	3	146	77	29	0	0	26	[3B 3C 2A 3A 2C]	5	8
10	123456858	40	46	15	6	8	5	39	20	0	0	1	0	0	0	3	1	295	16	4	37	1	4	146	77	29	0	0	28	[3B 3C 2A 3A 2C]	5	10
11	123456858	29	42	29	7	8	2	37	25	0	0	1	0	0	0	2	2	295	18	4	37	1	4	146	77	29	0	0	29	[3B 3C 2A 3A 2C]	5	11
12	123456858	12	43	29	13	8	5	39	29	0	0	0	1	0	0	2	3	311	18	5	41	1	5	146	70	36	0	0	30	[3B 3C 2A 3A 2C 1A]	6	12
13	123456858	6	25	26	13	14	13	44	36	0	0	1	1	0	0	2	3	347	20	5	50	2	5	146	60	46	0	0	30	[3B 3C 2A 3A 2C 1A 1D 1B]	8	12
14	123456858	6	22	23	19	14	8	42	43	0	0	1	1	0	0	2	3	347	20	5	50	2	5	146	60	46	0	0	30	[3B 3C 2A 3A 2C 1A 1D 1B]	8	12
15	123456858	3	5	8	10	16	18	57	59	0	0	2	1	0	0	2	3	419	21	5	68	3	5	146	44	62	0	0	30	[3B 3C 2A 3A 2C 1A 1D 1B 2D 2B 3D]	11	12
16	123456858	3	3	9	24	16	13	51	58	0	0	2	1	0	0	2	2	419	21	5	68	3	5	146	51	55	0	0	30	[3C 2A 3A 2C 1A 1D 1B 2D 2B 3D]	10	11
17	123456858	6	2	9	36	13	11	40	61	0	0	2	1	0	0	0	3	419	22	5	68	3	5	146	57	49	0	0	30	[2A 3A 2C 1A 1D 1B 2D 2B 3D]	9	10
18	123456858	8	4	9	62	8	8	30	49	0	0	2	1	0	0	0	3	419	23	5	68	3	5	146	67	39	0	0	30	[2C 1A 1D 1B 2D 2B 3D]	7	8
19	123456858	2	9	9	77	8	6	24	44	0	0	0	3	0	0	0	2	419	25	5	68	3	5	146	73	33	0	0	30	[1A 1D 1B 2D 2B 3D]	6	8
20	123456858	2	8	4	70	8	3	29	54	0	0	0	3	0	0	1	2	438	26	6	72	3	6	146	66	40	0	0	30	[1A 1D 1B 2D 2B 3D 1C]	7	8
21	123456858	2	7	5	70	8	2	24	60	0	0	0	3	0	0	1	2	438	27	6	72	3	6	146	66	40	0	0	30	[1A 1D 1B 2D 2B 3D 1C]	7	8
22	123456858	2	5	4	85	8	2	19	55	0	0	0	2	0	0	1	1	487	27	6	73	3	6	146	73	33	0	0	30	[1D 1B 2D 2B 3D 1C]	6	8
23	123456858	8	3	5	110	2	1	11	42	0	0	0	1	0	0	1	0	487	28	6	73	3	6	146	83	23	0	0	30	[2D 2B 3D 1C]	4	6
24	123456858	8	3	4	111	2	0	11	43	0	0	0	1	0	0	1	0	487	31	6	73	3	6	146	83	23	0	0	30	[2D 2B 3D 1C]	4	6
25	123456858	10	2	5	153	0	0	4	9	0	0	0	0	0	0	1	0	487	32	6	73	3	6	146	99	7	0	0	30	[1C]	1	3
26	123456858	9	3	5	153	0	0	3	10	0	0	0	0	0	0	1	0	487	34	6	73	3	6	146	99	7	0	0	31	[1C]	1	2
27	123456858	9	2	6	153	0	0	2	11	0	0	0	0	0	0	1	0	506	37	6	73	3	6	146	99	7	0	0	31	[1C]	1	2
28	123456858	9	1	6	154	0	0	2	11	0	0	0	0	0	0	1	0	506	37	6	73	3	6	146	99	7	0	0	31	[1C]	1	3
29	123456858	9	1	4	156	0	0	2	11	0	0	0	0	0	0	0	1	560	42	6	73	3	6	146	99	7	0	0	31	[1C]	1	2
30	123456858	9	1	4	169	0	0	0	1	0	0	0	0	0	0	0	0	560	44	6	73	3	6	146	106	0	0	0	31	[]	0	1
31	123456858	9	1	1	170	0	0	1	1	0	0	1	0	0	0	0	0	579	47	6	74	4	6	146	106	0	0	0	31	[]	0	1
32	123456858	9	1	1	171	0	0	1	0	0	0	1	0	0	0	0	0	579	47	6	74	4	6	146	106	0	0	0	31	[]	0	1
33	123456858	9	0	2	171	0	0	1	0	0	0	1	0	0	0	0	0	579	48	6	74	4	6	146	106	0	0	0	31	[]	0	2
34	123456858	9	0	2	171	0	0	1	0	0	0	1	0	0	0	0	0	579	49	6	74	4	6	146	106	0	0	0	31	[]	0	2
35	123456858	9	0	2	171	0	0	1	0	0	0	1	0	0	0	0	0	579	50	6	74	4	6	146	106	0	0	0	31	[]	0	2
36	123456858	9	0	1	172	0	0	1	0	0	0	1	0	0	0	0	0	657	50	6	74	4	6	146	106	0	0	0	31	[]	0	1
37	123456858	9	0	1	172	0	0	1	0	0	0	1	0	0	0	0	0	657	53	6	74	4	6	146	106	0	0	0	31	[]	0	1
38	123456858	9	0	0	173	0	0	0	1	0	0	1	0	0	0	0	0	657	57	6	74	4	6	146	106	0	0	0	31	[]	0	1
39	123456858	9	0	0	173	0	0	0	1	0	0	1	0	0	0	0	0	657	61	6	74	4	6	146	106	0	0	0	31	[]	0	1
40	123456858	9	0	0	173	0	0	0	1	0	0	0	1	0	0	0	0	657	63	6	74	4	6	146	106	0	0	0	31	[]	0	0
41	123456858	9	0	0	175	0	0	0	0	0	0	0	0	0	0	0	0	657	64	6	74	4	6	146	106	0	0	0	31	[]	0	0
42	123456858	8	1	0	175	0	0	0	0	0	0	0	0	0	0	0	0	657	66	6	74	4	6	146	106	0	0	0	32	[]	0	0
43	123456858	6	2	1	175	0	0	0	0	0	0	0	0	0	0	0	0	717	67	6	74	4	6	146	106	0	0	0	32	[]	0	1
44	123456858	5	3	1	175	0	0	0	0	0	0	0	0	0	0	0	0	717	67	6	74	4	6	146	106	0	0	0	32	[]	0	1
45	123456858	3	5	1	175	0	0	0	0	0	0	0	0	0	0	0	0	717	70	6	74	4	6	146	106	0	0	0	33	[]	0	1
46	123456858	2	4	3	175	0	0	0	0	0	0	0	0	0	0	0	0	717	70	6	74	4	6	146	106	0	0	0	33	[]	0	2
47	123456858	2	3	4	175	0	0	0	0	0	0	0	0	0	0	0	0	717	71	6	74	4	6	146	106	0	0	0	33	[]	0	2
48	123456858	2	2	5	175	0	0	0	0	0	0	0	0	0	0	0	0	717	73	6	74	4	6	146	106	0	0	0	33	[]	0	2
49	123456858	2	2	4	176	0	0	0	0	0	0	0	0	0	0	0	0	717	74	6	74	4	6	146	106	0	0	0	33	[]	0	2
50	123456858	2	1	0	176	0	0	3	0	0	0	0	0	0	0	2	0	813	74	8	77	4	8	146	106	0	0	0	33	[]	0	2
51	123456858	2	1	0	176	0	0	3	0	0	0	0	0	0	0	2	0	813	75	8	77	4	8	146	106	0	0	0	33	[]	0	2
52	123456858	2	1	0	176	0	0	3	0	0	0	0	0	0	0	1	1	813	77	8	77	4	8	146	106	0	0	0	33	[]	0	1
53	123456858	1	2	0	176	0	0	2	1	0	0	0	0	0	0	1	1	813	80	8	77	4	8	146	106	0	0	0	34	[]	0	1
54	123456858	1	1	1	176	0	0	2	1	0	0	0	0	0	0	1	1	813	83	8	77	4	8	146	106	0	0	0	34	[]	0	2
55	123456858	1	1	0	177	0	0	2	1	0	0	0	0	0	0	1	1	832	85	8	77	4	8	146	106	0	0	0	34	[]	0	1
56	123456858	1	1	0	177	0	0	2	1	0	0	0	0	0	0	0	2	832	86	8	77	4	8	146	106	0	0	0	34	[]	0	1
57	123456858	1	1	0	177	0	0	2	1	0	0	0	0	0	0	0	2	890	90	8	77	4	8	146	106	0	0	0	34	[]	0	1
58	123456858	1	1	0	177	0	0	1	2	0	0	0	0	0	0	0	2	890	90	8	77	4	8	146	106	0	0	0	34	[]	0	1
59	123456858	1	0	1	177	0	0	1	2	0	0	0	0	0	0	0	2	890	92	8	77	4	8	146	106	0	0	0	34	[]	0	1
60	123456858	1	0	1	182	0	0	0	0	0	0	0	0	0	0	0	0	890	94	8	77	4	8	146	106	0	0	0	34	[]	0	1
