day	seedRun	susceptible	exposed	infected	removed	susceptible-in-quarantine	exposed-in-quarantine	infected-in-quarantine	removed-in-quarantine	susceptible-in-quarantine-external-1	exposed-in-quarantine-external-1	infected-in-quarantine-external-1	removed-in-quarantine-external-1	susceptible-in-quarantine-external-2	exposed-in-quarantine-external-2	infected-in-quarantine-external-2	removed-in-quarantine-external-2	num-of-screened-agents	num-of-screened-agents-external-1	num-of-screened-agents-external-2	num-of-positive-agents	num-of-positive-agents-external-1	num-of-positive-agents-external-2	num-vaccinated	num-immunized	num-immunized-in-quarantine	num-immunized-in-quarantine-external-1	num-immunized-in-quarantine-external-2	num-infected-outside	classroom-in-quarantine	num-of-classroom-in-quarantine	classroom-with-at-least-one-infected
0	123456954	271	0	0	0	0	0	0	0	0	0	0	0	0	0	0	0	0	0	0	0	0	0	50	19	0	0	0	0	[]	0	0
1	123456954	270	1	0	0	0	0	0	0	0	0	0	0	0	0	0	0	60	3	0	0	0	0	50	19	0	0	0	1	[]	0	0
2	123456954	263	7	1	0	0	0	0	0	0	0	0	0	0	0	0	0	60	4	0	0	0	0	50	19	0	0	0	1	[]	0	1
3	123456954	243	22	6	0	0	0	0	0	0	0	0	0	0	0	0	0	60	6	0	0	0	0	50	19	0	0	0	1	[]	0	1
4	123456954	233	28	10	0	0	0	0	0	0	0	0	0	0	0	0	0	60	9	0	0	0	0	50	19	0	0	0	1	[]	0	2
5	123456954	212	23	14	2	8	7	4	0	0	0	0	0	0	0	1	0	79	12	1	4	0	1	50	19	0	0	0	1	[3C]	1	3
6	123456954	212	16	19	4	8	4	7	0	0	0	0	0	0	0	1	0	79	13	1	4	0	1	50	19	0	0	0	1	[3C]	1	4
7	123456954	212	9	20	10	8	1	8	2	0	0	0	0	0	0	1	0	79	14	1	4	0	1	50	19	0	0	0	1	[3C]	1	3
8	123456954	187	18	3	3	17	7	21	13	0	0	0	0	0	0	2	0	167	15	2	18	0	2	50	19	0	0	0	1	[3C 1D 3A]	3	3
9	123456954	135	66	7	3	17	3	24	14	0	0	0	0	0	0	2	0	167	15	2	18	0	2	50	19	0	0	0	1	[3C 1D 3A]	3	6
10	123456954	93	90	24	4	17	2	22	17	0	0	0	0	0	0	1	1	167	15	2	18	0	2	50	19	0	0	0	1	[3C 1D 3A]	3	8
11	123456954	80	78	42	11	17	2	20	19	0	0	0	0	0	0	1	1	167	16	2	18	0	2	50	19	0	0	0	1	[3C 1D 3A]	3	8
12	123456954	74	50	32	15	17	19	33	27	0	0	1	0	0	0	2	1	205	18	3	35	1	3	50	19	0	0	0	1	[3C 1D 3A 2C 3B]	5	9
13	123456954	74	38	35	21	17	12	39	30	0	0	0	1	0	0	3	1	224	20	4	37	1	4	50	19	0	0	0	1	[3C 1D 3A 2C 3B]	5	9
14	123456954	74	18	19	17	17	18	51	50	0	0	1	1	0	0	4	1	262	22	5	54	2	5	50	19	0	0	0	1	[3C 1D 3A 2C 3B 1A 2A]	7	9
15	123456954	56	23	7	24	17	18	57	62	0	0	1	1	0	0	3	2	340	22	6	69	2	6	50	19	0	0	0	2	[1D 3A 2C 3B 1A 2A 3D 2B]	8	9
16	123456954	44	32	5	27	17	13	60	65	0	0	0	2	0	0	2	4	359	22	7	70	2	7	50	19	0	0	0	3	[1D 3A 2C 3B 1A 2A 3D 2B]	8	10
17	123456954	22	47	12	27	17	9	56	73	0	0	0	2	0	0	2	4	359	23	7	70	2	7	50	19	0	0	0	4	[1D 3A 2C 3B 1A 2A 3D 2B]	8	11
18	123456954	20	46	22	60	8	8	48	52	0	0	0	2	0	0	1	4	359	24	7	70	2	7	50	19	0	0	0	4	[2C 3B 1A 2A 3D 2B]	6	9
19	123456954	19	36	31	62	8	5	49	54	0	0	0	2	0	0	0	5	359	26	7	70	2	7	50	19	0	0	0	4	[2C 3B 1A 2A 3D 2B]	6	9
20	123456954	19	15	33	62	8	7	58	62	0	0	0	2	0	0	0	5	378	27	7	81	2	7	50	19	0	0	0	4	[2C 3B 1A 2A 3D 2B 2D]	7	11
21	123456954	19	7	21	64	8	5	70	70	0	0	0	2	0	0	0	5	396	28	7	92	2	7	50	19	0	0	0	4	[2C 3B 1A 2A 3D 2B 2D 1B]	8	10
22	123456954	19	1	8	101	8	8	53	67	0	0	0	1	0	0	1	4	461	29	8	103	2	8	50	19	0	0	0	4	[1A 2A 3D 2B 2D 1B 1C]	7	8
23	123456954	15	5	8	101	8	6	45	77	0	0	0	1	0	0	1	4	461	29	8	103	2	8	50	19	0	0	0	4	[1A 2A 3D 2B 2D 1B 1C]	7	8
24	123456954	12	6	7	144	8	2	33	55	0	0	0	0	0	0	1	3	461	30	8	103	2	8	50	19	0	0	0	4	[3D 2B 2D 1B 1C]	5	6
25	123456954	20	5	7	177	0	1	25	34	0	0	0	0	0	0	1	1	461	30	8	103	2	8	50	19	0	0	0	4	[2D 1B 1C]	3	4
26	123456954	17	4	4	166	0	2	27	48	0	0	0	0	0	0	2	1	478	33	9	107	2	9	50	19	0	0	0	4	[2D 1B 1C 3A]	4	4
27	123456954	17	3	5	166	0	2	21	54	0	0	0	0	0	0	2	1	478	34	9	107	2	9	50	19	0	0	0	4	[2D 1B 1C 3A]	4	5
28	123456954	17	3	5	166	0	1	18	58	0	0	0	0	0	0	1	2	478	35	9	107	2	9	50	19	0	0	0	4	[2D 1B 1C 3A]	4	5
29	123456954	14	5	4	168	0	0	19	58	0	0	0	0	0	0	1	2	518	35	9	107	2	9	50	19	0	0	0	5	[2D 1B 1C 3A]	4	5
30	123456954	14	3	3	188	0	0	13	46	0	0	0	0	0	0	2	2	537	38	10	109	2	10	50	19	0	0	0	5	[1B 1C 3A]	3	4
31	123456954	13	3	3	209	0	0	6	34	0	0	0	0	0	0	2	1	537	40	10	109	2	10	50	19	0	0	0	5	[1C 3A]	2	3
32	123456954	12	3	3	230	0	0	3	17	0	0	0	0	0	0	2	1	537	42	10	109	2	10	50	19	0	0	0	5	[3A]	1	2
33	123456954	12	2	4	230	0	0	3	17	0	0	0	0	0	0	2	1	537	42	10	109	2	10	50	19	0	0	0	5	[3A]	1	2
34	123456954	12	0	1	218	0	2	4	30	0	0	0	0	0	0	3	1	553	44	11	110	2	11	50	19	0	0	0	5	[3A 2B]	2	2
35	123456954	12	0	1	218	0	1	4	31	0	0	0	0	0	0	3	1	553	45	11	110	2	11	50	19	0	0	0	5	[3A 2B]	2	2
36	123456954	12	0	1	238	0	1	1	16	0	0	0	0	0	0	2	0	608	46	11	110	2	11	50	19	0	0	0	5	[2B]	1	1
37	123456954	12	0	1	238	0	0	2	16	0	0	0	0	0	0	1	1	608	46	11	110	2	11	50	19	0	0	0	5	[2B]	1	1
38	123456954	12	0	1	238	0	0	1	17	0	0	0	0	0	0	0	2	608	48	11	110	2	11	50	19	0	0	0	5	[2B]	1	1
39	123456954	12	0	1	238	0	0	1	17	0	0	0	0	0	0	0	2	608	48	11	110	2	11	50	19	0	0	0	5	[2B]	1	1
40	123456954	11	1	1	238	0	0	1	17	0	0	0	0	0	0	0	2	608	48	11	110	2	11	50	19	0	0	0	5	[2B]	1	1
41	123456954	11	1	1	238	0	0	1	17	0	0	0	0	0	0	0	2	608	51	11	110	2	11	50	19	0	0	0	5	[2B]	1	1
42	123456954	11	0	1	238	0	0	1	17	0	0	0	0	0	0	1	2	627	53	12	110	2	12	50	19	0	0	0	5	[2B]	1	2
43	123456954	11	0	1	238	0	0	1	17	0	0	0	0	0	0	1	2	681	53	12	110	2	12	50	19	0	0	0	5	[2B]	1	2
44	123456954	11	0	1	258	0	0	0	0	0	0	0	0	0	0	1	0	681	54	12	110	2	12	50	19	0	0	0	5	[]	0	1
45	123456954	11	0	1	258	0	0	0	0	0	0	0	0	0	0	1	0	681	57	12	110	2	12	50	19	0	0	0	5	[]	0	1
46	123456954	11	0	1	258	0	0	0	0	0	0	0	0	0	0	1	0	681	63	12	110	2	12	50	19	0	0	0	5	[]	0	1
47	123456954	11	0	1	258	0	0	0	0	0	0	0	0	0	0	1	0	700	65	12	110	2	12	50	19	0	0	0	5	[]	0	1
48	123456954	11	0	0	259	0	0	0	0	0	0	0	0	0	0	1	0	700	65	12	110	2	12	50	19	0	0	0	5	[]	0	1
49	123456954	11	0	0	259	0	0	0	0	0	0	0	0	0	0	1	0	700	70	12	110	2	12	50	19	0	0	0	5	[]	0	1
50	123456954	11	0	0	259	0	0	0	0	0	0	0	0	0	0	1	0	759	72	12	110	2	12	50	19	0	0	0	5	[]	0	1
51	123456954	11	0	0	259	0	0	0	0	0	0	0	0	0	0	0	1	759	74	12	110	2	12	50	19	0	0	0	5	[]	0	0
52	123456954	11	0	0	260	0	0	0	0	0	0	0	0	0	0	0	0	759	74	12	110	2	12	50	19	0	0	0	5	[]	0	0
53	123456954	11	0	0	260	0	0	0	0	0	0	0	0	0	0	0	0	759	74	12	110	2	12	50	19	0	0	0	5	[]	0	0
54	123456954	11	0	0	260	0	0	0	0	0	0	0	0	0	0	0	0	759	77	12	110	2	12	50	19	0	0	0	5	[]	0	0
55	123456954	11	0	0	260	0	0	0	0	0	0	0	0	0	0	0	0	759	78	12	110	2	12	50	19	0	0	0	5	[]	0	0
56	123456954	11	0	0	260	0	0	0	0	0	0	0	0	0	0	0	0	759	80	12	110	2	12	50	19	0	0	0	5	[]	0	0
57	123456954	11	0	0	260	0	0	0	0	0	0	0	0	0	0	0	0	819	80	12	110	2	12	50	19	0	0	0	5	[]	0	0
58	123456954	11	0	0	260	0	0	0	0	0	0	0	0	0	0	0	0	819	83	12	110	2	12	50	19	0	0	0	5	[]	0	0
59	123456954	11	0	0	260	0	0	0	0	0	0	0	0	0	0	0	0	819	85	12	110	2	12	50	19	0	0	0	5	[]	0	0
60	123456954	11	0	0	260	0	0	0	0	0	0	0	0	0	0	0	0	819	86	12	110	2	12	50	19	0	0	0	5	[]	0	0
