day	seedRun	susceptible	exposed	infected	removed	susceptible-in-quarantine	exposed-in-quarantine	infected-in-quarantine	removed-in-quarantine	susceptible-in-quarantine-external-1	exposed-in-quarantine-external-1	infected-in-quarantine-external-1	removed-in-quarantine-external-1	susceptible-in-quarantine-external-2	exposed-in-quarantine-external-2	infected-in-quarantine-external-2	removed-in-quarantine-external-2	num-of-screened-agents	num-of-screened-agents-external-1	num-of-screened-agents-external-2	num-of-positive-agents	num-of-positive-agents-external-1	num-of-positive-agents-external-2	num-vaccinated	num-immunized	num-immunized-in-quarantine	num-immunized-in-quarantine-external-1	num-immunized-in-quarantine-external-2	num-infected-outside	classroom-in-quarantine	num-of-classroom-in-quarantine	classroom-with-at-least-one-infected
0	123456904	251	0	0	0	0	0	0	0	0	0	0	0	0	0	0	0	0	0	0	0	0	0	50	39	0	0	0	0	[]	0	0
1	123456904	236	15	0	0	0	0	0	0	0	0	0	0	0	0	0	0	0	2	0	0	0	0	50	39	0	0	0	15	[]	0	0
2	123456904	223	23	5	0	0	0	0	0	0	0	0	0	0	0	0	0	0	2	0	0	0	0	50	39	0	0	0	22	[]	0	5
3	123456904	205	37	9	0	0	0	0	0	0	0	0	0	0	0	0	0	0	5	0	0	0	0	50	39	0	0	0	32	[]	0	6
4	123456904	184	49	13	1	0	0	2	0	0	0	0	0	0	0	2	0	38	5	2	2	0	2	50	39	0	0	0	41	[]	0	8
5	123456904	149	71	22	1	0	0	3	1	0	0	2	0	0	0	1	1	73	7	2	4	2	2	50	39	0	0	0	49	[]	0	10
6	123456904	144	59	35	5	0	0	2	2	0	0	2	0	0	0	1	1	73	10	2	4	2	2	50	39	0	0	0	54	[]	0	11
7	123456904	131	44	41	7	3	6	11	3	0	0	1	1	0	0	2	1	92	11	3	13	2	3	50	39	0	0	0	64	[1D]	1	12
8	123456904	88	42	28	5	25	16	27	12	0	0	2	1	0	0	3	2	149	13	5	29	3	5	50	39	0	0	0	67	[1D 2D 3B 2B]	4	12
9	123456904	59	48	29	8	34	13	39	13	0	0	2	1	0	0	3	2	184	14	5	33	3	5	50	39	0	0	0	72	[1D 2D 3B 2B 2A]	5	12
10	123456904	45	43	29	10	37	12	47	20	0	0	2	1	0	0	2	3	201	15	5	38	3	5	50	39	0	0	0	74	[1D 2D 3B 2B 2A 1C]	6	12
11	123456904	32	42	39	14	37	8	44	27	0	0	2	1	0	0	2	3	201	16	5	38	3	5	50	39	0	0	0	75	[1D 2D 3B 2B 2A 1C]	6	12
12	123456904	20	31	39	17	42	13	44	36	0	0	2	1	0	0	3	3	220	16	6	44	3	6	50	39	0	0	0	77	[1D 2D 3B 2B 2A 1C 1A]	7	12
13	123456904	11	14	28	18	42	16	50	46	0	0	2	1	8	2	8	5	239	17	8	53	3	8	50	39	0	0	0	78	[1D 2D 3B 2B 2A 1C 1A 1B 3C]	9	12
14	123456904	9	5	23	14	44	17	52	60	0	0	2	1	8	1	10	5	258	17	9	57	3	9	50	39	0	0	0	78	[1D 2D 3B 2B 2A 1C 1A 1B 3C 2C]	10	12
15	123456904	6	5	12	8	45	8	65	74	0	0	2	1	8	1	10	6	277	17	10	67	3	10	50	39	0	0	0	78	[1D 2D 3B 2B 2A 1C 1A 1B 3C 2C 3A]	11	12
16	123456904	5	1	3	2	46	10	64	91	0	0	2	1	8	1	9	8	296	17	11	75	3	11	50	39	0	0	0	78	[1D 2D 3B 2B 2A 1C 1A 1B 3C 2C 3A 3D]	12	12
17	123456904	8	1	0	22	43	7	52	90	0	0	2	1	8	1	8	8	296	18	11	75	3	11	50	39	0	0	0	78	[2D 3B 2B 2A 1C 1A 1B 3C 2C 3A 3D]	11	11
18	123456904	28	3	0	60	21	6	39	69	0	0	0	2	8	1	6	8	296	18	11	75	3	11	50	39	0	0	0	80	[2A 1C 1A 1B 3C 2C 3A 3D]	8	8
19	123456904	37	2	1	71	12	2	34	68	0	0	0	2	8	0	7	7	296	18	11	75	3	11	50	39	0	0	0	80	[1C 1A 1B 3C 2C 3A 3D]	7	7
20	123456904	39	3	1	88	9	2	26	60	0	0	0	1	8	0	6	8	296	20	11	75	3	11	50	39	0	0	0	81	[1A 1B 3C 2C 3A 3D]	6	6
21	123456904	37	4	1	89	9	1	21	66	0	0	0	1	8	0	3	11	296	20	11	75	3	11	50	39	0	0	0	83	[1A 1B 3C 2C 3A 3D]	6	7
22	123456904	40	6	1	104	4	0	20	54	0	0	0	1	8	0	3	10	296	21	11	75	3	11	50	39	0	0	0	85	[1B 3C 2C 3A 3D]	5	6
23	123456904	45	7	3	136	4	0	11	42	0	0	0	0	0	0	1	2	296	21	11	75	3	11	50	39	0	0	0	86	[2C 3A 3D]	3	6
24	123456904	45	8	3	155	2	0	6	30	0	0	0	0	0	0	0	2	296	22	11	75	3	11	50	39	0	0	0	86	[3A 3D]	2	5
25	123456904	38	13	6	174	1	0	3	15	0	0	0	0	0	0	0	1	296	23	11	75	3	11	50	39	0	0	0	88	[3D]	1	4
26	123456904	34	15	7	195	0	0	0	0	0	0	0	0	0	0	0	0	296	25	11	75	3	11	50	39	0	0	0	91	[]	0	3
27	123456904	34	10	11	195	0	0	0	0	0	0	0	0	0	0	1	0	315	28	12	75	3	12	50	39	0	0	0	91	[]	0	5
28	123456904	32	11	9	198	0	0	0	0	0	0	0	0	0	0	1	0	315	29	12	75	3	12	50	39	0	0	0	93	[]	0	5
29	123456904	29	13	10	198	0	0	0	0	0	0	0	0	0	0	1	0	315	32	12	75	3	12	50	39	0	0	0	95	[]	0	5
30	123456904	28	13	11	198	0	0	0	0	0	0	0	0	0	0	1	0	315	35	12	75	3	12	50	39	0	0	0	95	[]	0	5
31	123456904	26	11	12	200	0	0	0	0	0	0	0	0	0	0	2	0	334	38	13	75	3	13	50	39	0	0	0	95	[]	0	5
32	123456904	25	8	14	202	0	0	0	0	0	0	0	0	0	0	1	1	353	40	13	75	3	13	50	39	0	0	0	96	[]	0	4
33	123456904	23	8	9	205	0	0	3	0	0	0	0	0	0	0	1	2	372	41	14	78	3	14	50	39	0	0	0	97	[]	0	3
34	123456904	22	6	11	206	0	0	3	0	0	0	0	0	0	0	1	2	372	41	14	78	3	14	50	39	0	0	0	98	[]	0	5
35	123456904	22	5	12	206	0	0	3	0	0	0	0	0	0	0	1	2	372	45	14	78	3	14	50	39	0	0	0	98	[]	0	5
36	123456904	18	8	8	209	0	0	4	1	0	0	0	0	0	0	0	3	391	47	14	80	3	14	50	39	0	0	0	100	[]	0	5
37	123456904	16	8	9	211	0	0	3	2	0	0	0	0	0	0	0	2	391	49	14	80	3	14	50	39	0	0	0	101	[]	0	4
38	123456904	16	5	10	197	0	0	3	18	0	0	0	0	0	0	0	2	407	49	14	81	3	14	50	39	0	0	0	101	[2D]	1	6
39	123456904	16	2	12	198	0	0	3	18	0	0	0	0	0	0	0	2	407	51	14	81	3	14	50	39	0	0	0	101	[2D]	1	6
40	123456904	15	3	9	199	0	0	4	18	0	0	0	0	0	0	1	2	426	53	15	82	3	15	50	39	0	0	0	101	[2D]	1	6
41	123456904	15	0	11	201	0	0	4	18	0	0	0	0	0	0	1	1	426	53	15	82	3	15	50	39	0	0	0	101	[2D]	1	6
42	123456904	15	0	11	201	0	0	4	18	0	0	0	0	0	0	0	2	426	53	15	82	3	15	50	39	0	0	0	101	[2D]	1	6
43	123456904	14	1	8	204	0	0	4	18	0	0	0	0	0	0	0	2	426	54	15	82	3	15	50	39	0	0	0	101	[2D]	1	6
44	123456904	12	3	8	204	0	0	4	18	0	0	0	0	0	0	0	2	426	54	15	82	3	15	50	39	0	0	0	102	[2D]	1	6
45	123456904	12	3	7	205	0	0	4	18	0	0	0	0	0	0	0	2	444	57	15	82	3	15	50	39	0	0	0	102	[2D]	1	6
46	123456904	11	3	7	208	0	0	3	17	0	0	0	0	0	0	0	2	444	58	15	82	3	15	50	39	0	0	0	103	[2D]	1	7
47	123456904	10	3	8	208	0	0	2	18	0	0	0	0	0	0	0	2	444	58	15	82	3	15	50	39	0	0	0	104	[2D]	1	7
48	123456904	10	2	6	231	0	0	0	1	0	0	0	0	0	0	0	1	444	61	15	82	3	15	50	39	0	0	0	104	[]	0	4
49	123456904	10	2	6	231	0	0	0	1	0	0	0	0	0	0	0	1	444	63	15	82	3	15	50	39	0	0	0	104	[]	0	4
50	123456904	9	2	6	234	0	0	0	0	0	0	0	0	0	0	0	0	444	66	15	82	3	15	50	39	0	0	0	104	[]	0	3
51	123456904	9	1	7	234	0	0	0	0	0	0	0	0	0	0	0	0	444	67	15	82	3	15	50	39	0	0	0	104	[]	0	4
52	123456904	8	2	4	235	0	0	1	0	0	0	0	0	0	0	1	0	463	70	16	83	3	16	50	39	0	0	0	105	[]	0	4
53	123456904	8	0	6	235	0	0	1	0	0	0	0	0	0	0	1	0	463	71	16	83	3	16	50	39	0	0	0	105	[]	0	5
54	123456904	8	0	5	236	0	0	0	1	0	0	0	0	0	0	1	0	463	73	16	83	3	16	50	39	0	0	0	105	[]	0	5
55	123456904	8	0	4	237	0	0	0	1	0	0	0	0	0	0	1	0	463	75	16	83	3	16	50	39	0	0	0	105	[]	0	4
56	123456904	8	0	4	237	0	0	0	1	0	0	0	0	0	0	1	0	463	76	16	83	3	16	50	39	0	0	0	105	[]	0	4
57	123456904	8	0	3	238	0	0	0	1	0	0	0	0	0	0	1	0	481	77	16	83	3	16	50	39	0	0	0	105	[]	0	4
58	123456904	4	4	3	238	0	0	0	1	0	0	0	0	0	0	1	0	481	79	16	83	3	16	50	39	0	0	0	109	[]	0	4
59	123456904	4	2	5	238	0	0	0	1	0	0	0	0	0	0	1	0	481	81	16	83	3	16	50	39	0	0	0	109	[]	0	5
60	123456904	4	0	6	239	0	0	0	1	0	0	0	0	0	0	1	0	481	84	16	83	3	16	50	39	0	0	0	109	[]	0	5
