day	seedRun	susceptible	exposed	infected	removed	susceptible-in-quarantine	exposed-in-quarantine	infected-in-quarantine	removed-in-quarantine	susceptible-in-quarantine-external-1	exposed-in-quarantine-external-1	infected-in-quarantine-external-1	removed-in-quarantine-external-1	susceptible-in-quarantine-external-2	exposed-in-quarantine-external-2	infected-in-quarantine-external-2	removed-in-quarantine-external-2	num-of-screened-agents	num-of-screened-agents-external-1	num-of-screened-agents-external-2	num-of-positive-agents	num-of-positive-agents-external-1	num-of-positive-agents-external-2	num-vaccinated	num-immunized	num-immunized-in-quarantine	num-immunized-in-quarantine-external-1	num-immunized-in-quarantine-external-2	num-infected-outside	classroom-in-quarantine	num-of-classroom-in-quarantine	classroom-with-at-least-one-infected
0	123456795	129	0	0	0	0	0	0	0	0	0	0	0	0	0	0	0	0	0	0	0	0	0	218	161	0	0	0	0	[]	0	0
1	123456795	126	3	0	0	0	0	0	0	0	0	0	0	0	0	0	0	0	0	0	0	0	0	218	161	0	0	0	3	[]	0	0
2	123456795	118	10	1	0	0	0	0	0	0	0	0	0	0	0	0	0	0	1	0	0	0	0	218	161	0	0	0	8	[]	0	1
3	123456795	114	13	1	0	0	0	0	0	0	0	0	0	0	0	1	0	19	3	1	0	0	1	218	161	0	0	0	9	[]	0	2
4	123456795	110	16	2	0	0	0	0	0	0	0	0	0	0	0	1	0	19	4	1	0	0	1	218	161	0	0	0	10	[]	0	2
5	123456795	106	16	6	0	0	0	0	0	0	0	0	0	0	0	1	0	19	5	1	0	0	1	218	161	0	0	0	13	[]	0	2
6	123456795	103	15	9	1	0	0	0	0	0	0	0	0	0	0	1	0	19	8	1	0	0	1	218	161	0	0	0	16	[]	0	3
7	123456795	101	12	13	2	0	0	0	0	0	0	0	0	0	0	1	0	19	10	1	0	0	1	218	161	0	0	0	18	[]	0	5
8	123456795	84	28	13	2	0	0	1	0	0	0	0	0	0	0	0	1	38	12	1	1	0	1	218	161	0	0	0	20	[]	0	5
9	123456795	65	33	16	1	0	2	7	3	0	0	0	0	0	0	1	1	57	15	2	7	0	2	218	153	8	0	0	22	[3D]	1	7
10	123456795	48	42	17	4	0	2	9	4	0	0	0	0	0	0	2	1	76	17	3	10	0	3	218	153	8	0	0	22	[3D]	1	9
11	123456795	37	41	23	6	0	0	13	5	0	0	1	0	0	0	1	2	95	20	3	13	1	3	218	153	8	0	0	23	[3D]	1	10
12	123456795	28	37	32	10	0	0	11	7	0	0	1	0	0	0	1	2	95	21	3	13	1	3	218	153	8	0	0	23	[3D]	1	10
13	123456795	27	22	38	13	0	1	13	11	0	0	1	0	0	0	2	1	114	21	4	17	1	4	218	141	20	0	0	24	[3D 1A]	2	10
14	123456795	25	13	30	20	0	5	17	14	0	0	1	0	0	0	2	2	133	21	5	22	1	5	218	133	28	0	0	26	[3D 1A 1B]	3	11
15	123456795	16	18	22	23	0	4	24	16	0	0	2	0	0	0	2	2	168	24	5	29	2	5	218	122	39	0	0	26	[3D 1A 1B 2A]	4	11
16	123456795	9	16	19	28	2	5	22	21	0	0	2	0	0	0	3	2	203	25	6	32	2	6	218	111	50	0	0	26	[3D 1A 1B 2A 2C]	5	12
17	123456795	7	8	5	27	2	5	34	31	0	0	3	1	0	0	2	4	259	31	7	44	4	7	218	93	68	0	0	26	[3D 1A 1B 2A 2C 2D 3A]	7	12
18	123456795	7	4	7	29	2	4	31	35	0	0	3	1	0	0	2	4	259	31	7	44	4	7	218	93	68	0	0	26	[3D 1A 1B 2A 2C 2D 3A]	7	12
19	123456795	6	3	7	43	2	4	23	32	0	0	2	2	0	0	2	3	259	32	7	44	4	7	218	101	60	0	0	26	[1A 1B 2A 2C 2D 3A]	6	10
20	123456795	6	3	7	47	2	3	22	31	0	0	1	3	0	0	1	3	259	32	7	44	4	7	218	101	60	0	0	26	[1A 1B 2A 2C 2D 3A]	6	10
21	123456795	6	3	3	47	2	2	23	34	0	0	1	3	0	0	2	3	296	33	8	47	4	8	218	101	60	0	0	26	[1A 1B 2A 2C 2D 3A]	6	9
22	123456795	6	2	4	47	2	1	19	39	0	0	1	3	0	0	2	3	312	33	8	47	4	8	218	101	60	0	0	26	[1A 1B 2A 2C 2D 3A]	6	9
23	123456795	5	2	4	56	2	1	16	35	0	0	1	3	0	0	0	4	312	33	8	47	4	8	218	113	48	0	0	27	[1B 2A 2C 2D 3A]	5	8
24	123456795	5	2	4	68	2	0	14	27	0	0	0	4	0	0	0	3	312	33	8	47	4	8	218	121	40	0	0	27	[2A 2C 2D 3A]	4	7
25	123456795	5	1	5	77	2	0	12	21	0	0	0	3	0	0	0	3	312	35	8	47	4	8	218	132	29	0	0	27	[2C 2D 3A]	3	6
26	123456795	7	1	3	84	0	0	10	20	0	0	0	2	0	0	0	2	328	36	8	49	4	8	218	131	30	0	0	27	[2D 3A 3C]	3	5
27	123456795	7	1	3	110	0	0	3	4	0	0	0	0	0	0	0	1	328	38	8	49	4	8	218	149	12	0	0	27	[3C]	1	2
28	123456795	7	1	3	110	0	0	3	4	0	0	0	0	0	0	0	1	328	39	8	49	4	8	218	149	12	0	0	27	[3C]	1	2
29	123456795	7	0	3	111	0	0	3	4	0	0	0	0	0	0	0	1	328	41	8	49	4	8	218	149	12	0	0	27	[3C]	1	2
30	123456795	7	0	2	112	0	0	3	4	0	0	0	0	0	0	0	1	328	45	8	49	4	8	218	149	12	0	0	27	[3C]	1	2
31	123456795	6	1	2	112	0	0	3	4	0	0	0	0	0	0	0	1	328	46	8	49	4	8	218	149	12	0	0	28	[3C]	1	2
32	123456795	6	1	2	112	0	0	2	5	0	0	0	0	0	0	0	1	328	47	8	49	4	8	218	149	12	0	0	28	[3C]	1	2
33	123456795	6	0	3	112	0	0	2	5	0	0	0	0	0	0	0	1	328	49	8	49	4	8	218	149	12	0	0	28	[3C]	1	2
34	123456795	6	0	3	112	0	0	1	6	0	0	0	0	0	0	0	1	328	50	8	49	4	8	218	149	12	0	0	28	[3C]	1	2
35	123456795	6	0	3	112	0	0	1	6	0	0	0	0	0	0	0	1	328	50	8	49	4	8	218	149	12	0	0	28	[3C]	1	2
36	123456795	6	0	3	120	0	0	0	0	0	0	0	0	0	0	0	0	328	50	8	49	4	8	218	161	0	0	0	28	[]	0	1
37	123456795	6	0	2	121	0	0	0	0	0	0	0	0	0	0	0	0	328	53	8	49	4	8	218	161	0	0	0	28	[]	0	1
38	123456795	6	0	2	121	0	0	0	0	0	0	0	0	0	0	0	0	328	55	8	49	4	8	218	161	0	0	0	28	[]	0	1
39	123456795	6	0	0	123	0	0	0	0	0	0	0	0	0	0	0	0	328	57	8	49	4	8	218	161	0	0	0	28	[]	0	0
40	123456795	6	0	0	123	0	0	0	0	0	0	0	0	0	0	0	0	328	60	8	49	4	8	218	161	0	0	0	28	[]	0	0
41	123456795	6	0	0	123	0	0	0	0	0	0	0	0	0	0	0	0	328	63	8	49	4	8	218	161	0	0	0	28	[]	0	0
42	123456795	6	0	0	123	0	0	0	0	0	0	0	0	0	0	0	0	328	65	8	49	4	8	218	161	0	0	0	28	[]	0	0
43	123456795	6	0	0	123	0	0	0	0	0	0	0	0	0	0	0	0	328	67	8	49	4	8	218	161	0	0	0	28	[]	0	0
44	123456795	6	0	0	123	0	0	0	0	0	0	0	0	0	0	0	0	328	67	8	49	4	8	218	161	0	0	0	28	[]	0	0
45	123456795	6	0	0	123	0	0	0	0	0	0	0	0	0	0	0	0	328	67	8	49	4	8	218	161	0	0	0	28	[]	0	0
46	123456795	6	0	0	123	0	0	0	0	0	0	0	0	0	0	0	0	328	69	8	49	4	8	218	161	0	0	0	28	[]	0	0
47	123456795	5	1	0	123	0	0	0	0	0	0	0	0	0	0	0	0	328	71	8	49	4	8	218	161	0	0	0	29	[]	0	0
48	123456795	5	0	1	123	0	0	0	0	0	0	0	0	0	0	0	0	328	74	8	49	4	8	218	161	0	0	0	29	[]	0	0
49	123456795	5	0	1	123	0	0	0	0	0	0	0	0	0	0	0	0	328	75	8	49	4	8	218	161	0	0	0	29	[]	0	0
50	123456795	5	0	1	123	0	0	0	0	0	0	0	0	0	0	0	0	328	76	8	49	4	8	218	161	0	0	0	29	[]	0	0
51	123456795	5	0	1	123	0	0	0	0	0	0	0	0	0	0	0	0	328	79	8	49	4	8	218	161	0	0	0	29	[]	0	0
52	123456795	5	0	1	123	0	0	0	0	0	0	0	0	0	0	0	0	328	81	8	49	4	8	218	161	0	0	0	29	[]	0	0
53	123456795	5	0	1	123	0	0	0	0	0	0	0	0	0	0	0	0	328	81	8	49	4	8	218	161	0	0	0	29	[]	0	0
54	123456795	5	0	0	124	0	0	0	0	0	0	0	0	0	0	0	0	328	84	8	49	4	8	218	161	0	0	0	29	[]	0	0
55	123456795	5	0	0	124	0	0	0	0	0	0	0	0	0	0	0	0	328	86	8	49	4	8	218	161	0	0	0	29	[]	0	0
56	123456795	5	0	0	124	0	0	0	0	0	0	0	0	0	0	0	0	328	87	8	49	4	8	218	161	0	0	0	29	[]	0	0
57	123456795	5	0	0	124	0	0	0	0	0	0	0	0	0	0	0	0	328	89	8	49	4	8	218	161	0	0	0	29	[]	0	0
58	123456795	5	0	0	124	0	0	0	0	0	0	0	0	0	0	0	0	328	93	8	49	4	8	218	161	0	0	0	29	[]	0	0
59	123456795	5	0	0	124	0	0	0	0	0	0	0	0	0	0	0	0	328	96	8	49	4	8	218	161	0	0	0	29	[]	0	0
60	123456795	5	0	0	124	0	0	0	0	0	0	0	0	0	0	0	0	328	97	8	49	4	8	218	161	0	0	0	29	[]	0	0
