day	seedRun	susceptible	exposed	infected	removed	susceptible-in-quarantine	exposed-in-quarantine	infected-in-quarantine	removed-in-quarantine	susceptible-in-quarantine-external-1	exposed-in-quarantine-external-1	infected-in-quarantine-external-1	removed-in-quarantine-external-1	susceptible-in-quarantine-external-2	exposed-in-quarantine-external-2	infected-in-quarantine-external-2	removed-in-quarantine-external-2	num-of-screened-agents	num-of-screened-agents-external-1	num-of-screened-agents-external-2	num-of-positive-agents	num-of-positive-agents-external-1	num-of-positive-agents-external-2	num-vaccinated	num-immunized	num-immunized-in-quarantine	num-immunized-in-quarantine-external-1	num-immunized-in-quarantine-external-2	num-infected-outside	classroom-in-quarantine	num-of-classroom-in-quarantine	classroom-with-at-least-one-infected
0	123457174	128	0	0	0	0	0	0	0	0	0	0	0	0	0	0	0	0	0	0	0	0	0	218	162	0	0	0	0	[]	0	0
1	123457174	126	2	0	0	0	0	0	0	0	0	0	0	0	0	0	0	0	3	0	0	0	0	218	162	0	0	0	2	[]	0	0
2	123457174	123	5	0	0	0	0	0	0	0	0	0	0	0	0	0	0	0	3	0	0	0	0	218	162	0	0	0	5	[]	0	0
3	123457174	117	10	1	0	0	0	0	0	0	0	0	0	0	0	0	0	0	7	0	0	0	0	218	162	0	0	0	9	[]	0	1
4	123457174	103	21	4	0	0	0	0	0	0	0	0	0	0	0	0	0	0	8	0	0	0	0	218	162	0	0	0	10	[]	0	4
5	123457174	84	36	8	0	0	0	0	0	0	0	0	0	0	0	0	0	0	9	0	0	0	0	218	162	0	0	0	13	[]	0	5
6	123457174	83	27	10	3	0	0	3	0	0	0	1	0	0	0	1	0	38	12	1	3	1	1	218	162	0	0	0	14	[]	0	6
7	123457174	81	16	22	4	0	0	3	0	0	0	1	0	0	0	1	0	38	13	1	3	1	1	218	162	0	0	0	16	[]	0	8
8	123457174	67	23	10	7	1	4	11	1	0	0	1	0	0	0	3	0	76	14	3	11	1	3	218	154	8	0	0	18	[1C]	1	7
9	123457174	61	25	14	7	1	3	10	3	0	0	1	0	0	0	3	0	76	15	3	11	1	3	218	154	8	0	0	18	[1C]	1	7
10	123457174	51	28	18	7	1	3	10	5	0	0	1	0	0	0	4	0	95	15	4	13	1	4	218	154	8	0	0	20	[1C]	1	8
11	123457174	37	31	21	8	1	4	14	7	0	0	1	0	0	0	3	1	130	19	4	16	1	4	218	143	19	0	0	21	[1C 2C]	2	11
12	123457174	26	33	28	10	1	2	16	7	0	0	1	0	0	0	3	1	130	20	4	16	1	4	218	143	19	0	0	21	[1C 2C]	2	11
13	123457174	26	18	23	10	1	4	26	12	0	0	1	0	0	0	6	1	203	20	7	27	1	7	218	120	42	0	0	21	[1C 2C 1B 2A]	4	12
14	123457174	26	12	10	11	1	6	34	18	0	0	1	0	0	0	8	1	241	20	9	37	1	9	218	98	64	0	0	21	[1C 2C 1B 2A 3A 2D]	6	12
15	123457174	22	14	7	11	2	6	31	25	0	0	1	0	0	0	8	1	258	22	9	39	1	9	218	86	76	0	0	22	[1C 2C 1B 2A 3A 2D 1A]	7	12
16	123457174	17	15	10	14	2	5	25	31	0	0	1	0	0	0	8	0	258	23	9	39	1	9	218	86	76	0	0	22	[1C 2C 1B 2A 3A 2D 1A]	7	11
17	123457174	15	13	13	15	2	4	25	32	0	0	1	0	0	0	6	2	258	23	9	39	1	9	218	86	76	0	0	23	[1C 2C 1B 2A 3A 2D 1A]	7	11
18	123457174	9	14	11	26	1	6	18	35	0	0	1	0	0	0	4	3	291	24	9	42	1	9	218	85	77	0	0	23	[2C 1B 2A 3A 2D 1A 3C]	7	10
19	123457174	7	14	10	29	1	5	16	38	0	0	1	0	0	0	3	4	291	24	9	42	1	9	218	85	77	0	0	24	[2C 1B 2A 3A 2D 1A 3C]	7	10
20	123457174	6	10	11	33	1	1	15	43	0	0	1	0	0	0	3	4	291	24	9	42	1	9	218	85	77	0	0	25	[2C 1B 2A 3A 2D 1A 3C]	7	10
21	123457174	6	7	13	44	1	1	8	41	0	0	0	0	0	0	3	4	291	24	9	42	1	9	218	96	66	0	0	25	[1B 2A 3A 2D 1A 3C]	6	9
22	123457174	6	4	16	44	1	0	9	41	0	0	0	0	0	0	2	5	291	26	9	42	1	9	218	96	66	0	0	25	[1B 2A 3A 2D 1A 3C]	6	10
23	123457174	4	3	13	60	1	1	9	32	0	0	1	0	0	0	0	4	310	27	9	46	2	9	218	109	53	0	0	25	[3A 2D 1A 3C 3D]	5	7
24	123457174	4	3	11	80	1	1	6	19	0	0	1	0	0	0	0	2	310	29	9	46	2	9	218	131	31	0	0	25	[1A 3C 3D]	3	5
25	123457174	3	4	8	91	0	1	5	14	0	0	1	0	0	0	0	1	310	31	9	46	2	9	218	143	19	0	0	26	[3C 3D]	2	6
26	123457174	3	4	6	92	0	0	6	14	0	0	1	0	0	0	1	1	328	32	10	46	2	10	218	143	19	0	0	26	[3C 3D]	2	5
27	123457174	3	2	7	93	0	0	3	17	0	0	1	0	0	0	1	1	328	33	10	46	2	10	218	143	19	0	0	26	[3C 3D]	2	4
28	123457174	3	1	7	106	0	0	2	7	0	0	1	0	0	0	1	0	328	34	10	46	2	10	218	152	10	0	0	26	[3D]	1	3
29	123457174	3	1	4	108	0	0	1	8	0	0	1	0	0	0	2	0	347	34	11	46	2	11	218	152	10	0	0	26	[3D]	1	3
30	123457174	3	1	4	108	0	0	1	8	0	0	1	0	0	0	2	0	347	35	11	46	2	11	218	152	10	0	0	26	[3D]	1	3
31	123457174	3	1	1	109	0	0	3	8	0	0	1	0	0	0	2	0	366	37	11	48	2	11	218	152	10	0	0	26	[3D]	1	3
32	123457174	3	0	1	110	0	0	3	8	0	0	1	0	0	0	2	0	366	41	11	48	2	11	218	152	10	0	0	26	[3D]	1	3
33	123457174	3	0	1	120	0	0	2	0	0	0	0	0	0	0	2	0	366	43	11	48	2	11	218	162	0	0	0	26	[]	0	2
34	123457174	3	0	0	120	0	0	3	0	0	0	0	0	0	0	2	0	385	45	11	49	2	11	218	162	0	0	0	26	[]	0	2
35	123457174	3	0	0	120	0	0	2	1	0	0	0	0	0	0	2	0	385	45	11	49	2	11	218	162	0	0	0	26	[]	0	2
36	123457174	3	0	0	121	0	0	2	1	0	0	0	0	0	0	1	0	385	46	11	49	2	11	218	162	0	0	0	26	[]	0	2
37	123457174	2	1	0	121	0	0	1	2	0	0	0	0	0	0	1	0	385	49	11	49	2	11	218	162	0	0	0	27	[]	0	2
38	123457174	2	1	0	121	0	0	1	2	0	0	0	0	0	0	1	0	385	50	11	49	2	11	218	162	0	0	0	27	[]	0	2
39	123457174	2	1	0	122	0	0	1	2	0	0	0	0	0	0	0	0	385	54	11	49	2	11	218	162	0	0	0	27	[]	0	1
40	123457174	1	2	0	122	0	0	1	2	0	0	0	0	0	0	0	0	385	54	11	49	2	11	218	162	0	0	0	28	[]	0	1
41	123457174	1	2	0	124	0	0	0	1	0	0	0	0	0	0	0	0	385	57	11	49	2	11	218	162	0	0	0	28	[]	0	0
42	123457174	1	2	0	124	0	0	0	1	0	0	0	0	0	0	0	0	385	59	11	49	2	11	218	162	0	0	0	28	[]	0	0
43	123457174	1	1	1	124	0	0	0	1	0	0	0	0	0	0	0	0	385	63	11	49	2	11	218	162	0	0	0	28	[]	0	1
44	123457174	1	1	1	125	0	0	0	0	0	0	0	0	0	0	0	0	385	64	11	49	2	11	218	162	0	0	0	28	[]	0	1
45	123457174	1	1	1	125	0	0	0	0	0	0	0	0	0	0	0	0	385	64	11	49	2	11	218	162	0	0	0	28	[]	0	1
46	123457174	1	1	1	125	0	0	0	0	0	0	0	0	0	0	0	0	385	66	11	49	2	11	218	162	0	0	0	28	[]	0	1
47	123457174	1	1	1	125	0	0	0	0	0	0	0	0	0	0	0	0	385	69	11	49	2	11	218	162	0	0	0	28	[]	0	1
48	123457174	1	1	1	125	0	0	0	0	0	0	0	0	0	0	0	0	385	70	11	49	2	11	218	162	0	0	0	28	[]	0	1
49	123457174	1	1	1	125	0	0	0	0	0	0	0	0	0	0	0	0	385	72	11	49	2	11	218	162	0	0	0	28	[]	0	1
50	123457174	1	0	2	125	0	0	0	0	0	0	0	0	0	0	0	0	385	74	11	49	2	11	218	162	0	0	0	28	[]	0	1
51	123457174	1	0	2	125	0	0	0	0	0	0	0	0	0	0	0	0	385	75	11	49	2	11	218	162	0	0	0	28	[]	0	1
52	123457174	1	0	2	125	0	0	0	0	0	0	0	0	0	0	0	0	385	75	11	49	2	11	218	162	0	0	0	28	[]	0	1
53	123457174	1	0	2	125	0	0	0	0	0	0	0	0	0	0	0	0	385	78	11	49	2	11	218	162	0	0	0	28	[]	0	1
54	123457174	1	0	2	125	0	0	0	0	0	0	0	0	0	0	0	0	385	80	11	49	2	11	218	162	0	0	0	28	[]	0	1
55	123457174	1	0	2	125	0	0	0	0	0	0	0	0	0	0	0	0	385	82	11	49	2	11	218	162	0	0	0	28	[]	0	1
56	123457174	1	0	2	125	0	0	0	0	0	0	0	0	0	0	0	0	385	85	11	49	2	11	218	162	0	0	0	28	[]	0	1
57	123457174	1	0	2	125	0	0	0	0	0	0	0	0	0	0	0	0	385	86	11	49	2	11	218	162	0	0	0	28	[]	0	1
58	123457174	1	0	1	126	0	0	0	0	0	0	0	0	0	0	0	0	385	89	11	49	2	11	218	162	0	0	0	28	[]	0	0
59	123457174	1	0	1	126	0	0	0	0	0	0	0	0	0	0	0	0	385	91	11	49	2	11	218	162	0	0	0	28	[]	0	0
60	123457174	1	0	1	126	0	0	0	0	0	0	0	0	0	0	0	0	385	92	11	49	2	11	218	162	0	0	0	28	[]	0	0
