day	seedRun	susceptible	exposed	infected	removed	susceptible-in-quarantine	exposed-in-quarantine	infected-in-quarantine	removed-in-quarantine	susceptible-in-quarantine-external-1	exposed-in-quarantine-external-1	infected-in-quarantine-external-1	removed-in-quarantine-external-1	susceptible-in-quarantine-external-2	exposed-in-quarantine-external-2	infected-in-quarantine-external-2	removed-in-quarantine-external-2	num-of-screened-agents	num-of-screened-agents-external-1	num-of-screened-agents-external-2	num-of-positive-agents	num-of-positive-agents-external-1	num-of-positive-agents-external-2	num-vaccinated	num-immunized	num-immunized-in-quarantine	num-immunized-in-quarantine-external-1	num-immunized-in-quarantine-external-2	num-infected-outside	classroom-in-quarantine	num-of-classroom-in-quarantine	classroom-with-at-least-one-infected
0	123457270	220	0	0	0	0	0	0	0	0	0	0	0	0	0	0	0	0	0	0	0	0	0	146	70	0	0	0	0	[]	0	0
1	123457270	217	3	0	0	0	0	0	0	0	0	0	0	0	0	0	0	0	2	0	0	0	0	146	70	0	0	0	3	[]	0	0
2	123457270	200	19	1	0	0	0	0	0	0	0	0	0	0	0	0	0	0	6	0	0	0	0	146	70	0	0	0	11	[]	0	1
3	123457270	160	51	8	1	0	0	0	0	0	0	0	0	0	0	0	0	0	8	0	0	0	0	146	70	0	0	0	16	[]	0	3
4	123457270	129	66	23	1	0	0	0	0	0	0	0	0	0	0	1	0	0	10	1	0	0	1	146	70	0	0	0	21	[]	0	6
5	123457270	99	69	45	4	0	0	0	0	0	0	0	0	0	0	3	0	0	10	3	0	0	3	146	70	0	0	0	23	[]	0	8
6	123457270	97	52	56	9	0	0	0	0	0	0	0	0	0	0	6	0	0	11	6	0	0	6	146	70	0	0	0	25	[]	0	9
7	123457270	93	41	65	14	0	0	0	0	0	0	0	0	0	0	6	1	0	14	7	0	0	7	146	70	0	0	0	29	[]	0	12
8	123457270	57	58	75	20	0	0	0	0	0	0	1	0	0	0	8	1	0	15	9	0	1	9	146	70	0	0	0	29	[]	0	12
9	123457270	49	48	77	29	0	0	0	0	0	0	3	0	0	0	9	5	0	17	14	0	3	14	146	70	0	0	0	29	[]	0	12
10	123457270	46	39	78	38	0	0	0	0	0	0	5	0	0	0	9	5	0	20	14	0	5	14	146	70	0	0	0	30	[]	0	12
11	123457270	42	33	75	47	0	0	0	0	0	0	4	1	0	0	10	8	0	21	18	0	5	18	146	70	0	0	0	31	[]	0	11
12	123457270	40	25	71	60	0	0	0	0	0	0	4	1	0	0	9	10	0	21	19	0	5	19	146	70	0	0	0	32	[]	0	11
13	123457270	38	15	68	71	0	0	0	0	0	0	3	2	0	0	11	12	0	21	23	0	5	23	146	70	0	0	0	34	[]	0	11
14	123457270	38	11	64	80	0	0	0	0	0	0	2	3	0	0	11	11	0	22	23	0	5	23	146	70	0	0	0	34	[]	0	11
15	123457270	21	24	60	88	0	0	0	0	0	0	2	3	0	0	11	11	0	28	25	0	5	25	146	70	0	0	0	36	[]	0	12
16	123457270	20	21	53	101	0	0	0	0	0	0	3	3	0	0	9	10	0	29	25	0	6	25	146	70	0	0	0	36	[]	0	12
17	123457270	19	16	47	111	0	0	0	0	0	0	2	4	0	0	11	10	0	30	28	0	6	28	146	70	0	0	0	36	[]	0	12
18	123457270	13	16	49	118	0	0	0	0	0	0	2	3	0	0	10	9	0	31	28	0	6	28	146	70	0	0	0	36	[]	0	12
19	123457270	12	13	44	133	0	0	0	0	0	0	2	1	0	0	8	7	0	32	29	0	6	29	146	70	0	0	0	36	[]	0	12
20	123457270	12	11	39	142	0	0	0	0	0	0	1	0	0	0	6	9	0	33	29	0	6	29	146	70	0	0	0	36	[]	0	12
21	123457270	11	10	37	149	0	0	0	0	0	0	0	1	0	0	6	6	0	34	30	0	6	30	146	70	0	0	0	37	[]	0	12
22	123457270	10	7	36	154	0	0	0	0	0	0	0	1	0	0	4	8	0	35	31	0	6	31	146	70	0	0	0	37	[]	0	12
23	123457270	9	6	31	164	0	0	0	0	0	0	0	1	0	0	4	5	0	41	32	0	6	32	146	70	0	0	0	38	[]	0	10
24	123457270	9	3	31	167	0	0	0	0	0	0	0	1	0	0	2	7	0	42	32	0	6	32	146	70	0	0	0	38	[]	0	10
25	123457270	8	3	29	172	0	0	0	0	0	0	0	1	0	0	0	7	0	46	32	0	6	32	146	70	0	0	0	38	[]	0	10
26	123457270	6	4	23	178	0	0	0	0	0	0	2	0	0	0	0	7	0	51	32	0	8	32	146	70	0	0	0	39	[]	0	10
27	123457270	6	3	23	182	0	0	0	0	0	0	1	1	0	0	0	4	0	52	32	0	8	32	146	70	0	0	0	39	[]	0	9
28	123457270	6	2	19	187	0	0	0	0	0	0	1	1	0	0	0	4	0	52	32	0	8	32	146	70	0	0	0	39	[]	0	8
29	123457270	3	5	17	190	0	0	0	0	0	0	0	2	0	0	0	3	0	54	32	0	8	32	146	70	0	0	0	40	[]	0	8
30	123457270	3	4	14	193	0	0	0	0	0	0	0	2	0	0	1	3	0	55	33	0	8	33	146	70	0	0	0	40	[]	0	7
31	123457270	3	3	14	195	0	0	0	0	0	0	0	2	0	0	1	2	0	57	33	0	8	33	146	70	0	0	0	40	[]	0	7
32	123457270	3	2	11	199	0	0	0	0	0	0	1	2	0	0	1	1	0	63	33	0	9	33	146	70	0	0	0	40	[]	0	5
33	123457270	3	1	10	202	0	0	0	0	0	0	1	2	0	0	1	0	0	67	33	0	9	33	146	70	0	0	0	40	[]	0	5
34	123457270	3	1	10	202	0	0	0	0	0	0	1	2	0	0	1	0	0	68	33	0	9	33	146	70	0	0	0	40	[]	0	5
35	123457270	3	1	5	207	0	0	0	0	0	0	1	2	0	0	1	0	0	69	33	0	9	33	146	70	0	0	0	40	[]	0	4
36	123457270	3	1	4	209	0	0	0	0	0	0	1	0	0	0	2	0	0	70	34	0	9	34	146	70	0	0	0	40	[]	0	4
37	123457270	3	1	4	209	0	0	0	0	0	0	1	0	0	0	2	0	0	71	34	0	9	34	146	70	0	0	0	40	[]	0	4
38	123457270	3	1	3	210	0	0	0	0	0	0	1	0	0	0	2	0	0	74	34	0	9	34	146	70	0	0	0	40	[]	0	3
39	123457270	3	1	2	210	0	0	0	0	0	0	1	0	0	0	3	0	0	76	35	0	9	35	146	70	0	0	0	40	[]	0	3
40	123457270	3	1	2	211	0	0	0	0	0	0	1	0	0	0	2	0	0	77	35	0	9	35	146	70	0	0	0	40	[]	0	3
41	123457270	3	1	0	213	0	0	0	0	0	0	0	1	0	0	2	0	0	78	35	0	9	35	146	70	0	0	0	40	[]	0	2
42	123457270	3	1	0	214	0	0	0	0	0	0	0	0	0	0	2	0	0	82	35	0	9	35	146	70	0	0	0	40	[]	0	2
43	123457270	3	1	0	214	0	0	0	0	0	0	0	0	0	0	2	0	0	83	35	0	9	35	146	70	0	0	0	40	[]	0	2
44	123457270	3	1	0	214	0	0	0	0	0	0	0	0	0	0	2	0	0	85	35	0	9	35	146	70	0	0	0	40	[]	0	2
45	123457270	3	1	0	214	0	0	0	0	0	0	0	0	0	0	2	0	0	88	35	0	9	35	146	70	0	0	0	40	[]	0	2
46	123457270	3	1	0	215	0	0	0	0	0	0	0	0	0	0	1	0	0	92	35	0	9	35	146	70	0	0	0	40	[]	0	1
47	123457270	3	1	0	215	0	0	0	0	0	0	0	0	0	0	1	0	0	94	35	0	9	35	146	70	0	0	0	40	[]	0	1
48	123457270	3	1	0	215	0	0	0	0	0	0	0	0	0	0	1	0	0	97	35	0	9	35	146	70	0	0	0	40	[]	0	1
49	123457270	3	1	0	216	0	0	0	0	0	0	0	0	0	0	0	0	0	100	35	0	9	35	146	70	0	0	0	40	[]	0	0
50	123457270	3	0	1	216	0	0	0	0	0	0	0	0	0	0	0	0	0	101	35	0	9	35	146	70	0	0	0	40	[]	0	0
51	123457270	3	0	1	216	0	0	0	0	0	0	0	0	0	0	0	0	0	102	35	0	9	35	146	70	0	0	0	40	[]	0	0
52	123457270	3	0	1	216	0	0	0	0	0	0	0	0	0	0	0	0	0	103	35	0	9	35	146	70	0	0	0	40	[]	0	0
53	123457270	2	1	0	217	0	0	0	0	0	0	0	0	0	0	0	0	0	103	35	0	9	35	146	70	0	0	0	41	[]	0	0
54	123457270	2	1	0	217	0	0	0	0	0	0	0	0	0	0	0	0	0	104	35	0	9	35	146	70	0	0	0	41	[]	0	0
55	123457270	2	1	0	217	0	0	0	0	0	0	0	0	0	0	0	0	0	107	35	0	9	35	146	70	0	0	0	41	[]	0	0
56	123457270	2	1	0	217	0	0	0	0	0	0	0	0	0	0	0	0	0	108	35	0	9	35	146	70	0	0	0	41	[]	0	0
57	123457270	2	1	0	217	0	0	0	0	0	0	0	0	0	0	0	0	0	110	35	0	9	35	146	70	0	0	0	41	[]	0	0
58	123457270	2	1	0	217	0	0	0	0	0	0	0	0	0	0	0	0	0	111	35	0	9	35	146	70	0	0	0	41	[]	0	0
59	123457270	2	1	0	217	0	0	0	0	0	0	0	0	0	0	0	0	0	112	35	0	9	35	146	70	0	0	0	41	[]	0	0
60	123457270	2	1	0	217	0	0	0	0	0	0	0	0	0	0	0	0	0	113	35	0	9	35	146	70	0	0	0	41	[]	0	0
