day	seedRun	susceptible	exposed	infected	removed	susceptible-in-quarantine	exposed-in-quarantine	infected-in-quarantine	removed-in-quarantine	susceptible-in-quarantine-external-1	exposed-in-quarantine-external-1	infected-in-quarantine-external-1	removed-in-quarantine-external-1	susceptible-in-quarantine-external-2	exposed-in-quarantine-external-2	infected-in-quarantine-external-2	removed-in-quarantine-external-2	num-of-screened-agents	num-of-screened-agents-external-1	num-of-screened-agents-external-2	num-of-positive-agents	num-of-positive-agents-external-1	num-of-positive-agents-external-2	num-vaccinated	num-immunized	num-immunized-in-quarantine	num-immunized-in-quarantine-external-1	num-immunized-in-quarantine-external-2	num-infected-outside	classroom-in-quarantine	num-of-classroom-in-quarantine	classroom-with-at-least-one-infected
0	123457179	220	0	0	0	0	0	0	0	0	0	0	0	0	0	0	0	0	0	0	0	0	0	146	70	0	0	0	0	[]	0	0
1	123457179	217	3	0	0	0	0	0	0	0	0	0	0	0	0	0	0	0	2	0	0	0	0	146	70	0	0	0	3	[]	0	0
2	123457179	206	13	1	0	0	0	0	0	0	0	0	0	0	0	0	0	0	3	0	0	0	0	146	70	0	0	0	9	[]	0	1
3	123457179	169	45	6	0	0	0	0	0	0	0	0	0	0	0	0	0	0	4	0	0	0	0	146	70	0	0	0	13	[]	0	4
4	123457179	123	77	19	1	0	0	0	0	0	0	0	0	0	0	0	0	0	6	0	0	0	0	146	70	0	0	0	18	[]	0	6
5	123457179	78	105	36	1	0	0	0	0	0	0	0	0	0	0	0	0	0	7	0	0	0	0	146	70	0	0	0	19	[]	0	9
6	123457179	75	82	57	4	0	0	0	0	0	0	0	0	0	0	2	0	0	8	2	0	0	2	146	70	0	0	0	22	[]	0	10
7	123457179	74	53	81	9	0	0	0	0	0	0	1	0	0	0	0	2	0	9	2	0	1	2	146	70	0	0	0	23	[]	0	10
8	123457179	52	57	86	18	0	0	0	0	0	0	2	0	0	0	3	2	0	10	5	0	2	5	146	70	0	0	0	24	[]	0	11
9	123457179	41	50	90	30	0	0	0	0	0	0	1	1	0	0	3	4	0	10	7	0	2	7	146	70	0	0	0	25	[]	0	12
10	123457179	29	52	77	50	0	0	0	0	0	0	1	1	0	0	6	4	0	10	10	0	2	10	146	70	0	0	0	25	[]	0	12
11	123457179	25	46	69	62	0	0	0	0	0	0	1	2	0	0	10	5	0	12	15	0	3	15	146	70	0	0	0	26	[]	0	12
12	123457179	25	35	63	76	0	0	0	0	0	0	1	3	0	0	10	7	0	13	17	0	4	17	146	70	0	0	0	26	[]	0	12
13	123457179	25	23	69	80	0	0	0	0	0	0	1	3	0	0	11	8	0	14	19	0	4	19	146	70	0	0	0	26	[]	0	12
14	123457179	25	15	68	87	0	0	0	0	0	0	2	3	0	0	10	10	0	18	20	0	5	20	146	70	0	0	0	26	[]	0	12
15	123457179	25	10	65	93	0	0	0	0	0	0	2	3	0	0	12	10	0	18	22	0	5	22	146	70	0	0	0	26	[]	0	12
16	123457179	16	17	54	108	0	0	0	0	0	0	2	3	0	0	12	8	0	19	22	0	5	22	146	70	0	0	0	28	[]	0	12
17	123457179	14	13	51	115	0	0	0	0	0	0	1	4	0	0	12	10	0	23	24	0	6	24	146	70	0	0	0	28	[]	0	12
18	123457179	9	16	43	126	0	0	0	0	0	0	0	4	0	0	13	9	0	26	27	0	6	27	146	70	0	0	0	28	[]	0	12
19	123457179	7	13	41	135	0	0	0	0	0	0	0	4	0	0	10	10	0	27	27	0	6	27	146	70	0	0	0	28	[]	0	12
20	123457179	7	9	38	142	0	0	0	0	0	0	1	4	0	0	10	9	0	28	29	0	7	29	146	70	0	0	0	28	[]	0	12
21	123457179	7	8	32	154	0	0	0	0	0	0	1	3	0	0	10	5	0	29	30	0	7	30	146	70	0	0	0	28	[]	0	12
22	123457179	5	7	33	158	0	0	0	0	0	0	1	2	0	0	10	4	0	31	31	0	7	31	146	70	0	0	0	28	[]	0	12
23	123457179	3	6	32	164	0	0	0	0	0	0	0	3	0	0	8	4	0	31	31	0	7	31	146	70	0	0	0	28	[]	0	12
24	123457179	3	5	25	170	0	0	0	0	0	0	0	2	0	0	11	4	0	31	35	0	7	35	146	70	0	0	0	28	[]	0	12
25	123457179	3	2	24	176	0	0	0	0	0	0	0	2	0	0	10	3	0	33	35	0	7	35	146	70	0	0	0	28	[]	0	11
26	123457179	3	1	20	180	0	0	0	0	0	0	0	2	0	0	9	5	0	37	36	0	7	36	146	70	0	0	0	28	[]	0	10
27	123457179	3	0	17	186	0	0	0	0	0	0	0	1	0	0	9	4	0	38	37	0	7	37	146	70	0	0	0	28	[]	0	10
28	123457179	3	0	15	191	0	0	0	0	0	0	0	1	0	0	5	5	0	42	37	0	7	37	146	70	0	0	0	28	[]	0	9
29	123457179	3	0	14	192	0	0	0	0	0	0	0	1	0	0	5	5	0	43	37	0	7	37	146	70	0	0	0	28	[]	0	9
30	123457179	3	0	13	196	0	0	0	0	0	0	0	0	0	0	4	4	0	45	37	0	7	37	146	70	0	0	0	28	[]	0	8
31	123457179	3	0	11	198	0	0	0	0	0	0	0	0	0	0	5	3	0	45	38	0	7	38	146	70	0	0	0	28	[]	0	7
32	123457179	3	0	8	201	0	0	0	0	0	0	1	0	0	0	5	2	0	49	38	0	8	38	146	70	0	0	0	28	[]	0	7
33	123457179	3	0	5	203	0	0	0	0	0	0	1	0	0	0	6	2	0	50	39	0	8	39	146	70	0	0	0	28	[]	0	6
34	123457179	3	0	4	208	0	0	0	0	0	0	1	0	0	0	4	0	0	50	39	0	8	39	146	70	0	0	0	28	[]	0	5
35	123457179	3	0	4	208	0	0	0	0	0	0	1	0	0	0	3	1	0	50	39	0	8	39	146	70	0	0	0	28	[]	0	5
36	123457179	3	0	3	210	0	0	0	0	0	0	1	0	0	0	2	1	0	50	39	0	8	39	146	70	0	0	0	28	[]	0	4
37	123457179	3	0	2	212	0	0	0	0	0	0	0	1	0	0	1	1	0	51	39	0	8	39	146	70	0	0	0	28	[]	0	2
38	123457179	3	0	2	212	0	0	0	0	0	0	0	1	0	0	1	1	0	54	39	0	8	39	146	70	0	0	0	28	[]	0	2
39	123457179	3	0	2	212	0	0	0	0	0	0	0	1	0	0	1	1	0	56	39	0	8	39	146	70	0	0	0	28	[]	0	2
40	123457179	3	0	2	212	0	0	0	0	0	0	0	1	0	0	1	1	0	56	39	0	8	39	146	70	0	0	0	28	[]	0	2
41	123457179	3	0	1	214	0	0	0	0	0	0	0	1	0	0	0	1	0	58	39	0	8	39	146	70	0	0	0	28	[]	0	0
42	123457179	3	0	0	216	0	0	0	0	0	0	0	0	0	0	0	1	0	61	39	0	8	39	146	70	0	0	0	28	[]	0	0
43	123457179	3	0	0	217	0	0	0	0	0	0	0	0	0	0	0	0	0	63	39	0	8	39	146	70	0	0	0	28	[]	0	0
44	123457179	3	0	0	217	0	0	0	0	0	0	0	0	0	0	0	0	0	65	39	0	8	39	146	70	0	0	0	28	[]	0	0
45	123457179	3	0	0	217	0	0	0	0	0	0	0	0	0	0	0	0	0	66	39	0	8	39	146	70	0	0	0	28	[]	0	0
46	123457179	3	0	0	217	0	0	0	0	0	0	0	0	0	0	0	0	0	68	39	0	8	39	146	70	0	0	0	28	[]	0	0
47	123457179	3	0	0	217	0	0	0	0	0	0	0	0	0	0	0	0	0	72	39	0	8	39	146	70	0	0	0	28	[]	0	0
48	123457179	3	0	0	217	0	0	0	0	0	0	0	0	0	0	0	0	0	76	39	0	8	39	146	70	0	0	0	28	[]	0	0
49	123457179	3	0	0	217	0	0	0	0	0	0	0	0	0	0	0	0	0	79	39	0	8	39	146	70	0	0	0	28	[]	0	0
50	123457179	3	0	0	217	0	0	0	0	0	0	0	0	0	0	0	0	0	82	39	0	8	39	146	70	0	0	0	28	[]	0	0
51	123457179	3	0	0	217	0	0	0	0	0	0	0	0	0	0	0	0	0	84	39	0	8	39	146	70	0	0	0	28	[]	0	0
52	123457179	3	0	0	217	0	0	0	0	0	0	0	0	0	0	0	0	0	89	39	0	8	39	146	70	0	0	0	28	[]	0	0
53	123457179	3	0	0	217	0	0	0	0	0	0	0	0	0	0	0	0	0	93	39	0	8	39	146	70	0	0	0	28	[]	0	0
54	123457179	3	0	0	217	0	0	0	0	0	0	0	0	0	0	0	0	0	94	39	0	8	39	146	70	0	0	0	28	[]	0	0
55	123457179	3	0	0	217	0	0	0	0	0	0	0	0	0	0	0	0	0	94	39	0	8	39	146	70	0	0	0	28	[]	0	0
56	123457179	2	1	0	217	0	0	0	0	0	0	0	0	0	0	0	0	0	96	39	0	8	39	146	70	0	0	0	29	[]	0	0
57	123457179	2	1	0	217	0	0	0	0	0	0	0	0	0	0	0	0	0	98	39	0	8	39	146	70	0	0	0	29	[]	0	0
58	123457179	2	0	1	217	0	0	0	0	0	0	0	0	0	0	0	0	0	103	39	0	8	39	146	70	0	0	0	29	[]	0	0
59	123457179	2	0	1	217	0	0	0	0	0	0	0	0	0	0	0	0	0	104	39	0	8	39	146	70	0	0	0	29	[]	0	0
60	123457179	2	0	1	217	0	0	0	0	0	0	0	0	0	0	0	0	0	106	39	0	8	39	146	70	0	0	0	29	[]	0	0
