day	seedRun	susceptible	exposed	infected	removed	susceptible-in-quarantine	exposed-in-quarantine	infected-in-quarantine	removed-in-quarantine	susceptible-in-quarantine-external-1	exposed-in-quarantine-external-1	infected-in-quarantine-external-1	removed-in-quarantine-external-1	susceptible-in-quarantine-external-2	exposed-in-quarantine-external-2	infected-in-quarantine-external-2	removed-in-quarantine-external-2	num-of-screened-agents	num-of-screened-agents-external-1	num-of-screened-agents-external-2	num-of-positive-agents	num-of-positive-agents-external-1	num-of-positive-agents-external-2	num-vaccinated	num-immunized	num-immunized-in-quarantine	num-immunized-in-quarantine-external-1	num-immunized-in-quarantine-external-2	num-infected-outside	classroom-in-quarantine	num-of-classroom-in-quarantine	classroom-with-at-least-one-infected
0	123457008	240	0	0	0	0	0	0	0	0	0	0	0	0	0	0	0	0	0	0	0	0	0	74	50	0	0	0	0	[]	0	0
1	123457008	234	6	0	0	0	0	0	0	0	0	0	0	0	0	0	0	0	1	0	0	0	0	74	50	0	0	0	6	[]	0	0
2	123457008	212	23	5	0	0	0	0	0	0	0	0	0	0	0	0	0	0	3	0	0	0	0	74	50	0	0	0	21	[]	0	4
3	123457008	182	43	13	2	0	0	0	0	0	0	0	0	0	0	0	0	0	4	0	0	0	0	74	50	0	0	0	33	[]	0	6
4	123457008	150	65	21	4	0	0	0	0	0	0	0	0	0	0	0	0	0	7	0	0	0	0	74	50	0	0	0	42	[]	0	8
5	123457008	104	77	35	4	4	7	5	3	0	0	0	0	0	0	1	0	19	8	1	5	0	1	74	50	0	0	0	47	[1D]	1	10
6	123457008	101	57	47	13	4	6	7	3	0	0	0	0	0	0	2	0	38	10	2	6	0	2	74	50	0	0	0	50	[1D]	1	11
7	123457008	80	36	30	11	17	18	28	14	0	0	1	0	0	0	5	0	114	13	5	27	1	5	74	48	2	0	0	58	[1D 2C 2B 3D]	4	12
8	123457008	61	43	18	13	18	18	40	21	0	0	2	0	0	0	5	1	152	16	6	40	2	6	74	46	4	0	0	63	[1D 2C 2B 3D 3C]	5	11
9	123457008	43	36	25	13	22	19	48	25	0	0	2	0	0	0	5	2	171	17	7	45	2	7	74	44	6	0	0	65	[1D 2C 2B 3D 3C 1C]	6	12
10	123457008	35	27	23	14	24	17	56	34	0	0	2	0	0	0	5	3	190	18	8	52	2	8	74	42	8	0	0	66	[1D 2C 2B 3D 3C 1C 1B]	7	12
11	123457008	22	18	16	12	27	17	62	41	4	4	5	4	0	0	3	5	208	20	8	58	3	8	74	39	10	1	0	70	[1D 2C 2B 3D 3C 1C 1B 2A 3B]	9	12
12	123457008	16	15	12	9	29	14	63	57	4	4	4	5	0	0	3	5	225	21	8	62	3	8	74	38	11	1	0	71	[1D 2C 2B 3D 3C 1C 1B 2A 3B 1A]	10	12
13	123457008	16	11	13	12	29	9	60	65	4	3	5	5	0	0	3	5	225	21	8	62	3	8	74	38	11	1	0	71	[1D 2C 2B 3D 3C 1C 1B 2A 3B 1A]	10	12
14	123457008	15	9	14	14	29	8	52	74	4	3	3	7	0	0	3	5	225	21	8	62	3	8	74	38	11	1	0	72	[1D 2C 2B 3D 3C 1C 1B 2A 3B 1A]	10	12
15	123457008	15	10	16	31	25	6	36	77	4	2	3	8	0	0	2	5	225	22	8	62	3	8	74	38	11	1	0	74	[2C 2B 3D 3C 1C 1B 2A 3B 1A]	9	11
16	123457008	10	2	4	20	29	8	46	95	4	1	2	10	0	0	4	5	263	22	10	73	3	10	74	34	15	1	0	75	[2C 2B 3D 3C 1C 1B 2A 3B 1A 3A 2D]	11	11
17	123457008	22	2	5	65	16	5	36	66	4	1	2	10	0	0	3	3	263	24	10	73	3	10	74	36	13	1	0	76	[3C 1C 1B 2A 3B 1A 3A 2D]	8	8
18	123457008	21	4	4	83	15	2	28	61	4	1	2	10	0	0	2	3	263	24	10	73	3	10	74	38	11	1	0	77	[1C 1B 2A 3B 1A 3A 2D]	7	7
19	123457008	22	5	4	99	11	0	22	56	4	0	2	11	0	0	0	4	263	25	10	73	3	10	74	40	9	1	0	78	[1B 2A 3B 1A 3A 2D]	6	8
20	123457008	22	5	2	117	9	0	17	47	4	0	1	12	0	0	1	3	282	27	11	74	3	11	74	42	7	1	0	80	[2A 3B 1A 3A 2D]	5	7
21	123457008	27	6	3	147	6	0	14	33	0	0	0	1	0	0	1	2	282	29	11	74	3	11	74	45	5	0	0	82	[1A 3A 2D]	3	5
22	123457008	29	3	6	164	4	0	10	21	0	0	0	0	0	0	1	2	282	30	11	74	3	11	74	46	4	0	0	82	[3A 2D]	2	5
23	123457008	29	2	7	164	4	0	9	22	0	0	0	0	0	0	1	2	282	31	11	74	3	11	74	46	4	0	0	82	[3A 2D]	2	6
24	123457008	28	3	5	166	4	0	6	25	0	0	0	0	0	0	0	3	282	31	11	74	3	11	74	46	4	0	0	82	[3A 2D]	2	4
25	123457008	28	3	3	166	4	0	5	27	0	0	0	0	0	0	1	3	319	33	12	75	3	12	74	46	4	0	0	82	[3A 2D]	2	4
26	123457008	30	5	3	198	0	0	1	1	0	0	0	0	0	0	1	1	319	33	12	75	3	12	74	50	0	0	0	83	[]	0	2
27	123457008	30	3	4	199	0	0	0	2	0	0	0	0	0	0	1	1	319	35	12	75	3	12	74	50	0	0	0	83	[]	0	3
28	123457008	27	6	3	200	0	0	0	2	0	0	0	0	0	0	1	1	319	37	12	75	3	12	74	50	0	0	0	86	[]	0	3
29	123457008	26	7	2	201	0	0	0	2	0	0	0	0	0	0	1	1	319	38	12	75	3	12	74	50	0	0	0	87	[]	0	3
30	123457008	24	6	3	204	0	0	0	1	0	0	1	0	0	0	1	0	356	40	12	75	4	12	74	50	0	0	0	88	[]	0	5
31	123457008	20	9	3	205	0	0	0	1	0	0	1	0	0	0	1	0	356	44	12	75	4	12	74	50	0	0	0	91	[]	0	4
32	123457008	16	11	5	205	0	0	0	1	0	0	1	0	0	0	1	0	356	47	12	75	4	12	74	50	0	0	0	93	[]	0	5
33	123457008	16	9	7	205	0	0	0	1	0	0	1	0	0	0	0	1	356	49	12	75	4	12	74	50	0	0	0	93	[]	0	4
34	123457008	14	8	9	206	0	0	0	1	0	0	1	0	0	0	0	1	356	50	12	75	4	12	74	50	0	0	0	95	[]	0	4
35	123457008	12	6	10	210	0	0	1	0	0	0	1	0	0	0	0	0	375	51	12	76	4	12	74	50	0	0	0	97	[]	0	5
36	123457008	12	2	10	211	0	0	3	0	0	0	1	0	0	0	1	0	394	52	13	78	4	13	74	50	0	0	0	97	[]	0	7
37	123457008	10	3	9	211	0	0	4	0	0	0	0	1	0	0	2	0	413	53	14	79	4	14	74	50	0	0	0	98	[]	0	8
38	123457008	7	5	9	212	0	0	4	0	0	0	0	1	0	0	2	0	413	54	14	79	4	14	74	50	0	0	0	99	[]	0	8
39	123457008	7	3	10	213	0	0	3	1	0	0	0	1	0	0	1	1	413	57	14	79	4	14	74	50	0	0	0	99	[]	0	8
40	123457008	6	3	11	214	0	0	3	1	0	0	0	0	0	0	1	1	413	61	14	79	4	14	74	50	0	0	0	100	[]	0	8
41	123457008	5	3	8	216	0	0	3	2	0	0	1	0	0	0	1	1	449	62	14	80	5	14	74	50	0	0	0	101	[]	0	6
42	123457008	5	1	9	217	0	0	2	3	0	0	1	0	0	0	1	1	467	64	14	80	5	14	74	50	0	0	0	101	[]	0	8
43	123457008	5	1	6	218	0	0	3	3	0	0	2	0	0	0	0	2	486	66	14	81	6	14	74	50	0	0	0	101	[]	0	7
44	123457008	4	1	6	219	0	0	3	3	0	0	2	0	0	0	0	2	486	67	14	81	6	14	74	50	0	0	0	102	[]	0	6
45	123457008	4	1	4	222	0	0	2	3	0	0	1	1	0	0	0	2	486	70	14	81	6	14	74	50	0	0	0	102	[]	0	4
46	123457008	2	2	5	225	0	0	2	1	0	0	1	1	0	0	0	1	504	71	14	81	6	14	74	50	0	0	0	103	[]	0	5
47	123457008	1	2	4	228	0	0	2	0	0	0	1	1	0	0	1	0	523	72	15	81	6	15	74	50	0	0	0	104	[]	0	6
48	123457008	1	1	5	228	0	0	2	0	0	0	1	1	0	0	1	0	541	75	15	81	6	15	74	50	0	0	0	104	[]	0	7
49	123457008	1	1	4	228	0	0	1	1	0	0	0	2	0	0	2	0	560	76	16	81	6	16	74	50	0	0	0	104	[]	0	6
50	123457008	1	1	4	228	0	0	1	1	0	0	0	2	0	0	2	0	560	77	16	81	6	16	74	50	0	0	0	104	[]	0	6
51	123457008	1	1	4	230	0	0	1	0	0	0	0	1	0	0	2	0	560	81	16	81	6	16	74	50	0	0	0	104	[]	0	6
52	123457008	1	1	4	230	0	0	1	0	0	0	0	1	0	0	2	0	579	83	16	81	6	16	74	50	0	0	0	104	[]	0	6
53	123457008	0	2	4	232	0	0	0	0	0	0	0	0	0	0	2	0	579	88	16	81	6	16	74	50	0	0	0	104	[]	0	5
54	123457008	0	2	3	233	0	0	0	0	0	0	0	0	0	0	2	0	598	90	16	81	6	16	74	50	0	0	0	104	[]	0	5
55	123457008	0	2	3	233	0	0	0	0	0	0	0	0	0	0	2	0	598	91	16	81	6	16	74	50	0	0	0	104	[]	0	5
56	123457008	0	1	4	233	0	0	0	0	0	0	0	0	0	0	2	0	598	93	16	81	6	16	74	50	0	0	0	104	[]	0	6
57	123457008	0	1	3	234	0	0	0	0	0	0	1	0	0	0	1	0	617	95	16	81	7	16	74	50	0	0	0	104	[]	0	5
58	123457008	0	1	2	235	0	0	0	0	0	0	1	0	0	0	1	0	617	97	16	81	7	16	74	50	0	0	0	104	[]	0	4
59	123457008	0	1	1	237	0	0	0	0	0	0	1	0	0	0	0	0	617	98	16	81	7	16	74	50	0	0	0	104	[]	0	2
60	123457008	0	1	1	237	0	0	0	0	0	0	1	0	0	0	0	0	617	99	16	81	7	16	74	50	0	0	0	104	[]	0	2
