day	seedRun	susceptible	exposed	infected	removed	susceptible-in-quarantine	exposed-in-quarantine	infected-in-quarantine	removed-in-quarantine	susceptible-in-quarantine-external-1	exposed-in-quarantine-external-1	infected-in-quarantine-external-1	removed-in-quarantine-external-1	susceptible-in-quarantine-external-2	exposed-in-quarantine-external-2	infected-in-quarantine-external-2	removed-in-quarantine-external-2	num-of-screened-agents	num-of-screened-agents-external-1	num-of-screened-agents-external-2	num-of-positive-agents	num-of-positive-agents-external-1	num-of-positive-agents-external-2	num-vaccinated	num-immunized	num-immunized-in-quarantine	num-immunized-in-quarantine-external-1	num-immunized-in-quarantine-external-2	num-infected-outside	classroom-in-quarantine	num-of-classroom-in-quarantine	classroom-with-at-least-one-infected
0	123456945	236	0	0	0	0	0	0	0	0	0	0	0	0	0	0	0	0	0	0	0	0	0	74	54	0	0	0	0	[]	0	0
1	123456945	222	14	0	0	0	0	0	0	0	0	0	0	0	0	0	0	0	1	0	0	0	0	74	54	0	0	0	14	[]	0	0
2	123456945	198	31	7	0	0	0	0	0	0	0	0	0	0	0	0	0	0	4	0	0	0	0	74	54	0	0	0	22	[]	0	7
3	123456945	168	52	16	0	0	0	0	0	0	0	0	0	0	0	0	0	0	5	0	0	0	0	74	54	0	0	0	32	[]	0	9
4	123456945	131	74	29	2	0	0	0	0	0	0	0	0	0	0	0	0	0	5	0	0	0	0	74	54	0	0	0	37	[]	0	10
5	123456945	98	77	38	5	4	7	5	1	0	0	1	0	0	0	0	0	19	7	0	5	1	0	74	52	2	0	0	41	[2B]	1	10
6	123456945	78	29	36	2	20	25	32	9	0	0	4	0	0	0	1	0	95	12	1	31	4	1	74	45	9	0	0	45	[2B 2D 3D 2C 1B]	5	12
7	123456945	70	25	29	3	24	22	40	17	0	0	3	1	0	0	2	0	114	13	2	38	4	2	74	43	11	0	0	49	[2B 2D 3D 2C 1B 3C]	6	12
8	123456945	51	35	31	10	24	12	45	22	0	0	3	1	0	0	1	1	114	13	2	38	4	2	74	43	11	0	0	53	[2B 2D 3D 2C 1B 3C]	6	12
9	123456945	30	45	38	14	24	8	44	27	0	0	3	1	0	0	1	1	114	14	2	38	4	2	74	43	11	0	0	54	[2B 2D 3D 2C 1B 3C]	6	12
10	123456945	16	38	39	16	27	10	51	32	0	0	3	1	0	0	2	1	133	15	3	45	4	3	74	41	13	0	0	54	[2B 2D 3D 2C 1B 3C 1D]	7	12
11	123456945	11	33	44	21	27	6	48	39	0	0	2	2	0	0	2	1	133	15	3	45	4	3	74	41	13	0	0	55	[2B 2D 3D 2C 1B 3C 1D]	7	12
12	123456945	8	20	36	27	27	7	55	48	0	0	2	2	0	0	3	1	152	15	4	54	4	4	74	39	15	0	0	56	[2B 2D 3D 2C 1B 3C 1D 3B]	8	12
13	123456945	8	17	33	33	27	4	49	57	0	0	2	2	0	0	3	1	152	15	4	54	4	4	74	39	15	0	0	56	[2B 2D 3D 2C 1B 3C 1D 3B]	8	12
14	123456945	8	13	34	36	27	2	46	62	0	0	0	4	0	0	3	1	152	15	4	54	4	4	74	39	15	0	0	56	[2B 2D 3D 2C 1B 3C 1D 3B]	8	12
15	123456945	7	14	16	50	24	4	50	62	0	0	1	3	0	0	4	1	190	17	5	63	5	5	74	39	15	0	0	59	[2D 3D 2C 1B 3C 1D 3B 1C]	8	11
16	123456945	21	14	15	110	8	3	28	32	0	0	1	0	0	0	3	1	190	17	5	63	5	5	74	46	8	0	0	60	[3C 1D 3B 1C]	4	7
17	123456945	22	11	16	125	4	3	25	25	0	0	1	0	0	0	3	1	209	18	6	66	5	6	74	48	6	0	0	61	[1D 3B 1C]	3	8
18	123456945	20	11	13	127	4	3	22	30	0	0	2	0	0	0	2	2	228	20	6	68	6	6	74	48	6	0	0	63	[1D 3B 1C]	3	8
19	123456945	20	10	12	129	4	3	22	30	0	0	2	0	0	0	2	2	228	21	6	68	6	6	74	48	6	0	0	63	[1D 3B 1C]	3	7
20	123456945	22	5	4	125	2	4	24	44	0	0	2	0	0	0	1	3	263	23	7	76	6	7	74	47	7	0	0	63	[3B 1C 1A 2A]	4	6
21	123456945	21	4	6	125	2	1	23	48	0	0	1	1	0	0	1	3	263	23	7	76	6	7	74	47	7	0	0	64	[3B 1C 1A 2A]	4	7
22	123456945	18	6	4	131	2	0	17	53	0	0	1	1	0	0	1	2	279	25	7	77	6	7	74	48	6	0	0	66	[1C 1A 2A 3A]	4	6
23	123456945	17	5	6	131	2	0	16	54	0	0	1	1	0	0	1	2	296	25	7	77	6	7	74	48	6	0	0	67	[1C 1A 2A 3A]	4	7
24	123456945	17	5	6	131	2	0	13	57	0	0	1	1	0	0	1	2	296	30	7	77	6	7	74	48	6	0	0	67	[1C 1A 2A 3A]	4	7
25	123456945	17	5	6	149	1	0	10	44	0	0	1	1	0	0	0	2	296	30	7	77	6	7	74	50	4	0	0	67	[1A 2A 3A]	3	7
26	123456945	15	5	8	149	1	0	8	46	0	0	1	1	0	0	0	2	296	32	7	77	6	7	74	50	4	0	0	69	[1A 2A 3A]	3	7
27	123456945	15	4	5	150	1	0	10	46	0	0	1	1	0	0	1	2	315	36	8	79	6	8	74	50	4	0	0	69	[1A 2A 3A]	3	7
28	123456945	12	7	2	156	1	0	8	46	0	0	1	0	0	0	1	2	315	40	8	79	6	8	74	50	4	0	0	72	[1A 2A 3A]	3	5
29	123456945	10	6	4	156	1	0	8	46	0	0	1	0	0	0	1	3	334	41	9	79	6	9	74	50	4	0	0	73	[1A 2A 3A]	3	8
30	123456945	11	6	3	193	0	0	3	17	0	0	0	0	0	0	1	2	334	42	9	79	6	9	74	53	1	0	0	73	[3A]	1	5
31	123456945	10	6	2	195	0	0	2	18	0	0	0	0	0	0	1	2	334	44	9	79	6	9	74	53	1	0	0	74	[3A]	1	4
32	123456945	9	3	6	214	0	0	1	1	0	0	0	0	0	0	1	1	351	44	9	79	6	9	74	54	0	0	0	74	[]	0	3
33	123456945	7	5	6	214	0	0	1	1	0	0	0	0	0	0	1	1	351	44	9	79	6	9	74	54	0	0	0	76	[]	0	3
34	123456945	7	1	7	214	0	0	4	1	0	0	0	0	0	0	1	1	370	48	9	82	6	9	74	54	0	0	0	76	[]	0	5
35	123456945	7	1	6	215	0	0	3	2	0	0	0	0	0	0	1	1	370	51	9	82	6	9	74	54	0	0	0	76	[]	0	5
36	123456945	5	3	6	215	0	0	2	3	0	0	0	0	0	0	0	2	370	53	9	82	6	9	74	54	0	0	0	78	[]	0	5
37	123456945	5	2	7	218	0	0	1	2	0	0	0	0	0	0	0	1	370	53	9	82	6	9	74	54	0	0	0	78	[]	0	4
38	123456945	4	3	7	218	0	0	1	2	0	0	0	0	0	0	0	1	370	55	9	82	6	9	74	54	0	0	0	79	[]	0	4
39	123456945	4	3	7	219	0	0	1	2	0	0	0	0	0	0	0	0	370	61	9	82	6	9	74	54	0	0	0	79	[]	0	4
40	123456945	4	2	7	220	0	0	1	2	0	0	0	0	0	0	0	0	370	62	9	82	6	9	74	54	0	0	0	79	[]	0	3
41	123456945	4	2	6	221	0	0	1	2	0	0	0	0	0	0	0	0	370	67	9	82	6	9	74	54	0	0	0	79	[]	0	3
42	123456945	4	1	6	222	0	0	1	2	0	0	0	0	0	0	0	0	370	69	9	82	6	9	74	54	0	0	0	79	[]	0	3
43	123456945	4	1	4	222	0	0	2	2	0	0	1	0	0	0	0	0	389	71	9	83	7	9	74	54	0	0	0	79	[]	0	3
44	123456945	4	1	4	225	0	0	1	0	0	0	1	0	0	0	0	0	389	72	9	83	7	9	74	54	0	0	0	79	[]	0	3
45	123456945	4	0	4	225	0	0	1	0	0	0	1	0	0	0	1	0	408	75	10	83	7	10	74	54	0	0	0	79	[]	0	4
46	123456945	4	0	3	226	0	0	1	0	0	0	1	0	0	0	1	0	408	76	10	83	7	10	74	54	0	0	0	79	[]	0	3
47	123456945	4	0	3	226	0	0	1	0	0	0	1	0	0	0	1	0	408	77	10	83	7	10	74	54	0	0	0	79	[]	0	3
48	123456945	4	0	2	227	0	0	1	0	0	0	1	0	0	0	1	0	426	80	10	83	7	10	74	54	0	0	0	79	[]	0	3
49	123456945	4	0	2	227	0	0	0	1	0	0	1	0	0	0	1	0	426	84	10	83	7	10	74	54	0	0	0	79	[]	0	3
50	123456945	4	0	2	227	0	0	0	1	0	0	1	0	0	0	1	0	426	86	10	83	7	10	74	54	0	0	0	79	[]	0	3
51	123456945	3	1	2	227	0	0	0	1	0	0	1	0	0	0	1	0	426	86	10	83	7	10	74	54	0	0	0	80	[]	0	3
52	123456945	2	2	2	227	0	0	0	1	0	0	1	0	0	0	1	0	426	88	10	83	7	10	74	54	0	0	0	81	[]	0	3
53	123456945	2	1	3	229	0	0	0	0	0	0	0	0	0	0	1	0	426	93	10	83	7	10	74	54	0	0	0	81	[]	0	3
54	123456945	1	2	3	229	0	0	0	0	0	0	0	0	0	0	1	0	426	93	10	83	7	10	74	54	0	0	0	81	[]	0	3
55	123456945	1	1	4	230	0	0	0	0	0	0	0	0	0	0	0	0	426	93	10	83	7	10	74	54	0	0	0	81	[]	0	3
56	123456945	1	1	4	230	0	0	0	0	0	0	0	0	0	0	0	0	426	95	10	83	7	10	74	54	0	0	0	81	[]	0	3
57	123456945	1	1	4	230	0	0	0	0	0	0	0	0	0	0	0	0	426	98	10	83	7	10	74	54	0	0	0	81	[]	0	3
58	123456945	1	1	4	230	0	0	0	0	0	0	0	0	0	0	0	0	426	102	10	83	7	10	74	54	0	0	0	81	[]	0	3
59	123456945	1	0	4	231	0	0	0	0	0	0	0	0	0	0	0	0	426	104	10	83	7	10	74	54	0	0	0	81	[]	0	3
60	123456945	1	0	4	231	0	0	0	0	0	0	0	0	0	0	0	0	426	106	10	83	7	10	74	54	0	0	0	81	[]	0	3
