day	seedRun	susceptible	exposed	infected	removed	susceptible-in-quarantine	exposed-in-quarantine	infected-in-quarantine	removed-in-quarantine	susceptible-in-quarantine-external-1	exposed-in-quarantine-external-1	infected-in-quarantine-external-1	removed-in-quarantine-external-1	susceptible-in-quarantine-external-2	exposed-in-quarantine-external-2	infected-in-quarantine-external-2	removed-in-quarantine-external-2	num-of-screened-agents	num-of-screened-agents-external-1	num-of-screened-agents-external-2	num-of-positive-agents	num-of-positive-agents-external-1	num-of-positive-agents-external-2	num-vaccinated	num-immunized	num-immunized-in-quarantine	num-immunized-in-quarantine-external-1	num-immunized-in-quarantine-external-2	num-infected-outside	classroom-in-quarantine	num-of-classroom-in-quarantine	classroom-with-at-least-one-infected
0	123457230	72	0	0	0	0	0	0	0	0	0	0	0	0	0	0	0	0	0	0	0	0	0	218	218	0	0	0	0	[]	0	0
1	123457230	72	0	0	0	0	0	0	0	0	0	0	0	0	0	0	0	60	0	0	0	0	0	218	218	0	0	0	0	[]	0	0
2	123457230	72	0	0	0	0	0	0	0	0	0	0	0	0	0	0	0	60	0	0	0	0	0	218	218	0	0	0	0	[]	0	0
3	123457230	72	0	0	0	0	0	0	0	0	0	0	0	0	0	0	0	60	2	0	0	0	0	218	218	0	0	0	0	[]	0	0
4	123457230	72	0	0	0	0	0	0	0	0	0	0	0	0	0	0	0	60	2	0	0	0	0	218	218	0	0	0	0	[]	0	0
5	123457230	72	0	0	0	0	0	0	0	0	0	0	0	0	0	0	0	60	3	0	0	0	0	218	218	0	0	0	0	[]	0	0
6	123457230	71	1	0	0	0	0	0	0	0	0	0	0	0	0	0	0	60	3	0	0	0	0	218	218	0	0	0	1	[]	0	0
7	123457230	71	0	1	0	0	0	0	0	0	0	0	0	0	0	0	0	60	3	0	0	0	0	218	218	0	0	0	1	[]	0	1
8	123457230	70	1	1	0	0	0	0	0	0	0	0	0	0	0	0	0	120	5	0	0	0	0	218	218	0	0	0	1	[]	0	1
9	123457230	70	1	1	0	0	0	0	0	0	0	0	0	0	0	0	0	120	5	0	0	0	0	218	218	0	0	0	1	[]	0	1
10	123457230	70	0	2	0	0	0	0	0	0	0	0	0	0	0	0	0	120	9	0	0	0	0	218	218	0	0	0	1	[]	0	1
11	123457230	70	0	2	0	0	0	0	0	0	0	0	0	0	0	0	0	120	12	0	0	0	0	218	218	0	0	0	1	[]	0	1
12	123457230	66	0	0	0	4	0	1	0	0	0	1	0	0	0	0	0	139	14	0	1	1	0	218	204	14	0	0	1	[3A]	1	1
13	123457230	66	0	0	0	4	0	1	0	0	0	1	0	0	0	0	0	139	14	0	1	1	0	218	204	14	0	0	1	[3A]	1	1
14	123457230	66	0	0	0	4	0	1	0	0	0	1	0	0	0	0	0	139	14	0	1	1	0	218	204	14	0	0	1	[3A]	1	1
15	123457230	66	0	0	0	4	0	1	0	0	0	1	0	0	0	0	0	194	14	0	1	1	0	218	204	14	0	0	1	[3A]	1	1
16	123457230	66	0	0	0	4	0	1	0	0	0	1	0	0	0	0	0	194	15	0	1	1	0	218	204	14	0	0	1	[3A]	1	1
17	123457230	66	0	0	0	4	0	1	0	0	0	1	0	0	0	0	0	194	15	0	1	1	0	218	204	14	0	0	1	[3A]	1	1
18	123457230	66	0	0	0	4	0	1	0	0	0	1	0	0	0	0	0	194	15	0	1	1	0	218	204	14	0	0	1	[3A]	1	1
19	123457230	66	0	0	0	4	0	1	0	0	0	1	0	0	0	0	0	194	16	0	1	1	0	218	204	14	0	0	1	[3A]	1	1
20	123457230	66	0	0	0	4	0	1	0	0	0	1	0	0	0	0	0	194	17	0	1	1	0	218	204	14	0	0	1	[3A]	1	1
21	123457230	66	0	0	0	4	0	1	0	0	0	1	0	0	0	0	0	194	18	0	1	1	0	218	204	14	0	0	1	[3A]	1	1
22	123457230	66	0	0	0	4	0	1	0	0	0	1	0	0	0	0	0	249	19	0	1	1	0	218	204	14	0	0	1	[3A]	1	1
23	123457230	66	0	0	0	4	0	1	0	0	0	1	0	0	0	0	0	249	21	0	1	1	0	218	204	14	0	0	1	[3A]	1	1
24	123457230	66	0	0	0	4	0	1	0	0	0	1	0	0	0	0	0	249	21	0	1	1	0	218	204	14	0	0	1	[3A]	1	1
25	123457230	66	0	0	0	4	0	1	0	0	0	1	0	0	0	0	0	249	22	0	1	1	0	218	204	14	0	0	1	[3A]	1	1
26	123457230	70	0	0	2	0	0	0	0	0	0	0	0	0	0	0	0	249	22	0	1	1	0	218	218	0	0	0	1	[]	0	0
27	123457230	70	0	0	2	0	0	0	0	0	0	0	0	0	0	0	0	249	23	0	1	1	0	218	218	0	0	0	1	[]	0	0
28	123457230	70	0	0	2	0	0	0	0	0	0	0	0	0	0	0	0	249	24	0	1	1	0	218	218	0	0	0	1	[]	0	0
29	123457230	70	0	0	2	0	0	0	0	0	0	0	0	0	0	0	0	309	24	0	1	1	0	218	218	0	0	0	1	[]	0	0
30	123457230	70	0	0	2	0	0	0	0	0	0	0	0	0	0	0	0	309	24	0	1	1	0	218	218	0	0	0	1	[]	0	0
31	123457230	70	0	0	2	0	0	0	0	0	0	0	0	0	0	0	0	309	24	0	1	1	0	218	218	0	0	0	1	[]	0	0
32	123457230	70	0	0	2	0	0	0	0	0	0	0	0	0	0	0	0	309	24	0	1	1	0	218	218	0	0	0	1	[]	0	0
33	123457230	70	0	0	2	0	0	0	0	0	0	0	0	0	0	0	0	309	24	0	1	1	0	218	218	0	0	0	1	[]	0	0
34	123457230	70	0	0	2	0	0	0	0	0	0	0	0	0	0	0	0	309	24	0	1	1	0	218	218	0	0	0	1	[]	0	0
35	123457230	70	0	0	2	0	0	0	0	0	0	0	0	0	0	0	0	309	24	0	1	1	0	218	218	0	0	0	1	[]	0	0
36	123457230	70	0	0	2	0	0	0	0	0	0	0	0	0	0	0	0	369	24	0	1	1	0	218	218	0	0	0	1	[]	0	0
37	123457230	70	0	0	2	0	0	0	0	0	0	0	0	0	0	0	0	369	25	0	1	1	0	218	218	0	0	0	1	[]	0	0
38	123457230	70	0	0	2	0	0	0	0	0	0	0	0	0	0	0	0	369	28	0	1	1	0	218	218	0	0	0	1	[]	0	0
39	123457230	70	0	0	2	0	0	0	0	0	0	0	0	0	0	0	0	369	28	0	1	1	0	218	218	0	0	0	1	[]	0	0
40	123457230	70	0	0	2	0	0	0	0	0	0	0	0	0	0	0	0	369	28	0	1	1	0	218	218	0	0	0	1	[]	0	0
41	123457230	69	1	0	2	0	0	0	0	0	0	0	0	0	0	0	0	369	28	0	1	1	0	218	218	0	0	0	2	[]	0	0
42	123457230	69	0	1	2	0	0	0	0	0	0	0	0	0	0	0	0	369	29	0	1	1	0	218	218	0	0	0	2	[]	0	1
43	123457230	69	0	1	2	0	0	0	0	0	0	0	0	0	0	0	0	429	29	0	1	1	0	218	218	0	0	0	2	[]	0	1
44	123457230	69	0	1	2	0	0	0	0	0	0	0	0	0	0	0	0	429	30	0	1	1	0	218	218	0	0	0	2	[]	0	1
45	123457230	69	0	1	2	0	0	0	0	0	0	0	0	0	0	0	0	429	30	0	1	1	0	218	218	0	0	0	2	[]	0	1
46	123457230	68	1	1	2	0	0	0	0	0	0	0	0	0	0	0	0	429	30	0	1	1	0	218	218	0	0	0	2	[]	0	1
47	123457230	66	3	1	2	0	0	0	0	0	0	0	0	0	0	0	0	429	30	0	1	1	0	218	218	0	0	0	2	[]	0	1
48	123457230	66	2	2	2	0	0	0	0	0	0	0	0	0	0	0	0	429	31	0	1	1	0	218	218	0	0	0	2	[]	0	1
49	123457230	66	1	3	2	0	0	0	0	0	0	0	0	0	0	0	0	429	31	0	1	1	0	218	218	0	0	0	2	[]	0	1
50	123457230	64	0	0	2	2	1	3	0	0	0	0	0	0	0	0	0	508	32	0	4	1	0	218	204	14	0	0	2	[3D]	1	1
51	123457230	64	0	0	2	2	0	3	1	0	0	0	0	0	0	0	0	508	33	0	4	1	0	218	204	14	0	0	2	[3D]	1	1
52	123457230	64	0	0	2	2	0	3	1	0	0	0	0	0	0	0	0	508	34	0	4	1	0	218	204	14	0	0	2	[3D]	1	1
53	123457230	64	0	0	2	2	0	3	1	0	0	0	0	0	0	0	0	508	34	0	4	1	0	218	204	14	0	0	2	[3D]	1	1
54	123457230	64	0	0	2	2	0	3	1	0	0	0	0	0	0	0	0	508	35	0	4	1	0	218	204	14	0	0	2	[3D]	1	1
55	123457230	64	0	0	2	2	0	2	2	0	0	0	0	0	0	0	0	508	35	0	4	1	0	218	204	14	0	0	2	[3D]	1	1
56	123457230	64	0	0	2	2	0	1	3	0	0	0	0	0	0	0	0	508	35	0	4	1	0	218	204	14	0	0	2	[3D]	1	1
57	123457230	64	0	0	2	2	0	0	4	0	0	0	0	0	0	0	0	563	36	0	4	1	0	218	204	14	0	0	2	[3D]	1	0
58	123457230	64	0	0	2	2	0	0	4	0	0	0	0	0	0	0	0	563	36	0	4	1	0	218	204	14	0	0	2	[3D]	1	0
59	123457230	64	0	0	2	2	0	0	4	0	0	0	0	0	0	0	0	563	36	0	4	1	0	218	204	14	0	0	2	[3D]	1	0
60	123457230	64	0	0	2	2	0	0	4	0	0	0	0	0	0	0	0	563	36	0	4	1	0	218	204	14	0	0	2	[3D]	1	0
