day	seedRun	susceptible	exposed	infected	removed	susceptible-in-quarantine	exposed-in-quarantine	infected-in-quarantine	removed-in-quarantine	susceptible-in-quarantine-external-1	exposed-in-quarantine-external-1	infected-in-quarantine-external-1	removed-in-quarantine-external-1	susceptible-in-quarantine-external-2	exposed-in-quarantine-external-2	infected-in-quarantine-external-2	removed-in-quarantine-external-2	num-of-screened-agents	num-of-screened-agents-external-1	num-of-screened-agents-external-2	num-of-positive-agents	num-of-positive-agents-external-1	num-of-positive-agents-external-2	num-vaccinated	num-immunized	num-immunized-in-quarantine	num-immunized-in-quarantine-external-1	num-immunized-in-quarantine-external-2	num-infected-outside	classroom-in-quarantine	num-of-classroom-in-quarantine	classroom-with-at-least-one-infected
0	123457255	130	0	0	0	0	0	0	0	0	0	0	0	0	0	0	0	0	0	0	0	0	0	218	160	0	0	0	0	[]	0	0
1	123457255	121	9	0	0	0	0	0	0	0	0	0	0	0	0	0	0	60	3	0	0	0	0	218	160	0	0	0	9	[]	0	0
2	123457255	116	12	2	0	0	0	0	0	0	0	0	0	0	0	0	0	60	3	0	0	0	0	218	160	0	0	0	9	[]	0	2
3	123457255	106	18	4	0	0	0	1	0	0	0	0	0	0	0	1	0	79	9	1	1	0	1	218	160	0	0	0	13	[]	0	3
4	123457255	85	34	9	0	0	0	0	1	0	0	0	0	0	0	1	0	79	11	1	1	0	1	218	160	0	0	0	13	[]	0	7
5	123457255	59	49	18	2	0	0	0	1	0	0	0	0	0	0	1	0	79	14	1	1	0	1	218	160	0	0	0	16	[]	0	9
6	123457255	55	32	24	4	2	2	7	1	0	0	1	0	0	0	2	0	117	15	2	8	1	2	218	149	11	0	0	18	[3A]	1	9
7	123457255	51	22	36	6	2	1	6	3	0	0	1	0	0	0	2	0	117	16	2	8	1	2	218	149	11	0	0	22	[3A]	1	9
8	123457255	45	12	6	9	6	6	32	10	0	0	2	0	0	0	2	0	302	19	2	32	2	2	218	108	52	0	0	23	[3A 1A 1C 2D 3B]	5	10
9	123457255	42	12	9	9	6	4	32	12	0	0	1	1	0	0	2	0	302	19	2	32	2	2	218	108	52	0	0	25	[3A 1A 1C 2D 3B]	5	10
10	123457255	39	13	10	10	6	1	31	16	0	0	1	1	0	0	1	1	302	20	2	32	2	2	218	108	52	0	0	26	[3A 1A 1C 2D 3B]	5	9
11	123457255	23	24	14	11	6	1	25	22	0	0	1	1	0	0	1	1	302	20	2	32	2	2	218	108	52	0	0	27	[3A 1A 1C 2D 3B]	5	10
12	123457255	14	26	18	14	6	0	23	25	0	0	1	1	0	0	1	1	302	21	2	32	2	2	218	108	52	0	0	27	[3A 1A 1C 2D 3B]	5	11
13	123457255	14	17	17	16	6	3	25	29	0	0	1	1	0	0	1	0	354	23	2	38	2	2	218	98	62	0	0	27	[3A 1A 1C 2D 3B 1D]	6	11
14	123457255	14	14	18	18	6	2	22	33	0	0	1	1	0	0	1	0	354	25	2	38	2	2	218	98	62	0	0	27	[3A 1A 1C 2D 3B 1D]	6	11
15	123457255	11	9	8	19	6	7	31	36	0	0	1	1	0	0	1	0	401	26	2	48	2	2	218	79	81	0	0	27	[3A 1A 1C 2D 3B 1D 2A 3D]	8	11
16	123457255	11	10	8	27	4	6	22	40	0	0	1	0	0	0	1	0	401	26	2	48	2	2	218	90	70	0	0	28	[1A 1C 2D 3B 1D 2A 3D]	7	10
17	123457255	8	11	8	28	4	3	21	44	0	0	1	0	0	0	2	0	420	26	3	48	2	3	218	90	70	0	0	30	[1A 1C 2D 3B 1D 2A 3D]	7	11
18	123457255	12	8	8	69	0	2	13	16	0	0	0	1	0	0	1	0	420	28	3	48	2	3	218	131	29	0	0	30	[1D 2A 3D]	3	6
19	123457255	11	6	6	71	0	2	15	16	0	0	0	1	0	0	2	0	439	32	4	50	2	4	218	131	29	0	0	31	[1D 2A 3D]	3	6
20	123457255	11	4	8	71	0	1	13	19	0	0	0	1	0	0	1	1	439	33	4	50	2	4	218	131	29	0	0	31	[1D 2A 3D]	3	7
21	123457255	11	3	8	72	0	1	11	21	0	0	0	1	0	0	0	2	439	34	4	50	2	4	218	131	29	0	0	31	[1D 2A 3D]	3	6
22	123457255	7	7	2	75	0	1	13	22	0	0	0	1	0	0	0	2	522	35	4	53	2	4	218	131	29	0	0	31	[1D 2A 3D]	3	6
23	123457255	7	4	5	86	0	1	10	15	0	0	0	0	0	0	0	2	522	35	4	53	2	4	218	141	19	0	0	31	[2A 3D]	2	5
24	123457255	7	2	7	86	0	0	10	16	0	0	0	0	0	0	0	2	539	37	4	53	2	4	218	141	19	0	0	31	[2A 3D]	2	5
25	123457255	7	0	2	105	0	1	8	4	0	0	1	0	0	0	0	2	558	41	4	57	3	4	218	149	11	0	0	31	[1B]	1	3
26	123457255	7	0	2	105	0	1	7	5	0	0	1	0	0	0	0	2	558	42	4	57	3	4	218	149	11	0	0	31	[1B]	1	2
27	123457255	7	0	1	107	0	0	8	5	0	0	1	0	0	0	0	1	575	44	4	57	3	4	218	149	11	0	0	31	[1B]	1	2
28	123457255	7	0	1	107	0	0	6	7	0	0	1	0	0	0	0	1	575	46	4	57	3	4	218	149	11	0	0	31	[1B]	1	2
29	123457255	7	0	1	110	0	0	6	5	0	0	0	1	0	0	0	0	629	51	4	57	3	4	218	149	11	0	0	31	[1B]	1	2
30	123457255	7	0	1	110	0	0	6	5	0	0	0	1	0	0	0	0	629	51	4	57	3	4	218	149	11	0	0	31	[1B]	1	2
31	123457255	7	0	1	110	0	0	6	5	0	0	0	1	0	0	0	0	629	54	4	57	3	4	218	149	11	0	0	31	[1B]	1	2
32	123457255	6	1	1	113	0	0	3	5	0	0	0	1	0	0	0	0	629	54	4	57	3	4	218	149	11	0	0	31	[1B]	1	1
33	123457255	6	1	0	114	0	0	3	5	0	0	0	1	0	0	0	0	629	54	4	57	3	4	218	149	11	0	0	31	[1B]	1	1
34	123457255	6	0	1	114	0	0	2	6	0	0	0	1	0	0	0	0	629	55	4	57	3	4	218	149	11	0	0	31	[1B]	1	2
35	123457255	6	0	1	123	0	0	0	0	0	0	0	0	0	0	0	0	629	55	4	57	3	4	218	160	0	0	0	31	[]	0	1
36	123457255	6	0	1	123	0	0	0	0	0	0	0	0	0	0	0	0	689	55	4	57	3	4	218	160	0	0	0	31	[]	0	1
37	123457255	6	0	1	123	0	0	0	0	0	0	0	0	0	0	0	0	689	57	4	57	3	4	218	160	0	0	0	31	[]	0	1
38	123457255	6	0	1	123	0	0	0	0	0	0	0	0	0	0	0	0	689	59	4	57	3	4	218	160	0	0	0	31	[]	0	1
39	123457255	5	1	1	123	0	0	0	0	0	0	0	0	0	0	0	0	689	60	4	57	3	4	218	160	0	0	0	32	[]	0	1
40	123457255	5	1	1	123	0	0	0	0	0	0	0	0	0	0	0	0	689	63	4	57	3	4	218	160	0	0	0	32	[]	0	1
41	123457255	5	1	1	123	0	0	0	0	0	0	0	0	0	0	0	0	689	65	4	57	3	4	218	160	0	0	0	32	[]	0	1
42	123457255	5	1	1	123	0	0	0	0	0	0	0	0	0	0	0	0	689	66	4	57	3	4	218	160	0	0	0	32	[]	0	1
43	123457255	5	1	1	123	0	0	0	0	0	0	0	0	0	0	0	0	749	66	4	57	3	4	218	160	0	0	0	32	[]	0	1
44	123457255	5	1	1	123	0	0	0	0	0	0	0	0	0	0	0	0	749	67	4	57	3	4	218	160	0	0	0	32	[]	0	1
45	123457255	5	0	2	123	0	0	0	0	0	0	0	0	0	0	0	0	749	68	4	57	3	4	218	160	0	0	0	32	[]	0	2
46	123457255	4	1	1	124	0	0	0	0	0	0	0	0	0	0	0	0	749	71	4	57	3	4	218	160	0	0	0	32	[]	0	1
47	123457255	4	1	1	124	0	0	0	0	0	0	0	0	0	0	0	0	749	73	4	57	3	4	218	160	0	0	0	32	[]	0	1
48	123457255	3	2	1	124	0	0	0	0	0	0	0	0	0	0	0	0	749	77	4	57	3	4	218	160	0	0	0	33	[]	0	1
49	123457255	3	1	2	124	0	0	0	0	0	0	0	0	0	0	0	0	749	79	4	57	3	4	218	160	0	0	0	33	[]	0	1
50	123457255	1	2	2	124	0	0	1	0	0	0	0	0	0	0	0	0	828	83	4	58	3	4	218	160	0	0	0	33	[]	0	2
51	123457255	1	1	3	124	0	0	1	0	0	0	0	0	0	0	0	0	828	84	4	58	3	4	218	160	0	0	0	33	[]	0	2
52	123457255	1	0	1	124	0	0	3	0	0	0	1	0	0	0	0	0	847	86	4	60	4	4	218	160	0	0	0	33	[]	0	2
53	123457255	0	1	1	124	0	0	1	2	0	0	1	0	0	0	0	0	847	86	4	60	4	4	218	160	0	0	0	34	[]	0	1
54	123457255	0	0	2	124	0	0	1	2	0	0	1	0	0	0	0	0	847	86	4	60	4	4	218	160	0	0	0	34	[]	0	1
55	123457255	0	0	1	125	0	0	1	2	0	0	1	0	0	0	0	0	847	87	4	60	4	4	218	160	0	0	0	34	[]	0	1
56	123457255	0	0	0	126	0	0	1	2	0	0	1	0	0	0	0	0	847	87	4	60	4	4	218	160	0	0	0	34	[]	0	1
57	123457255	0	0	0	126	0	0	1	2	0	0	1	0	0	0	0	0	922	88	4	60	4	4	218	160	0	0	0	34	[]	0	1
58	123457255	0	0	0	126	0	0	0	3	0	0	1	0	0	0	0	0	922	90	4	60	4	4	218	160	0	0	0	34	[]	0	1
59	123457255	0	0	0	126	0	0	0	3	0	0	1	0	0	0	0	0	922	93	4	60	4	4	218	160	0	0	0	34	[]	0	1
60	123457255	0	0	0	127	0	0	0	2	0	0	1	0	0	0	0	0	922	93	4	60	4	4	218	160	0	0	0	34	[]	0	1
