day	seedRun	susceptible	exposed	infected	removed	susceptible-in-quarantine	exposed-in-quarantine	infected-in-quarantine	removed-in-quarantine	susceptible-in-quarantine-external-1	exposed-in-quarantine-external-1	infected-in-quarantine-external-1	removed-in-quarantine-external-1	susceptible-in-quarantine-external-2	exposed-in-quarantine-external-2	infected-in-quarantine-external-2	removed-in-quarantine-external-2	num-of-screened-agents	num-of-screened-agents-external-1	num-of-screened-agents-external-2	num-of-positive-agents	num-of-positive-agents-external-1	num-of-positive-agents-external-2	num-vaccinated	num-immunized	num-immunized-in-quarantine	num-immunized-in-quarantine-external-1	num-immunized-in-quarantine-external-2	num-infected-outside	classroom-in-quarantine	num-of-classroom-in-quarantine	classroom-with-at-least-one-infected
0	123457195	200	0	0	0	0	0	0	0	0	0	0	0	0	0	0	0	0	0	0	0	0	0	146	90	0	0	0	0	[]	0	0
1	123457195	198	2	0	0	0	0	0	0	0	0	0	0	0	0	0	0	60	2	0	0	0	0	146	90	0	0	0	2	[]	0	0
2	123457195	196	4	0	0	0	0	0	0	0	0	0	0	0	0	0	0	60	6	0	0	0	0	146	90	0	0	0	4	[]	0	0
3	123457195	182	17	1	0	0	0	0	0	0	0	0	0	0	0	0	0	60	7	0	0	0	0	146	90	0	0	0	5	[]	0	1
4	123457195	163	28	9	0	0	0	0	0	0	0	0	0	0	0	0	0	60	8	0	0	0	0	146	90	0	0	0	7	[]	0	3
5	123457195	141	35	7	0	0	6	9	1	0	0	0	0	0	0	1	0	79	12	1	9	0	1	146	87	3	0	0	9	[2D]	1	4
6	123457195	138	29	14	2	0	4	10	2	0	0	0	0	0	0	1	0	79	13	1	9	0	1	146	87	3	0	0	12	[2D]	1	4
7	123457195	136	28	14	5	0	3	10	3	0	0	0	0	0	0	1	0	79	15	1	9	0	1	146	87	3	0	0	14	[2D]	1	5
8	123457195	119	24	3	3	5	9	25	9	0	0	0	0	0	0	3	0	223	15	3	26	0	3	146	76	14	0	0	19	[2D 2C 1A]	3	8
9	123457195	87	49	9	4	5	7	24	12	0	0	0	0	0	0	1	2	223	17	3	26	0	3	146	76	14	0	0	21	[2D 2C 1A]	3	9
10	123457195	55	65	17	7	5	6	23	17	0	0	1	0	0	0	2	2	260	19	4	29	1	4	146	76	14	0	0	22	[2D 2C 1A]	3	10
11	123457195	46	46	14	5	7	17	35	23	0	0	1	0	0	0	4	2	298	21	6	40	1	6	146	69	21	0	0	25	[2D 2C 1A 2A 2B]	5	10
12	123457195	37	41	25	8	7	8	41	26	0	0	1	0	0	0	3	3	298	21	6	40	1	6	146	69	21	0	0	25	[2D 2C 1A 2A 2B]	5	11
13	123457195	33	21	25	8	10	16	42	37	0	0	1	0	0	0	4	3	367	21	7	46	1	7	146	57	33	0	0	26	[2D 2C 1A 2A 2B 3B 1B]	7	11
14	123457195	32	11	20	9	10	16	50	43	0	0	1	0	0	0	5	3	386	21	8	54	1	8	146	52	38	0	0	27	[2D 2C 1A 2A 2B 3B 1B 3D]	8	11
15	123457195	32	6	2	22	10	14	61	45	0	0	0	1	0	0	2	5	439	22	8	71	1	8	146	45	45	0	0	27	[2C 1A 2A 2B 3B 1B 3D 3C 3A]	9	10
16	123457195	26	11	3	22	10	9	59	52	0	0	0	1	0	0	2	5	439	23	8	71	1	8	146	45	45	0	0	27	[2C 1A 2A 2B 3B 1B 3D 3C 3A]	9	10
17	123457195	16	17	6	23	10	4	57	59	0	0	0	1	0	0	2	5	439	23	8	71	1	8	146	45	45	0	0	27	[2C 1A 2A 2B 3B 1B 3D 3C 3A]	9	11
18	123457195	9	23	11	49	5	3	43	50	0	0	0	1	0	0	2	4	439	25	8	71	1	8	146	56	34	0	0	27	[2A 2B 3B 1B 3D 3C 3A]	7	9
19	123457195	8	12	6	51	5	11	40	59	0	0	1	1	0	0	2	4	458	26	8	75	2	8	146	51	39	0	0	27	[2A 2B 3B 1B 3D 3C 3A 1C]	8	9
20	123457195	8	7	10	54	5	5	42	62	0	0	1	0	0	0	0	6	458	28	8	75	2	8	146	51	39	0	0	27	[2A 2B 3B 1B 3D 3C 3A 1C]	8	9
21	123457195	10	1	3	81	3	8	39	49	0	0	1	0	0	0	1	4	477	29	9	82	2	9	146	55	35	0	0	27	[3B 1B 3D 3C 3A 1C 1D]	7	7
22	123457195	10	1	2	82	3	7	35	54	0	0	1	0	0	0	1	4	502	29	9	82	2	9	146	55	35	0	0	27	[3B 1B 3D 3C 3A 1C 1D]	7	7
23	123457195	11	2	3	107	0	5	27	41	0	0	1	0	0	0	1	2	502	30	9	82	2	9	146	67	23	0	0	27	[3D 3C 3A 1C 1D]	5	5
24	123457195	9	3	3	123	0	3	24	32	0	0	1	0	0	0	0	2	502	30	9	82	2	9	146	72	18	0	0	27	[3C 3A 1C 1D]	4	5
25	123457195	9	2	3	154	0	3	14	13	0	0	0	1	0	0	0	1	502	35	9	82	2	9	146	82	8	0	0	27	[1C 1D]	2	4
26	123457195	8	2	4	154	0	1	16	13	0	0	0	1	0	0	0	1	502	38	9	82	2	9	146	82	8	0	0	28	[1C 1D]	2	4
27	123457195	8	1	2	154	0	0	15	17	0	0	0	1	0	0	1	1	521	40	10	84	2	10	146	82	8	0	0	28	[1C 1D]	2	4
28	123457195	7	1	2	155	0	0	12	20	0	0	0	1	0	0	1	1	521	41	10	84	2	10	146	82	8	0	0	29	[1C 1D]	2	5
29	123457195	7	1	2	170	0	0	6	12	0	0	0	0	0	0	1	1	575	42	10	84	2	10	146	87	3	0	0	29	[1D]	1	4
30	123457195	7	1	2	170	0	0	4	14	0	0	0	0	0	0	0	2	575	42	10	84	2	10	146	87	3	0	0	29	[1D]	1	4
31	123457195	6	1	3	187	0	0	0	2	0	0	0	0	0	0	0	1	575	44	10	84	2	10	146	90	0	0	0	29	[]	0	2
32	123457195	6	1	3	187	0	0	0	2	0	0	0	0	0	0	0	1	575	44	10	84	2	10	146	90	0	0	0	29	[]	0	2
33	123457195	6	1	2	188	0	0	0	2	0	0	0	0	0	0	0	1	575	46	10	84	2	10	146	90	0	0	0	29	[]	0	2
34	123457195	6	0	3	188	0	0	0	2	0	0	0	0	0	0	0	1	575	46	10	84	2	10	146	90	0	0	0	29	[]	0	2
35	123457195	6	0	3	188	0	0	0	2	0	0	0	0	0	0	0	1	575	46	10	84	2	10	146	90	0	0	0	29	[]	0	2
36	123457195	5	1	3	188	0	0	0	2	0	0	0	0	0	0	0	1	634	47	10	84	2	10	146	90	0	0	0	30	[]	0	2
37	123457195	4	1	3	191	0	0	0	0	0	0	1	0	0	0	0	0	653	49	10	84	3	10	146	90	0	0	0	30	[]	0	3
38	123457195	3	2	3	191	0	0	0	0	0	0	1	0	0	0	0	0	653	54	10	84	3	10	146	90	0	0	0	30	[]	0	3
39	123457195	3	0	5	191	0	0	0	0	0	0	1	0	0	0	0	0	653	55	10	84	3	10	146	90	0	0	0	30	[]	0	3
40	123457195	3	0	5	191	0	0	0	0	0	0	1	0	0	0	0	0	653	55	10	84	3	10	146	90	0	0	0	30	[]	0	3
41	123457195	2	1	2	194	0	0	0	0	0	0	1	0	0	0	0	0	653	57	10	84	3	10	146	90	0	0	0	31	[]	0	2
42	123457195	2	0	3	194	0	0	0	0	0	0	1	0	0	0	0	0	672	62	10	84	3	10	146	90	0	0	0	31	[]	0	2
43	123457195	2	0	3	194	0	0	0	0	0	0	1	0	0	0	0	0	732	64	10	84	3	10	146	90	0	0	0	31	[]	0	2
44	123457195	2	0	3	194	0	0	0	0	0	0	1	0	0	0	0	0	732	67	10	84	3	10	146	90	0	0	0	31	[]	0	2
45	123457195	2	0	1	194	0	0	1	0	0	0	1	0	0	0	1	0	751	68	11	85	3	11	146	90	0	0	0	31	[]	0	2
46	123457195	2	0	1	194	0	0	1	0	0	0	1	0	0	0	1	0	751	70	11	85	3	11	146	90	0	0	0	31	[]	0	2
47	123457195	2	0	1	195	0	0	1	0	0	0	0	0	0	0	1	0	751	72	11	85	3	11	146	90	0	0	0	31	[]	0	1
48	123457195	2	0	1	195	0	0	1	0	0	0	0	0	0	0	1	0	751	74	11	85	3	11	146	90	0	0	0	31	[]	0	1
49	123457195	2	0	1	195	0	0	0	1	0	0	0	0	0	0	1	0	751	75	11	85	3	11	146	90	0	0	0	31	[]	0	1
50	123457195	2	0	1	195	0	0	0	1	0	0	0	0	0	0	1	0	829	75	11	85	3	11	146	90	0	0	0	31	[]	0	1
51	123457195	2	0	0	196	0	0	0	1	0	0	0	0	0	0	1	0	829	76	11	85	3	11	146	90	0	0	0	31	[]	0	1
52	123457195	2	0	0	196	0	0	0	1	0	0	0	0	0	0	1	0	829	77	11	85	3	11	146	90	0	0	0	31	[]	0	1
53	123457195	2	0	0	196	0	0	0	1	0	0	0	0	0	0	1	0	829	79	11	85	3	11	146	90	0	0	0	31	[]	0	1
54	123457195	2	0	0	196	0	0	0	1	0	0	0	0	0	0	0	1	829	81	11	85	3	11	146	90	0	0	0	31	[]	0	0
55	123457195	2	0	0	198	0	0	0	0	0	0	0	0	0	0	0	0	829	83	11	85	3	11	146	90	0	0	0	31	[]	0	0
56	123457195	2	0	0	198	0	0	0	0	0	0	0	0	0	0	0	0	829	83	11	85	3	11	146	90	0	0	0	31	[]	0	0
57	123457195	2	0	0	198	0	0	0	0	0	0	0	0	0	0	0	0	889	84	11	85	3	11	146	90	0	0	0	31	[]	0	0
58	123457195	2	0	0	198	0	0	0	0	0	0	0	0	0	0	0	0	889	86	11	85	3	11	146	90	0	0	0	31	[]	0	0
59	123457195	2	0	0	198	0	0	0	0	0	0	0	0	0	0	0	0	889	87	11	85	3	11	146	90	0	0	0	31	[]	0	0
60	123457195	2	0	0	198	0	0	0	0	0	0	0	0	0	0	0	0	889	90	11	85	3	11	146	90	0	0	0	31	[]	0	0
