day	seedRun	susceptible	exposed	infected	removed	susceptible-in-quarantine	exposed-in-quarantine	infected-in-quarantine	removed-in-quarantine	susceptible-in-quarantine-external-1	exposed-in-quarantine-external-1	infected-in-quarantine-external-1	removed-in-quarantine-external-1	susceptible-in-quarantine-external-2	exposed-in-quarantine-external-2	infected-in-quarantine-external-2	removed-in-quarantine-external-2	num-of-screened-agents	num-of-screened-agents-external-1	num-of-screened-agents-external-2	num-of-positive-agents	num-of-positive-agents-external-1	num-of-positive-agents-external-2	num-vaccinated	num-immunized	num-immunized-in-quarantine	num-immunized-in-quarantine-external-1	num-immunized-in-quarantine-external-2	num-infected-outside	classroom-in-quarantine	num-of-classroom-in-quarantine	classroom-with-at-least-one-infected
0	123456878	211	0	0	0	0	0	0	0	0	0	0	0	0	0	0	0	0	0	0	0	0	0	146	79	0	0	0	0	[]	0	0
1	123456878	205	6	0	0	0	0	0	0	0	0	0	0	0	0	0	0	0	3	0	0	0	0	146	79	0	0	0	6	[]	0	0
2	123456878	171	37	3	0	0	0	0	0	0	0	0	0	0	0	0	0	0	5	0	0	0	0	146	79	0	0	0	18	[]	0	3
3	123456878	117	77	16	1	0	0	0	0	0	0	0	0	0	0	0	0	0	6	0	0	0	0	146	79	0	0	0	28	[]	0	6
4	123456878	69	105	34	3	0	0	0	0	0	0	0	0	0	0	0	0	0	7	0	0	0	0	146	79	0	0	0	34	[]	0	9
5	123456878	39	111	55	5	0	0	0	0	0	0	0	0	0	0	1	0	0	7	1	0	0	1	146	79	0	0	0	37	[]	0	11
6	123456878	37	83	76	11	0	0	0	0	0	0	0	0	0	0	4	0	0	8	4	0	0	4	146	79	0	0	0	39	[]	0	12
7	123456878	35	58	82	29	0	0	0	0	0	0	0	0	0	0	7	0	0	8	7	0	0	7	146	79	0	0	0	41	[]	0	12
8	123456878	5	66	92	40	0	0	0	0	0	0	0	0	0	0	8	0	0	10	8	0	0	8	146	79	0	0	0	43	[]	0	12
9	123456878	2	56	88	52	0	0	0	0	0	0	1	0	0	0	12	0	0	11	12	0	1	12	146	79	0	0	0	43	[]	0	12
10	123456878	1	37	90	67	0	0	0	0	0	0	2	0	0	0	13	1	0	13	14	0	2	14	146	79	0	0	0	44	[]	0	12
11	123456878	0	29	78	82	0	0	0	0	0	0	3	0	0	0	15	4	0	15	19	0	3	19	146	79	0	0	0	44	[]	0	12
12	123456878	0	24	66	98	0	0	0	0	0	0	2	1	0	0	16	4	0	16	20	0	3	20	146	79	0	0	0	44	[]	0	12
13	123456878	0	19	62	103	0	0	0	0	0	0	2	2	0	0	18	5	0	19	23	0	4	23	146	79	0	0	0	44	[]	0	12
14	123456878	0	14	58	110	0	0	0	0	0	0	3	2	0	0	15	9	0	22	24	0	5	24	146	79	0	0	0	44	[]	0	12
15	123456878	0	7	53	122	0	0	0	0	0	0	2	3	0	0	12	12	0	29	25	0	5	25	146	79	0	0	0	44	[]	0	12
16	123456878	0	6	46	131	0	0	0	0	0	0	1	4	0	0	10	13	0	29	27	0	5	27	146	79	0	0	0	44	[]	0	12
17	123456878	0	5	43	137	0	0	0	0	0	0	1	4	0	0	8	13	0	30	28	0	5	28	146	79	0	0	0	44	[]	0	12
18	123456878	0	4	38	144	0	0	0	0	0	0	1	4	0	0	6	14	0	30	28	0	5	28	146	79	0	0	0	44	[]	0	12
19	123456878	0	3	29	158	0	0	0	0	0	0	2	3	0	0	5	11	0	32	28	0	6	28	146	79	0	0	0	44	[]	0	11
20	123456878	0	3	25	165	0	0	0	0	0	0	2	2	0	0	4	10	0	33	28	0	6	28	146	79	0	0	0	44	[]	0	11
21	123456878	0	2	22	175	0	0	0	0	0	0	2	1	0	0	3	6	0	36	28	0	6	28	146	79	0	0	0	44	[]	0	10
22	123456878	0	2	21	176	0	0	0	0	0	0	2	1	0	0	3	6	0	37	29	0	6	29	146	79	0	0	0	44	[]	0	10
23	123456878	0	1	20	180	0	0	0	0	0	0	0	2	0	0	4	4	0	37	31	0	6	31	146	79	0	0	0	44	[]	0	10
24	123456878	0	1	18	184	0	0	0	0	0	0	0	1	0	0	4	3	0	39	31	0	6	31	146	79	0	0	0	44	[]	0	10
25	123456878	0	1	16	187	0	0	0	0	0	0	0	1	0	0	3	3	0	40	31	0	6	31	146	79	0	0	0	44	[]	0	8
26	123456878	0	0	14	192	0	0	0	0	0	0	0	1	0	0	3	1	0	42	31	0	6	31	146	79	0	0	0	44	[]	0	8
27	123456878	0	0	13	194	0	0	0	0	0	0	0	1	0	0	2	1	0	44	31	0	6	31	146	79	0	0	0	44	[]	0	7
28	123456878	0	0	9	197	0	0	0	0	0	0	0	1	0	0	2	2	0	47	32	0	6	32	146	79	0	0	0	44	[]	0	6
29	123456878	0	0	7	199	0	0	0	0	0	0	1	0	0	0	1	3	0	50	32	0	7	32	146	79	0	0	0	44	[]	0	5
30	123456878	0	0	7	199	0	0	0	0	0	0	1	0	0	0	1	3	0	51	32	0	7	32	146	79	0	0	0	44	[]	0	5
31	123456878	0	0	3	200	0	0	0	0	0	0	2	0	0	0	3	3	0	54	34	0	8	34	146	79	0	0	0	44	[]	0	5
32	123456878	0	0	3	201	0	0	0	0	0	0	2	0	0	0	3	2	0	57	34	0	8	34	146	79	0	0	0	44	[]	0	5
33	123456878	0	0	3	203	0	0	0	0	0	0	2	0	0	0	2	1	0	58	34	0	8	34	146	79	0	0	0	44	[]	0	4
34	123456878	0	0	1	205	0	0	0	0	0	0	2	0	0	0	2	1	0	60	34	0	8	34	146	79	0	0	0	44	[]	0	3
35	123456878	0	0	0	206	0	0	0	0	0	0	2	0	0	0	1	2	0	62	34	0	8	34	146	79	0	0	0	44	[]	0	3
36	123456878	0	0	0	206	0	0	0	0	0	0	2	0	0	0	1	2	0	64	34	0	8	34	146	79	0	0	0	44	[]	0	3
37	123456878	0	0	0	206	0	0	0	0	0	0	1	1	0	0	1	2	0	65	34	0	8	34	146	79	0	0	0	44	[]	0	2
38	123456878	0	0	0	207	0	0	0	0	0	0	1	1	0	0	1	1	0	65	34	0	8	34	146	79	0	0	0	44	[]	0	2
39	123456878	0	0	0	208	0	0	0	0	0	0	1	0	0	0	1	1	0	67	34	0	8	34	146	79	0	0	0	44	[]	0	2
40	123456878	0	0	0	208	0	0	0	0	0	0	1	0	0	0	1	1	0	68	34	0	8	34	146	79	0	0	0	44	[]	0	2
41	123456878	0	0	0	211	0	0	0	0	0	0	0	0	0	0	0	0	0	70	34	0	8	34	146	79	0	0	0	44	[]	0	0
42	123456878	0	0	0	211	0	0	0	0	0	0	0	0	0	0	0	0	0	71	34	0	8	34	146	79	0	0	0	44	[]	0	0
43	123456878	0	0	0	211	0	0	0	0	0	0	0	0	0	0	0	0	0	75	34	0	8	34	146	79	0	0	0	44	[]	0	0
44	123456878	0	0	0	211	0	0	0	0	0	0	0	0	0	0	0	0	0	78	34	0	8	34	146	79	0	0	0	44	[]	0	0
45	123456878	0	0	0	211	0	0	0	0	0	0	0	0	0	0	0	0	0	78	34	0	8	34	146	79	0	0	0	44	[]	0	0
46	123456878	0	0	0	211	0	0	0	0	0	0	0	0	0	0	0	0	0	81	34	0	8	34	146	79	0	0	0	44	[]	0	0
47	123456878	0	0	0	211	0	0	0	0	0	0	0	0	0	0	0	0	0	82	34	0	8	34	146	79	0	0	0	44	[]	0	0
48	123456878	0	0	0	211	0	0	0	0	0	0	0	0	0	0	0	0	0	83	34	0	8	34	146	79	0	0	0	44	[]	0	0
49	123456878	0	0	0	211	0	0	0	0	0	0	0	0	0	0	0	0	0	85	34	0	8	34	146	79	0	0	0	44	[]	0	0
50	123456878	0	0	0	211	0	0	0	0	0	0	0	0	0	0	0	0	0	85	34	0	8	34	146	79	0	0	0	44	[]	0	0
51	123456878	0	0	0	211	0	0	0	0	0	0	0	0	0	0	0	0	0	87	34	0	8	34	146	79	0	0	0	44	[]	0	0
52	123456878	0	0	0	211	0	0	0	0	0	0	0	0	0	0	0	0	0	89	34	0	8	34	146	79	0	0	0	44	[]	0	0
53	123456878	0	0	0	211	0	0	0	0	0	0	0	0	0	0	0	0	0	90	34	0	8	34	146	79	0	0	0	44	[]	0	0
54	123456878	0	0	0	211	0	0	0	0	0	0	0	0	0	0	0	0	0	91	34	0	8	34	146	79	0	0	0	44	[]	0	0
55	123456878	0	0	0	211	0	0	0	0	0	0	0	0	0	0	0	0	0	93	34	0	8	34	146	79	0	0	0	44	[]	0	0
56	123456878	0	0	0	211	0	0	0	0	0	0	0	0	0	0	0	0	0	95	34	0	8	34	146	79	0	0	0	44	[]	0	0
57	123456878	0	0	0	211	0	0	0	0	0	0	0	0	0	0	0	0	0	96	34	0	8	34	146	79	0	0	0	44	[]	0	0
58	123456878	0	0	0	211	0	0	0	0	0	0	0	0	0	0	0	0	0	97	34	0	8	34	146	79	0	0	0	44	[]	0	0
59	123456878	0	0	0	211	0	0	0	0	0	0	0	0	0	0	0	0	0	100	34	0	8	34	146	79	0	0	0	44	[]	0	0
60	123456878	0	0	0	211	0	0	0	0	0	0	0	0	0	0	0	0	0	104	34	0	8	34	146	79	0	0	0	44	[]	0	0
