day	seedRun	susceptible	exposed	infected	removed	susceptible-in-quarantine	exposed-in-quarantine	infected-in-quarantine	removed-in-quarantine	susceptible-in-quarantine-external-1	exposed-in-quarantine-external-1	infected-in-quarantine-external-1	removed-in-quarantine-external-1	susceptible-in-quarantine-external-2	exposed-in-quarantine-external-2	infected-in-quarantine-external-2	removed-in-quarantine-external-2	num-of-screened-agents	num-of-screened-agents-external-1	num-of-screened-agents-external-2	num-of-positive-agents	num-of-positive-agents-external-1	num-of-positive-agents-external-2	num-vaccinated	num-immunized	num-immunized-in-quarantine	num-immunized-in-quarantine-external-1	num-immunized-in-quarantine-external-2	num-infected-outside	classroom-in-quarantine	num-of-classroom-in-quarantine	classroom-with-at-least-one-infected
0	123456921	188	0	0	0	0	0	0	0	0	0	0	0	0	0	0	0	0	0	0	0	0	0	146	102	0	0	0	0	[]	0	0
1	123456921	181	7	0	0	0	0	0	0	0	0	0	0	0	0	0	0	60	1	0	0	0	0	146	102	0	0	0	7	[]	0	0
2	123456921	157	28	3	0	0	0	0	0	0	0	0	0	0	0	0	0	60	2	0	0	0	0	146	102	0	0	0	14	[]	0	3
3	123456921	126	52	6	1	0	0	2	0	0	0	0	0	0	0	1	0	79	2	1	2	0	1	146	102	0	0	0	20	[]	0	5
4	123456921	83	83	17	2	0	0	2	0	0	0	0	0	0	0	1	0	79	5	1	2	0	1	146	102	0	0	0	26	[]	0	8
5	123456921	36	88	28	4	9	9	11	0	0	0	0	0	0	0	3	0	117	5	3	11	0	3	146	91	11	0	0	28	[1D 2C]	2	11
6	123456921	29	49	43	7	15	15	22	3	0	0	0	0	0	0	5	0	155	5	5	20	0	5	146	79	23	0	0	29	[1D 2C 3A 2D]	4	12
7	123456921	25	30	39	8	17	19	35	8	0	0	0	0	0	0	5	2	193	6	7	30	0	7	146	65	37	0	0	31	[1D 2C 3A 2D 1C 2A]	6	12
8	123456921	8	5	7	8	33	28	72	19	0	0	0	0	0	0	6	2	324	7	8	63	0	8	146	38	64	0	0	32	[1D 2C 3A 2D 1C 2A 1B 1A 2B 3C 3D]	11	12
9	123456921	8	3	8	9	33	20	66	33	0	0	0	0	0	0	5	3	324	7	8	63	0	8	146	38	64	0	0	32	[1D 2C 3A 2D 1C 2A 1B 1A 2B 3C 3D]	11	12
10	123456921	6	4	7	11	33	16	60	43	0	0	0	0	0	0	3	5	324	7	8	63	0	8	146	38	64	0	0	32	[1D 2C 3A 2D 1C 2A 1B 1A 2B 3C 3D]	11	12
11	123456921	5	1	5	7	33	11	53	55	0	0	0	0	0	2	7	9	324	7	9	63	0	9	146	32	64	0	6	32	[1D 2C 3A 2D 1C 2A 1B 1A 2B 3C 3D 3B]	12	12
12	123456921	4	2	3	9	33	6	48	65	0	0	0	0	0	1	6	11	324	7	9	63	0	9	146	32	64	0	6	33	[1D 2C 3A 2D 1C 2A 1B 1A 2B 3C 3D 3B]	12	12
13	123456921	4	2	3	9	33	5	44	70	0	0	0	0	0	1	4	13	324	7	9	63	0	9	146	32	64	0	6	33	[1D 2C 3A 2D 1C 2A 1B 1A 2B 3C 3D 3B]	12	12
14	123456921	3	2	4	9	33	2	40	77	0	0	0	0	0	1	3	14	324	7	9	63	0	9	146	32	64	0	6	34	[1D 2C 3A 2D 1C 2A 1B 1A 2B 3C 3D 3B]	12	12
15	123456921	10	4	4	29	24	0	31	70	0	0	0	0	0	1	3	12	334	7	9	63	0	9	146	43	53	0	6	36	[3A 2D 1C 2A 1B 1A 2B 3C 3D 3B]	10	10
16	123456921	15	5	2	53	18	0	27	54	0	0	0	0	0	1	3	10	334	8	9	63	0	9	146	55	41	0	6	36	[1C 2A 1B 1A 2B 3C 3D 3B]	8	8
17	123456921	16	4	4	77	16	0	17	42	0	0	0	0	0	1	2	9	334	9	9	63	0	9	146	69	27	0	6	36	[1B 1A 2B 3C 3D 3B]	6	8
18	123456921	28	7	5	134	0	0	0	3	0	0	0	0	0	1	2	8	334	11	9	63	0	9	146	96	0	0	6	38	[3B]	1	3
19	123456921	24	10	5	135	0	0	0	3	0	0	0	0	0	1	2	8	334	12	9	63	0	9	146	96	0	0	6	41	[3B]	1	3
20	123456921	23	10	3	135	0	0	1	3	0	0	2	0	0	0	2	9	372	15	9	64	2	9	146	96	0	0	6	42	[3B]	1	4
21	123456921	22	8	6	149	0	0	0	1	0	0	1	1	0	0	0	0	372	17	9	64	2	9	146	102	0	0	0	43	[]	0	4
22	123456921	20	8	6	149	0	0	2	1	0	0	0	2	0	0	0	0	448	18	9	66	2	9	146	102	0	0	0	43	[]	0	3
23	123456921	20	6	7	150	0	0	1	2	0	0	0	2	0	0	0	0	448	19	9	66	2	9	146	102	0	0	0	43	[]	0	4
24	123456921	17	7	3	154	0	0	2	2	0	0	0	2	0	0	1	0	467	21	10	67	2	10	146	102	0	0	0	45	[]	0	3
25	123456921	13	8	6	154	0	0	2	2	0	0	0	2	0	0	1	0	483	22	10	67	2	10	146	102	0	0	0	45	[]	0	5
26	123456921	9	9	6	157	0	0	2	2	0	0	0	2	0	0	0	1	483	24	10	67	2	10	146	102	0	0	0	46	[]	0	4
27	123456921	8	9	3	161	0	0	2	2	0	0	0	2	0	0	0	1	483	26	10	67	2	10	146	102	0	0	0	47	[]	0	3
28	123456921	8	8	3	162	0	0	2	2	0	0	0	2	0	0	0	1	483	27	10	67	2	10	146	102	0	0	0	47	[]	0	4
29	123456921	6	9	4	162	0	0	2	2	0	0	0	2	0	0	0	1	559	28	10	67	2	10	146	102	0	0	0	47	[]	0	4
30	123456921	6	6	6	166	0	0	2	1	0	0	0	0	0	0	0	1	559	29	10	67	2	10	146	102	0	0	0	47	[]	0	4
31	123456921	6	5	5	166	0	0	2	1	0	0	0	0	0	0	2	1	593	29	12	67	2	12	146	102	0	0	0	47	[]	0	4
32	123456921	6	3	6	169	0	0	0	1	0	0	0	0	0	0	2	1	593	30	12	67	2	12	146	102	0	0	0	47	[]	0	4
33	123456921	6	1	4	169	0	0	3	1	0	0	0	0	0	0	3	1	612	31	13	70	2	13	146	102	0	0	0	47	[]	0	4
34	123456921	6	0	5	171	0	0	3	0	0	0	0	0	0	0	3	0	612	34	13	70	2	13	146	102	0	0	0	47	[]	0	4
35	123456921	5	1	5	171	0	0	3	0	0	0	0	0	0	0	2	1	612	35	13	70	2	13	146	102	0	0	0	48	[]	0	3
36	123456921	5	1	3	173	0	0	3	0	0	0	0	0	0	0	2	1	690	37	13	70	2	13	146	102	0	0	0	48	[]	0	3
37	123456921	5	1	2	174	0	0	2	1	0	0	0	0	0	0	1	2	690	41	13	70	2	13	146	102	0	0	0	48	[]	0	2
38	123456921	5	0	3	174	0	0	2	1	0	0	0	0	0	0	0	3	706	43	13	70	2	13	146	102	0	0	0	48	[]	0	2
39	123456921	5	0	3	174	0	0	1	2	0	0	0	0	0	0	0	3	706	49	13	70	2	13	146	102	0	0	0	48	[]	0	2
40	123456921	5	0	3	174	0	0	1	2	0	0	0	0	0	0	0	3	706	49	13	70	2	13	146	102	0	0	0	48	[]	0	2
41	123456921	5	0	3	176	0	0	0	3	0	0	0	0	0	0	0	1	706	51	13	70	2	13	146	102	0	0	0	48	[]	0	1
42	123456921	4	1	3	176	0	0	0	3	0	0	0	0	0	0	0	1	706	51	13	70	2	13	146	102	0	0	0	49	[]	0	1
43	123456921	4	1	2	181	0	0	0	0	0	0	0	0	0	0	0	0	766	53	13	70	2	13	146	102	0	0	0	49	[]	0	1
44	123456921	4	1	2	181	0	0	0	0	0	0	0	0	0	0	0	0	766	53	13	70	2	13	146	102	0	0	0	49	[]	0	1
45	123456921	4	1	2	181	0	0	0	0	0	0	0	0	0	0	0	0	766	58	13	70	2	13	146	102	0	0	0	49	[]	0	1
46	123456921	4	1	1	181	0	0	0	0	0	0	0	0	0	0	1	0	785	58	14	70	2	14	146	102	0	0	0	49	[]	0	1
47	123456921	3	1	2	181	0	0	0	0	0	0	0	0	0	0	1	0	785	60	14	70	2	14	146	102	0	0	0	49	[]	0	2
48	123456921	3	0	2	182	0	0	0	0	0	0	0	0	0	0	1	0	785	63	14	70	2	14	146	102	0	0	0	49	[]	0	2
49	123456921	2	1	2	182	0	0	0	0	0	0	0	0	0	0	1	0	785	65	14	70	2	14	146	102	0	0	0	50	[]	0	2
50	123456921	2	0	2	183	0	0	0	0	0	0	0	0	0	0	1	0	845	67	14	70	2	14	146	102	0	0	0	50	[]	0	2
51	123456921	2	0	1	184	0	0	0	0	0	0	0	0	0	0	1	0	864	67	14	70	2	14	146	102	0	0	0	50	[]	0	2
52	123456921	1	1	1	184	0	0	0	0	0	0	0	0	0	0	1	0	864	69	14	70	2	14	146	102	0	0	0	50	[]	0	2
53	123456921	1	1	1	184	0	0	0	0	0	0	0	0	0	0	1	0	864	69	14	70	2	14	146	102	0	0	0	50	[]	0	2
54	123456921	1	0	2	184	0	0	0	0	0	0	0	0	0	0	1	0	864	72	14	70	2	14	146	102	0	0	0	50	[]	0	2
55	123456921	1	0	2	184	0	0	0	0	0	0	0	0	0	0	1	0	864	74	14	70	2	14	146	102	0	0	0	50	[]	0	2
56	123456921	1	0	2	185	0	0	0	0	0	0	0	0	0	0	0	0	864	76	14	70	2	14	146	102	0	0	0	50	[]	0	1
57	123456921	1	0	0	185	0	0	2	0	0	0	0	0	0	0	0	0	943	77	14	72	2	14	146	102	0	0	0	50	[]	0	1
58	123456921	1	0	0	185	0	0	1	1	0	0	0	0	0	0	0	0	943	79	14	72	2	14	146	102	0	0	0	50	[]	0	1
59	123456921	1	0	0	185	0	0	1	1	0	0	0	0	0	0	0	0	943	80	14	72	2	14	146	102	0	0	0	50	[]	0	1
60	123456921	1	0	0	185	0	0	1	1	0	0	0	0	0	0	0	0	943	82	14	72	2	14	146	102	0	0	0	50	[]	0	1
