day	seedRun	susceptible	exposed	infected	removed	susceptible-in-quarantine	exposed-in-quarantine	infected-in-quarantine	removed-in-quarantine	susceptible-in-quarantine-external-1	exposed-in-quarantine-external-1	infected-in-quarantine-external-1	removed-in-quarantine-external-1	susceptible-in-quarantine-external-2	exposed-in-quarantine-external-2	infected-in-quarantine-external-2	removed-in-quarantine-external-2	num-of-screened-agents	num-of-screened-agents-external-1	num-of-screened-agents-external-2	num-of-positive-agents	num-of-positive-agents-external-1	num-of-positive-agents-external-2	num-vaccinated	num-immunized	num-immunized-in-quarantine	num-immunized-in-quarantine-external-1	num-immunized-in-quarantine-external-2	num-infected-outside	classroom-in-quarantine	num-of-classroom-in-quarantine	classroom-with-at-least-one-infected
0	123456821	144	0	0	0	0	0	0	0	0	0	0	0	0	0	0	0	0	0	0	0	0	0	146	146	0	0	0	0	[]	0	0
1	123456821	143	1	0	0	0	0	0	0	0	0	0	0	0	0	0	0	0	0	0	0	0	0	146	146	0	0	0	1	[]	0	0
2	123456821	141	2	1	0	0	0	0	0	0	0	0	0	0	0	0	0	0	1	0	0	0	0	146	146	0	0	0	1	[]	0	1
3	123456821	140	2	2	0	0	0	0	0	0	0	0	0	0	0	0	0	0	2	0	0	0	0	146	146	0	0	0	1	[]	0	1
4	123456821	139	3	2	0	0	0	0	0	0	0	0	0	0	0	0	0	0	2	0	0	0	0	146	146	0	0	0	1	[]	0	1
5	123456821	138	3	2	1	0	0	0	0	0	0	0	0	0	0	0	0	0	5	0	0	0	0	146	146	0	0	0	1	[]	0	1
6	123456821	138	2	0	1	0	0	2	0	0	0	1	0	0	0	0	0	19	9	0	2	1	0	146	146	0	0	0	1	[]	0	1
7	123456821	138	2	0	1	0	0	1	1	0	0	1	0	0	0	0	0	19	9	0	2	1	0	146	146	0	0	0	1	[]	0	1
8	123456821	138	2	0	1	0	0	1	1	0	0	1	0	0	0	0	0	19	9	0	2	1	0	146	146	0	0	0	1	[]	0	1
9	123456821	138	1	1	1	0	0	1	1	0	0	1	0	0	0	0	0	19	10	0	2	1	0	146	146	0	0	0	1	[]	0	1
10	123456821	137	2	1	1	0	0	1	1	0	0	1	0	0	0	0	0	19	13	0	2	1	0	146	146	0	0	0	1	[]	0	1
11	123456821	137	2	0	1	0	0	2	1	0	0	1	0	0	0	0	0	36	16	0	3	1	0	146	146	0	0	0	1	[]	0	1
12	123456821	137	1	1	1	0	0	2	1	0	0	1	0	0	0	0	0	36	18	0	3	1	0	146	146	0	0	0	1	[]	0	1
13	123456821	137	1	1	1	0	0	1	2	0	0	1	0	0	0	0	0	36	18	0	3	1	0	146	146	0	0	0	1	[]	0	1
14	123456821	137	1	1	1	0	0	0	3	0	0	1	0	0	0	0	0	36	21	0	3	1	0	146	146	0	0	0	1	[]	0	1
15	123456821	137	1	1	1	0	0	0	3	0	0	1	0	0	0	0	0	36	27	0	3	1	0	146	146	0	0	0	1	[]	0	1
16	123456821	137	1	1	4	0	0	0	1	0	0	0	0	0	0	0	0	36	28	0	3	1	0	146	146	0	0	0	1	[]	0	1
17	123456821	136	2	1	4	0	0	0	1	0	0	0	0	0	0	0	0	36	29	0	3	1	0	146	146	0	0	0	2	[]	0	1
18	123456821	136	2	1	4	0	0	0	1	0	0	0	0	0	0	0	0	36	30	0	3	1	0	146	146	0	0	0	2	[]	0	1
19	123456821	133	4	2	4	0	0	0	1	0	0	0	0	0	0	0	0	36	30	0	3	1	0	146	146	0	0	0	3	[]	0	2
20	123456821	131	6	2	4	0	0	0	1	0	0	0	0	0	0	0	0	36	35	0	3	1	0	146	146	0	0	0	5	[]	0	2
21	123456821	131	5	3	5	0	0	0	0	0	0	0	0	0	0	0	0	36	39	0	3	1	0	146	146	0	0	0	5	[]	0	3
22	123456821	127	7	5	5	0	0	0	0	0	0	0	0	0	0	0	0	36	40	0	3	1	0	146	146	0	0	0	6	[]	0	3
23	123456821	125	8	4	6	0	0	0	0	0	0	0	0	0	0	1	0	55	42	1	3	1	1	146	146	0	0	0	6	[]	0	4
24	123456821	122	8	7	6	0	0	0	0	0	0	0	0	0	0	1	0	55	44	1	3	1	1	146	146	0	0	0	6	[]	0	4
25	123456821	118	11	7	7	0	0	0	0	0	0	0	0	0	0	1	0	55	45	1	3	1	1	146	146	0	0	0	6	[]	0	5
26	123456821	113	13	5	9	0	0	2	0	0	0	0	0	0	0	2	0	74	48	2	5	1	2	146	146	0	0	0	6	[]	0	6
27	123456821	113	9	8	10	0	0	2	0	0	0	0	0	0	0	2	0	74	48	2	5	1	2	146	146	0	0	0	6	[]	0	5
28	123456821	113	5	11	11	0	0	2	0	0	0	0	0	0	0	2	0	93	50	2	5	1	2	146	146	0	0	0	6	[]	0	6
29	123456821	103	14	9	14	0	0	1	1	0	0	0	0	0	0	2	0	93	51	2	5	1	2	146	146	0	0	0	8	[]	0	5
30	123456821	97	10	11	13	4	1	3	2	0	0	0	0	0	0	3	0	109	54	3	7	1	3	146	138	8	0	0	8	[3D]	1	5
31	123456821	93	13	12	13	4	1	3	2	0	0	0	0	0	0	2	1	109	55	3	7	1	3	146	138	8	0	0	9	[3D]	1	4
32	123456821	91	11	12	17	4	1	3	2	0	0	0	0	0	0	2	1	109	56	3	7	1	3	146	138	8	0	0	9	[3D]	1	6
33	123456821	90	9	13	19	4	1	3	2	0	0	0	0	0	0	3	0	128	57	4	7	1	4	146	138	8	0	0	9	[3D]	1	7
34	123456821	88	5	9	17	6	3	5	7	0	0	0	0	0	0	3	1	147	61	5	11	1	5	146	130	16	0	0	9	[3D 2A]	2	7
35	123456821	88	4	9	18	6	1	7	7	0	0	0	0	0	0	2	2	147	63	5	11	1	5	146	130	16	0	0	9	[3D 2A]	2	6
36	123456821	86	3	5	13	6	3	11	12	0	0	0	0	0	0	3	2	166	65	6	15	1	6	146	122	24	0	0	9	[3D 2A 1D]	3	6
37	123456821	84	4	6	13	6	3	10	13	0	0	0	0	0	0	3	2	166	66	6	15	1	6	146	122	24	0	0	9	[3D 2A 1D]	3	6
38	123456821	84	4	5	13	6	1	8	17	0	0	1	0	0	0	3	2	204	67	6	15	2	6	146	122	24	0	0	9	[3D 2A 1D]	3	6
39	123456821	82	3	5	14	6	1	7	19	0	0	1	0	0	0	4	2	223	72	7	16	2	7	146	122	24	0	0	9	[3D 2A 1D]	3	6
40	123456821	82	6	6	22	2	0	7	14	0	0	1	0	0	0	3	1	223	72	7	16	2	7	146	130	16	0	0	9	[2A 1D]	2	5
41	123456821	82	5	5	24	2	0	5	16	0	0	1	0	0	0	2	2	223	74	7	16	2	7	146	130	16	0	0	9	[2A 1D]	2	5
42	123456821	82	3	7	24	2	0	3	18	0	0	1	0	0	0	2	2	223	77	7	16	2	7	146	130	16	0	0	9	[2A 1D]	2	5
43	123456821	81	3	8	25	2	0	3	18	0	0	1	0	0	0	2	1	223	77	7	16	2	7	146	130	16	0	0	9	[2A 1D]	2	6
44	123456821	81	1	3	32	1	1	7	14	0	0	0	1	0	0	2	1	260	77	8	21	2	8	146	130	16	0	0	9	[1D 3C]	2	5
45	123456821	78	4	3	32	1	1	4	17	0	0	0	1	0	0	2	1	260	77	8	21	2	8	146	130	16	0	0	9	[1D 3C]	2	5
46	123456821	72	8	5	44	1	1	3	7	0	0	0	1	0	0	1	1	260	79	8	21	2	8	146	138	8	0	0	9	[3C]	1	4
47	123456821	70	9	6	44	1	1	3	7	0	0	0	1	0	0	1	1	260	83	8	21	2	8	146	138	8	0	0	9	[3C]	1	5
48	123456821	70	7	3	46	1	1	6	7	0	0	0	0	0	0	2	1	279	85	9	24	2	9	146	138	8	0	0	9	[3C]	1	5
49	123456821	70	5	5	48	1	1	4	8	0	0	0	0	0	0	2	0	279	86	9	24	2	9	146	138	8	0	0	9	[3C]	1	4
50	123456821	68	6	5	49	1	0	5	8	0	0	0	0	0	0	2	0	279	86	9	24	2	9	146	138	8	0	0	9	[3C]	1	3
51	123456821	68	5	6	49	1	0	4	9	0	0	0	0	0	0	1	1	279	88	9	24	2	9	146	138	8	0	0	9	[3C]	1	3
52	123456821	67	4	5	52	1	0	4	9	0	0	0	0	0	0	1	1	279	90	9	24	2	9	146	138	8	0	0	9	[3C]	1	3
53	123456821	64	3	0	50	4	1	7	12	0	0	0	0	0	0	2	1	314	91	10	28	2	10	146	130	16	0	0	9	[3C 2C]	2	3
54	123456821	64	3	1	61	3	1	5	4	0	0	0	0	0	0	2	0	314	91	10	28	2	10	146	138	8	0	0	9	[2C]	1	3
55	123456821	64	1	2	62	3	1	5	4	0	0	0	0	0	0	2	0	314	94	10	28	2	10	146	138	8	0	0	9	[2C]	1	3
56	123456821	64	1	2	62	3	1	5	4	0	0	0	0	0	0	2	0	314	95	10	28	2	10	146	138	8	0	0	9	[2C]	1	3
57	123456821	63	2	2	62	3	0	6	4	0	0	0	0	0	0	2	0	314	95	10	28	2	10	146	138	8	0	0	9	[2C]	1	3
58	123456821	61	4	1	63	3	0	6	4	0	0	0	0	0	0	2	0	314	100	10	28	2	10	146	138	8	0	0	9	[2C]	1	3
59	123456821	61	3	2	63	3	0	5	5	0	0	0	0	0	0	2	0	314	100	10	28	2	10	146	138	8	0	0	9	[2C]	1	3
60	123456821	59	4	3	63	3	0	3	7	0	0	0	0	0	0	2	0	314	104	10	28	2	10	146	138	8	0	0	9	[2C]	1	3
