day	seedRun	susceptible	exposed	infected	removed	susceptible-in-quarantine	exposed-in-quarantine	infected-in-quarantine	removed-in-quarantine	susceptible-in-quarantine-external-1	exposed-in-quarantine-external-1	infected-in-quarantine-external-1	removed-in-quarantine-external-1	susceptible-in-quarantine-external-2	exposed-in-quarantine-external-2	infected-in-quarantine-external-2	removed-in-quarantine-external-2	num-of-screened-agents	num-of-screened-agents-external-1	num-of-screened-agents-external-2	num-of-positive-agents	num-of-positive-agents-external-1	num-of-positive-agents-external-2	num-vaccinated	num-immunized	num-immunized-in-quarantine	num-immunized-in-quarantine-external-1	num-immunized-in-quarantine-external-2	num-infected-outside	classroom-in-quarantine	num-of-classroom-in-quarantine	classroom-with-at-least-one-infected
0	123457028	258	0	0	0	0	0	0	0	0	0	0	0	0	0	0	0	0	0	0	0	0	0	74	32	0	0	0	0	[]	0	0
1	123457028	252	6	0	0	0	0	0	0	0	0	0	0	0	0	0	0	0	2	0	0	0	0	74	32	0	0	0	6	[]	0	0
2	123457028	240	17	1	0	0	0	0	0	0	0	0	0	0	0	0	0	0	6	0	0	0	0	74	32	0	0	0	9	[]	0	1
3	123457028	207	43	8	0	0	0	0	0	0	0	0	0	0	0	0	0	0	7	0	0	0	0	74	32	0	0	0	13	[]	0	3
4	123457028	170	68	18	2	0	0	0	0	0	0	0	0	0	0	0	0	0	8	0	0	0	0	74	32	0	0	0	17	[]	0	5
5	123457028	139	87	26	5	0	0	0	0	0	0	1	0	0	0	0	0	0	12	0	0	1	0	74	32	0	0	0	19	[]	0	6
6	123457028	139	59	50	7	0	0	0	0	0	0	1	1	0	0	1	0	0	13	1	0	2	1	74	32	0	0	0	19	[]	0	8
7	123457028	138	49	52	16	0	0	0	0	0	0	1	1	0	0	1	0	0	14	1	0	2	1	74	32	0	0	0	20	[]	0	7
8	123457028	76	97	63	18	0	0	0	0	0	0	1	1	0	0	2	0	0	15	2	0	2	2	74	32	0	0	0	22	[]	0	8
9	123457028	47	101	76	27	0	0	0	0	0	0	1	1	0	0	5	0	0	16	5	0	2	5	74	32	0	0	0	23	[]	0	10
10	123457028	8	111	96	35	0	0	0	0	0	0	0	2	0	0	6	0	0	17	6	0	2	6	74	32	0	0	0	23	[]	0	12
11	123457028	0	88	114	47	0	0	0	0	0	0	0	2	0	0	7	0	0	19	7	0	2	7	74	32	0	0	0	23	[]	0	12
12	123457028	0	68	119	62	0	0	0	0	0	0	0	2	0	0	7	0	0	20	7	0	2	7	74	32	0	0	0	23	[]	0	12
13	123457028	0	41	125	80	0	0	0	0	0	0	1	2	0	0	9	0	0	22	9	0	3	9	74	32	0	0	0	23	[]	0	12
14	123457028	0	33	117	93	0	0	0	0	0	0	2	2	0	0	10	1	0	23	11	0	4	11	74	32	0	0	0	23	[]	0	12
15	123457028	0	23	109	104	0	0	0	0	0	0	3	2	0	0	15	2	0	25	17	0	6	17	74	32	0	0	0	23	[]	0	12
16	123457028	0	16	95	122	0	0	0	0	0	0	5	1	0	0	15	4	0	30	20	0	8	20	74	32	0	0	0	23	[]	0	12
17	123457028	0	14	72	143	0	0	0	0	0	0	5	3	0	0	16	5	0	33	22	0	10	22	74	32	0	0	0	23	[]	0	12
18	123457028	0	10	63	156	0	0	0	0	0	0	3	5	0	0	15	6	0	33	23	0	10	23	74	32	0	0	0	23	[]	0	12
19	123457028	0	6	56	167	0	0	0	0	0	0	3	6	0	0	12	8	0	37	25	0	11	25	74	32	0	0	0	23	[]	0	12
20	123457028	0	3	49	178	0	0	0	0	0	0	3	6	0	0	11	8	0	37	25	0	11	25	74	32	0	0	0	23	[]	0	12
21	123457028	0	3	36	190	0	0	0	0	0	0	3	6	0	0	12	8	0	37	27	0	11	27	74	32	0	0	0	23	[]	0	12
22	123457028	0	1	29	196	0	0	0	0	0	0	3	6	0	0	14	9	0	38	30	0	11	30	74	32	0	0	0	23	[]	0	12
23	123457028	0	1	26	201	0	0	0	0	0	0	3	5	0	0	12	10	0	39	31	0	11	31	74	32	0	0	0	23	[]	0	12
24	123457028	0	1	25	204	0	0	0	0	0	0	4	4	0	0	10	10	0	41	31	0	12	31	74	32	0	0	0	23	[]	0	12
25	123457028	0	0	21	217	0	0	0	0	0	0	4	2	0	0	6	8	0	42	31	0	12	31	74	32	0	0	0	23	[]	0	12
26	123457028	0	0	17	224	0	0	0	0	0	0	3	1	0	0	7	6	0	42	33	0	12	33	74	32	0	0	0	23	[]	0	12
27	123457028	0	0	15	229	0	0	0	0	0	0	2	0	0	0	6	6	0	42	34	0	12	34	74	32	0	0	0	23	[]	0	10
28	123457028	0	0	12	232	0	0	0	0	0	0	1	1	0	0	7	5	0	45	35	0	12	35	74	32	0	0	0	23	[]	0	9
29	123457028	0	0	10	235	0	0	0	0	0	0	1	1	0	0	7	4	0	47	36	0	13	36	74	32	0	0	0	23	[]	0	9
30	123457028	0	0	7	238	0	0	0	0	0	0	1	1	0	0	7	4	0	50	36	0	13	36	74	32	0	0	0	23	[]	0	9
31	123457028	0	0	5	242	0	0	0	0	0	0	1	1	0	0	6	3	0	53	36	0	13	36	74	32	0	0	0	23	[]	0	9
32	123457028	0	0	4	246	0	0	0	0	0	0	0	2	0	0	4	2	0	57	36	0	13	36	74	32	0	0	0	23	[]	0	7
33	123457028	0	0	4	247	0	0	0	0	0	0	0	2	0	0	2	3	0	58	36	0	13	36	74	32	0	0	0	23	[]	0	6
34	123457028	0	0	4	248	0	0	0	0	0	0	0	1	0	0	2	3	0	60	36	0	13	36	74	32	0	0	0	23	[]	0	6
35	123457028	0	0	4	248	0	0	0	0	0	0	0	1	0	0	2	3	0	62	36	0	13	36	74	32	0	0	0	23	[]	0	6
36	123457028	0	0	3	251	0	0	0	0	0	0	0	1	0	0	0	3	0	62	36	0	13	36	74	32	0	0	0	23	[]	0	3
37	123457028	0	0	3	252	0	0	0	0	0	0	0	1	0	0	0	2	0	63	36	0	13	36	74	32	0	0	0	23	[]	0	3
38	123457028	0	0	2	254	0	0	0	0	0	0	0	1	0	0	0	1	0	69	36	0	13	36	74	32	0	0	0	23	[]	0	2
39	123457028	0	0	2	256	0	0	0	0	0	0	0	0	0	0	0	0	0	74	36	0	13	36	74	32	0	0	0	23	[]	0	2
40	123457028	0	0	2	256	0	0	0	0	0	0	0	0	0	0	0	0	0	74	36	0	13	36	74	32	0	0	0	23	[]	0	2
41	123457028	0	0	2	256	0	0	0	0	0	0	0	0	0	0	0	0	0	75	36	0	13	36	74	32	0	0	0	23	[]	0	2
42	123457028	0	0	2	256	0	0	0	0	0	0	0	0	0	0	0	0	0	77	36	0	13	36	74	32	0	0	0	23	[]	0	2
43	123457028	0	0	1	257	0	0	0	0	0	0	0	0	0	0	0	0	0	79	36	0	13	36	74	32	0	0	0	23	[]	0	1
44	123457028	0	0	1	257	0	0	0	0	0	0	0	0	0	0	0	0	0	80	36	0	13	36	74	32	0	0	0	23	[]	0	1
45	123457028	0	0	1	257	0	0	0	0	0	0	0	0	0	0	0	0	0	82	36	0	13	36	74	32	0	0	0	23	[]	0	1
46	123457028	0	0	1	257	0	0	0	0	0	0	0	0	0	0	0	0	0	84	36	0	13	36	74	32	0	0	0	23	[]	0	1
47	123457028	0	0	1	257	0	0	0	0	0	0	0	0	0	0	0	0	0	84	36	0	13	36	74	32	0	0	0	23	[]	0	1
48	123457028	0	0	0	258	0	0	0	0	0	0	0	0	0	0	0	0	0	86	36	0	13	36	74	32	0	0	0	23	[]	0	0
49	123457028	0	0	0	258	0	0	0	0	0	0	0	0	0	0	0	0	0	88	36	0	13	36	74	32	0	0	0	23	[]	0	0
50	123457028	0	0	0	258	0	0	0	0	0	0	0	0	0	0	0	0	0	89	36	0	13	36	74	32	0	0	0	23	[]	0	0
51	123457028	0	0	0	258	0	0	0	0	0	0	0	0	0	0	0	0	0	90	36	0	13	36	74	32	0	0	0	23	[]	0	0
52	123457028	0	0	0	258	0	0	0	0	0	0	0	0	0	0	0	0	0	92	36	0	13	36	74	32	0	0	0	23	[]	0	0
53	123457028	0	0	0	258	0	0	0	0	0	0	0	0	0	0	0	0	0	95	36	0	13	36	74	32	0	0	0	23	[]	0	0
54	123457028	0	0	0	258	0	0	0	0	0	0	0	0	0	0	0	0	0	97	36	0	13	36	74	32	0	0	0	23	[]	0	0
55	123457028	0	0	0	258	0	0	0	0	0	0	0	0	0	0	0	0	0	104	36	0	13	36	74	32	0	0	0	23	[]	0	0
56	123457028	0	0	0	258	0	0	0	0	0	0	0	0	0	0	0	0	0	104	36	0	13	36	74	32	0	0	0	23	[]	0	0
57	123457028	0	0	0	258	0	0	0	0	0	0	0	0	0	0	0	0	0	108	36	0	13	36	74	32	0	0	0	23	[]	0	0
58	123457028	0	0	0	258	0	0	0	0	0	0	0	0	0	0	0	0	0	109	36	0	13	36	74	32	0	0	0	23	[]	0	0
59	123457028	0	0	0	258	0	0	0	0	0	0	0	0	0	0	0	0	0	110	36	0	13	36	74	32	0	0	0	23	[]	0	0
60	123457028	0	0	0	258	0	0	0	0	0	0	0	0	0	0	0	0	0	112	36	0	13	36	74	32	0	0	0	23	[]	0	0
