day	seedRun	susceptible	exposed	infected	removed	susceptible-in-quarantine	exposed-in-quarantine	infected-in-quarantine	removed-in-quarantine	susceptible-in-quarantine-external-1	exposed-in-quarantine-external-1	infected-in-quarantine-external-1	removed-in-quarantine-external-1	susceptible-in-quarantine-external-2	exposed-in-quarantine-external-2	infected-in-quarantine-external-2	removed-in-quarantine-external-2	num-of-screened-agents	num-of-screened-agents-external-1	num-of-screened-agents-external-2	num-of-positive-agents	num-of-positive-agents-external-1	num-of-positive-agents-external-2	num-vaccinated	num-immunized	num-immunized-in-quarantine	num-immunized-in-quarantine-external-1	num-immunized-in-quarantine-external-2	num-infected-outside	classroom-in-quarantine	num-of-classroom-in-quarantine	classroom-with-at-least-one-infected
0	123457136	256	0	0	0	0	0	0	0	0	0	0	0	0	0	0	0	0	0	0	0	0	0	50	34	0	0	0	0	[]	0	0
1	123457136	250	6	0	0	0	0	0	0	0	0	0	0	0	0	0	0	0	3	0	0	0	0	50	34	0	0	0	6	[]	0	0
2	123457136	244	10	2	0	0	0	0	0	0	0	0	0	0	0	0	0	0	4	0	0	0	0	50	34	0	0	0	10	[]	0	1
3	123457136	237	14	4	0	0	0	0	0	0	0	0	0	0	0	1	0	19	8	1	0	0	1	50	34	0	0	0	14	[]	0	3
4	123457136	223	24	7	1	0	0	0	0	0	0	0	0	0	0	1	0	19	11	1	0	0	1	50	34	0	0	0	17	[]	0	6
5	123457136	204	36	14	1	0	0	0	0	0	0	0	0	0	0	1	0	19	12	1	0	0	1	50	34	0	0	0	23	[]	0	7
6	123457136	199	29	21	3	0	0	2	0	0	0	0	0	0	0	2	0	38	13	2	2	0	2	50	34	0	0	0	28	[]	0	9
7	123457136	195	24	27	6	0	0	2	0	0	0	0	0	0	0	2	0	38	15	2	2	0	2	50	34	0	0	0	32	[]	0	10
8	123457136	159	51	27	8	0	0	6	2	0	0	0	0	0	0	3	0	76	18	3	8	0	3	50	34	0	0	0	43	[]	0	10
9	123457136	129	69	31	12	0	0	9	2	0	0	0	0	0	0	4	0	95	20	4	11	0	4	50	34	0	0	0	43	[]	0	11
10	123457136	94	57	37	13	15	10	18	6	0	0	1	0	0	0	4	1	133	23	5	23	1	5	50	34	0	0	0	44	[1A 2D]	2	11
11	123457136	70	52	28	14	20	16	37	12	0	0	1	0	0	0	3	3	169	23	6	40	1	6	50	34	0	0	0	47	[1A 2D 1C 2A]	4	12
12	123457136	63	47	37	17	20	11	36	18	0	0	1	0	0	0	3	3	169	23	6	40	1	6	50	34	0	0	0	50	[1A 2D 1C 2A]	4	12
13	123457136	45	33	39	16	31	10	35	25	0	0	1	0	6	3	4	8	185	24	7	42	1	7	50	34	0	0	0	51	[1A 2D 1C 2A 3B 3D]	6	11
14	123457136	37	17	29	10	38	18	43	40	0	0	1	0	6	3	6	8	223	24	9	55	1	9	50	34	0	0	0	52	[1A 2D 1C 2A 3B 3D 3C 1B]	8	12
15	123457136	29	16	37	11	38	12	44	45	0	0	1	0	6	1	8	8	223	24	9	55	1	9	50	34	0	0	0	53	[1A 2D 1C 2A 3B 3D 3C 1B]	8	12
16	123457136	21	18	37	17	38	7	43	51	0	0	1	0	6	0	9	8	223	24	9	55	1	9	50	34	0	0	0	54	[1A 2D 1C 2A 3B 3D 3C 1B]	8	12
17	123457136	16	18	34	25	38	6	36	59	0	0	0	1	6	0	6	11	223	24	9	55	1	9	50	34	0	0	0	54	[1A 2D 1C 2A 3B 3D 3C 1B]	8	12
18	123457136	11	16	17	32	38	5	46	66	0	0	0	1	6	0	7	11	242	24	10	65	1	10	50	34	0	0	0	54	[1A 2D 1C 2A 3B 3D 3C 1B 3A]	9	12
19	123457136	6	2	7	21	43	10	53	87	0	0	0	1	6	0	9	11	280	24	12	76	1	12	50	34	0	0	0	54	[1A 2D 1C 2A 3B 3D 3C 1B 3A 2C 2B]	11	11
20	123457136	20	3	6	47	28	5	41	81	0	0	0	0	6	0	7	12	280	24	12	76	1	12	50	34	0	0	0	55	[1C 2A 3B 3D 3C 1B 3A 2C 2B]	9	10
21	123457136	24	4	6	82	23	2	36	56	0	0	0	0	6	0	7	10	280	26	12	76	1	12	50	34	0	0	0	56	[3B 3D 3C 1B 3A 2C 2B]	7	7
22	123457136	22	4	8	82	23	1	28	65	0	0	0	0	6	0	7	10	280	26	12	76	1	12	50	34	0	0	0	58	[3B 3D 3C 1B 3A 2C 2B]	7	7
23	123457136	38	4	8	106	12	1	26	56	0	0	0	0	0	0	3	2	280	27	12	76	1	12	50	34	0	0	0	59	[3C 1B 3A 2C 2B]	5	7
24	123457136	43	5	6	142	5	0	17	35	0	0	0	0	0	0	1	2	280	30	12	76	1	12	50	34	0	0	0	59	[3A 2C 2B]	3	5
25	123457136	41	5	7	142	5	0	15	37	0	0	1	0	0	0	1	2	299	32	12	76	2	12	50	34	0	0	0	59	[3A 2C 2B]	3	6
26	123457136	41	3	6	145	5	0	15	37	0	0	1	0	0	0	1	2	299	33	12	76	2	12	50	34	0	0	0	59	[3A 2C 2B]	3	6
27	123457136	39	4	7	145	5	0	12	40	0	0	0	1	0	0	1	2	299	38	12	76	2	12	50	34	0	0	0	61	[3A 2C 2B]	3	6
28	123457136	39	4	7	165	5	0	6	27	0	0	0	1	0	0	1	1	299	39	12	76	2	12	50	34	0	0	0	61	[2C 2B]	2	5
29	123457136	41	6	7	201	0	0	0	0	0	0	0	1	0	0	0	0	299	42	12	76	2	12	50	34	0	0	0	64	[]	0	3
30	123457136	40	3	8	201	0	0	2	0	0	0	1	1	0	0	0	0	337	45	12	78	3	12	50	34	0	0	0	65	[]	0	6
31	123457136	37	6	8	201	0	0	2	0	0	0	1	1	0	0	0	0	337	47	12	78	3	12	50	34	0	0	0	66	[]	0	6
32	123457136	36	5	8	203	0	0	2	0	0	0	1	1	0	0	0	0	337	51	12	78	3	12	50	34	0	0	0	67	[]	0	6
33	123457136	36	5	4	204	0	0	3	1	0	0	1	1	0	0	1	0	356	52	13	80	3	13	50	34	0	0	0	67	[]	0	5
34	123457136	36	4	3	205	0	0	2	2	0	0	1	1	0	0	2	0	375	54	14	80	3	14	50	34	0	0	0	67	[]	0	4
35	123457136	36	3	4	206	0	0	2	2	0	0	1	0	0	0	2	0	394	59	14	80	3	14	50	34	0	0	0	67	[]	0	5
36	123457136	35	3	5	206	0	0	2	2	0	0	0	1	0	0	2	0	394	59	14	80	3	14	50	34	0	0	0	68	[]	0	4
37	123457136	32	5	5	207	0	0	0	4	0	0	0	1	0	0	1	1	394	61	14	80	3	14	50	34	0	0	0	70	[]	0	2
38	123457136	31	4	6	208	0	0	0	4	0	0	0	1	0	0	1	1	411	63	14	80	3	14	50	34	0	0	0	71	[]	0	4
39	123457136	29	6	6	208	0	0	0	4	0	0	0	1	0	0	1	1	411	66	14	80	3	14	50	34	0	0	0	72	[]	0	4
40	123457136	27	7	4	211	0	0	2	2	0	0	0	0	0	0	2	1	429	69	15	82	3	15	50	34	0	0	0	74	[]	0	4
41	123457136	27	5	5	212	0	0	2	2	0	0	0	0	0	0	2	1	429	70	15	82	3	15	50	34	0	0	0	74	[]	0	4
42	123457136	27	5	4	213	0	0	1	3	0	0	0	0	0	0	2	1	429	72	15	82	3	15	50	34	0	0	0	74	[]	0	3
43	123457136	21	9	6	216	0	0	1	1	0	0	0	0	0	0	2	0	429	75	15	82	3	15	50	34	0	0	0	78	[]	0	4
44	123457136	21	6	8	217	0	0	1	1	0	0	1	0	0	0	1	0	448	79	15	82	4	15	50	34	0	0	0	78	[]	0	5
45	123457136	21	5	9	217	0	0	1	1	0	0	0	1	0	0	1	0	448	81	15	82	4	15	50	34	0	0	0	78	[]	0	4
46	123457136	20	2	12	218	0	0	1	1	0	0	0	1	0	0	1	0	448	83	15	82	4	15	50	34	0	0	0	78	[]	0	5
47	123457136	20	2	11	219	0	0	1	1	0	0	0	1	0	0	1	0	448	85	15	82	4	15	50	34	0	0	0	78	[]	0	5
48	123457136	18	3	6	208	1	0	4	13	0	0	1	1	0	0	1	0	464	88	15	85	5	15	50	34	0	0	0	79	[3B]	1	5
49	123457136	18	3	6	208	1	0	3	14	0	0	1	1	0	0	1	0	464	89	15	85	5	15	50	34	0	0	0	79	[3B]	1	5
50	123457136	17	2	6	209	1	0	3	14	0	0	2	1	0	0	1	0	483	93	15	85	6	15	50	34	0	0	0	79	[3B]	1	6
51	123457136	15	3	7	209	1	0	2	15	0	0	2	1	0	0	1	0	483	93	15	85	6	15	50	34	0	0	0	80	[3B]	1	6
52	123457136	13	4	8	209	1	0	1	16	0	0	1	2	0	0	1	0	483	96	15	85	6	15	50	34	0	0	0	81	[3B]	1	6
53	123457136	13	4	7	210	1	0	1	16	0	0	1	2	0	0	1	0	483	96	15	85	6	15	50	34	0	0	0	81	[3B]	1	6
54	123457136	12	5	4	212	1	0	1	17	0	0	1	1	0	0	2	0	502	97	16	86	6	16	50	34	0	0	0	82	[3B]	1	6
55	123457136	12	4	3	214	1	0	1	17	0	0	0	2	0	0	1	1	521	99	16	86	6	16	50	34	0	0	0	82	[3B]	1	3
56	123457136	12	3	3	215	1	0	1	17	0	0	0	2	0	0	1	1	521	100	16	86	6	16	50	34	0	0	0	82	[3B]	1	4
57	123457136	12	2	4	215	1	0	1	17	0	0	0	2	0	0	1	1	521	101	16	86	6	16	50	34	0	0	0	82	[3B]	1	4
58	123457136	13	1	5	234	0	0	1	0	0	0	0	1	0	0	0	1	521	103	16	86	6	16	50	34	0	0	0	82	[]	0	3
59	123457136	12	2	4	235	0	0	1	0	0	0	0	1	0	0	0	1	521	105	16	86	6	16	50	34	0	0	0	83	[]	0	2
60	123457136	11	3	4	236	0	0	1	0	0	0	0	0	0	0	0	1	521	107	16	86	6	16	50	34	0	0	0	83	[]	0	2
