day	seedRun	susceptible	exposed	infected	removed	susceptible-in-quarantine	exposed-in-quarantine	infected-in-quarantine	removed-in-quarantine	susceptible-in-quarantine-external-1	exposed-in-quarantine-external-1	infected-in-quarantine-external-1	removed-in-quarantine-external-1	susceptible-in-quarantine-external-2	exposed-in-quarantine-external-2	infected-in-quarantine-external-2	removed-in-quarantine-external-2	num-of-screened-agents	num-of-screened-agents-external-1	num-of-screened-agents-external-2	num-of-positive-agents	num-of-positive-agents-external-1	num-of-positive-agents-external-2	num-vaccinated	num-immunized	num-immunized-in-quarantine	num-immunized-in-quarantine-external-1	num-immunized-in-quarantine-external-2	num-infected-outside	classroom-in-quarantine	num-of-classroom-in-quarantine	classroom-with-at-least-one-infected
0	123456838	256	0	0	0	0	0	0	0	0	0	0	0	0	0	0	0	0	0	0	0	0	0	74	34	0	0	0	0	[]	0	0
1	123456838	252	4	0	0	0	0	0	0	0	0	0	0	0	0	0	0	0	4	0	0	0	0	74	34	0	0	0	4	[]	0	0
2	123456838	235	19	2	0	0	0	0	0	0	0	0	0	0	0	0	0	0	5	0	0	0	0	74	34	0	0	0	5	[]	0	2
3	123456838	208	34	13	0	0	0	0	0	0	0	0	0	0	0	1	0	0	5	1	0	0	1	74	34	0	0	0	9	[]	0	3
4	123456838	200	34	17	3	0	0	0	0	0	0	0	0	0	0	2	0	0	7	2	0	0	2	74	34	0	0	0	11	[]	0	3
5	123456838	192	34	23	5	0	0	0	0	0	0	0	0	0	0	1	1	0	9	2	0	0	2	74	34	0	0	0	15	[]	0	3
6	123456838	182	29	32	8	0	0	0	0	0	0	1	0	0	0	3	1	0	11	4	0	1	4	74	34	0	0	0	25	[]	0	7
7	123456838	181	21	36	12	0	0	0	0	0	0	2	0	0	0	3	1	0	14	4	0	2	4	74	34	0	0	0	26	[]	0	10
8	123456838	94	100	36	19	0	0	0	0	0	0	2	1	0	0	3	1	0	20	4	0	3	4	74	34	0	0	0	31	[]	0	11
9	123456838	47	113	69	19	0	0	0	0	0	0	2	2	0	0	3	1	0	21	4	0	4	4	74	34	0	0	0	34	[]	0	12
10	123456838	44	80	92	26	0	0	0	0	0	0	6	2	0	0	4	2	0	25	6	0	8	6	74	34	0	0	0	35	[]	0	12
11	123456838	41	63	99	37	0	0	0	0	0	0	5	4	0	0	5	2	0	29	7	0	9	7	74	34	0	0	0	36	[]	0	12
12	123456838	37	52	105	45	0	0	0	0	0	0	5	4	0	0	4	4	0	30	8	0	9	8	74	34	0	0	0	36	[]	0	12
13	123456838	37	40	101	61	0	0	0	0	0	0	4	5	0	0	5	3	0	31	9	0	9	9	74	34	0	0	0	36	[]	0	12
14	123456838	36	32	93	75	0	0	0	0	0	0	4	6	0	0	7	3	0	32	12	0	10	12	74	34	0	0	0	37	[]	0	12
15	123456838	28	32	78	97	0	0	0	0	0	0	3	7	0	0	6	5	0	34	13	0	10	13	74	34	0	0	0	37	[]	0	12
16	123456838	18	36	68	116	0	0	0	0	0	0	3	6	0	0	5	4	0	36	13	0	10	13	74	34	0	0	0	38	[]	0	12
17	123456838	13	28	67	131	0	0	0	0	0	0	3	5	0	0	5	4	0	37	13	0	10	13	74	34	0	0	0	38	[]	0	12
18	123456838	12	22	61	142	0	0	0	0	0	0	3	4	0	0	8	4	0	37	16	0	10	16	74	34	0	0	0	38	[]	0	12
19	123456838	11	14	58	153	0	0	0	0	0	0	2	4	0	0	10	4	0	37	18	0	10	18	74	34	0	0	0	38	[]	0	12
20	123456838	11	8	54	166	0	0	0	0	0	0	1	1	0	0	13	2	0	38	21	0	10	21	74	34	0	0	0	38	[]	0	12
21	123456838	11	4	51	173	0	0	0	0	0	0	0	1	0	0	15	1	0	39	23	0	10	23	74	34	0	0	0	38	[]	0	12
22	123456838	10	5	40	183	0	0	0	0	0	0	0	1	0	0	16	1	0	44	25	0	10	25	74	34	0	0	0	38	[]	0	12
23	123456838	9	5	33	190	0	0	0	0	0	0	0	1	0	0	14	4	0	45	27	0	10	27	74	34	0	0	0	38	[]	0	12
24	123456838	9	3	28	200	0	0	0	0	0	0	0	0	0	0	12	4	0	45	28	0	10	28	74	34	0	0	0	38	[]	0	11
25	123456838	9	2	26	204	0	0	0	0	0	0	0	0	0	0	11	4	0	46	28	0	10	28	74	34	0	0	0	38	[]	0	11
26	123456838	9	1	20	210	0	0	0	0	0	0	0	0	0	0	9	7	0	49	29	0	10	29	74	34	0	0	0	38	[]	0	11
27	123456838	9	1	14	215	0	0	0	0	0	0	0	0	0	0	9	8	0	51	30	0	10	30	74	34	0	0	0	38	[]	0	10
28	123456838	9	1	12	220	0	0	0	0	0	0	0	0	0	0	7	7	0	53	30	0	10	30	74	34	0	0	0	38	[]	0	9
29	123456838	9	0	11	223	0	0	0	0	0	0	0	0	0	0	6	7	0	54	31	0	10	31	74	34	0	0	0	38	[]	0	8
30	123456838	7	2	7	229	0	0	0	0	0	0	0	0	0	0	4	7	0	58	32	0	10	32	74	34	0	0	0	38	[]	0	6
31	123456838	5	4	5	233	0	0	0	0	0	0	0	0	0	0	3	6	0	60	32	0	10	32	74	34	0	0	0	39	[]	0	4
32	123456838	4	3	7	235	0	0	0	0	0	0	0	0	0	0	2	5	0	60	32	0	10	32	74	34	0	0	0	39	[]	0	4
33	123456838	4	1	7	239	0	0	0	0	0	0	0	0	0	0	1	4	0	63	32	0	10	32	74	34	0	0	0	39	[]	0	3
34	123456838	4	1	6	240	0	0	0	0	0	0	0	0	0	0	2	3	0	65	33	0	10	33	74	34	0	0	0	39	[]	0	3
35	123456838	4	1	2	243	0	0	0	0	0	0	0	0	0	0	3	3	0	69	34	0	10	34	74	34	0	0	0	39	[]	0	3
36	123456838	4	0	3	244	0	0	0	0	0	0	0	0	0	0	2	3	0	70	34	0	10	34	74	34	0	0	0	39	[]	0	3
37	123456838	4	0	2	245	0	0	0	0	0	0	0	0	0	0	3	2	0	71	35	0	10	35	74	34	0	0	0	39	[]	0	3
38	123456838	4	0	2	245	0	0	0	0	0	0	0	0	0	0	2	3	0	74	35	0	10	35	74	34	0	0	0	39	[]	0	2
39	123456838	4	0	2	246	0	0	0	0	0	0	0	0	0	0	2	2	0	74	35	0	10	35	74	34	0	0	0	39	[]	0	2
40	123456838	4	0	1	248	0	0	0	0	0	0	0	0	0	0	2	1	0	75	35	0	10	35	74	34	0	0	0	39	[]	0	2
41	123456838	3	1	1	248	0	0	0	0	0	0	0	0	0	0	1	2	0	78	35	0	10	35	74	34	0	0	0	40	[]	0	1
42	123456838	3	1	1	248	0	0	0	0	0	0	0	0	0	0	1	2	0	80	35	0	10	35	74	34	0	0	0	40	[]	0	1
43	123456838	3	1	1	248	0	0	0	0	0	0	0	0	0	0	0	3	0	82	35	0	10	35	74	34	0	0	0	40	[]	0	1
44	123456838	3	1	0	250	0	0	0	0	0	0	0	0	0	0	0	2	0	84	35	0	10	35	74	34	0	0	0	40	[]	0	0
45	123456838	3	0	1	251	0	0	0	0	0	0	0	0	0	0	0	1	0	87	35	0	10	35	74	34	0	0	0	40	[]	0	0
46	123456838	3	0	1	251	0	0	0	0	0	0	0	0	0	0	0	1	0	87	35	0	10	35	74	34	0	0	0	40	[]	0	0
47	123456838	2	1	0	253	0	0	0	0	0	0	0	0	0	0	0	0	0	88	35	0	10	35	74	34	0	0	0	41	[]	0	0
48	123456838	2	1	0	253	0	0	0	0	0	0	0	0	0	0	0	0	0	90	35	0	10	35	74	34	0	0	0	41	[]	0	0
49	123456838	2	1	0	253	0	0	0	0	0	0	0	0	0	0	0	0	0	90	35	0	10	35	74	34	0	0	0	41	[]	0	0
50	123456838	2	0	1	253	0	0	0	0	0	0	0	0	0	0	0	0	0	91	35	0	10	35	74	34	0	0	0	41	[]	0	0
51	123456838	2	0	1	253	0	0	0	0	0	0	0	0	0	0	0	0	0	93	35	0	10	35	74	34	0	0	0	41	[]	0	0
52	123456838	2	0	1	253	0	0	0	0	0	0	0	0	0	0	0	0	0	94	35	0	10	35	74	34	0	0	0	41	[]	0	0
53	123456838	2	0	1	253	0	0	0	0	0	0	0	0	0	0	0	0	0	96	35	0	10	35	74	34	0	0	0	41	[]	0	0
54	123456838	2	0	0	254	0	0	0	0	0	0	0	0	0	0	0	0	0	100	35	0	10	35	74	34	0	0	0	41	[]	0	0
55	123456838	2	0	0	254	0	0	0	0	0	0	0	0	0	0	0	0	0	103	35	0	10	35	74	34	0	0	0	41	[]	0	0
56	123456838	2	0	0	254	0	0	0	0	0	0	0	0	0	0	0	0	0	106	35	0	10	35	74	34	0	0	0	41	[]	0	0
57	123456838	2	0	0	254	0	0	0	0	0	0	0	0	0	0	0	0	0	107	35	0	10	35	74	34	0	0	0	41	[]	0	0
58	123456838	2	0	0	254	0	0	0	0	0	0	0	0	0	0	0	0	0	109	35	0	10	35	74	34	0	0	0	41	[]	0	0
59	123456838	2	0	0	254	0	0	0	0	0	0	0	0	0	0	0	0	0	110	35	0	10	35	74	34	0	0	0	41	[]	0	0
60	123456838	2	0	0	254	0	0	0	0	0	0	0	0	0	0	0	0	0	110	35	0	10	35	74	34	0	0	0	41	[]	0	0
