day	seedRun	susceptible	exposed	infected	removed	susceptible-in-quarantine	exposed-in-quarantine	infected-in-quarantine	removed-in-quarantine	susceptible-in-quarantine-external-1	exposed-in-quarantine-external-1	infected-in-quarantine-external-1	removed-in-quarantine-external-1	susceptible-in-quarantine-external-2	exposed-in-quarantine-external-2	infected-in-quarantine-external-2	removed-in-quarantine-external-2	num-of-screened-agents	num-of-screened-agents-external-1	num-of-screened-agents-external-2	num-of-positive-agents	num-of-positive-agents-external-1	num-of-positive-agents-external-2	num-vaccinated	num-immunized	num-immunized-in-quarantine	num-immunized-in-quarantine-external-1	num-immunized-in-quarantine-external-2	num-infected-outside	classroom-in-quarantine	num-of-classroom-in-quarantine	classroom-with-at-least-one-infected
0	123456857	253	0	0	0	0	0	0	0	0	0	0	0	0	0	0	0	0	0	0	0	0	0	74	37	0	0	0	0	[]	0	0
1	123456857	245	8	0	0	0	0	0	0	0	0	0	0	0	0	0	0	0	1	0	0	0	0	74	37	0	0	0	8	[]	0	0
2	123456857	236	16	1	0	0	0	0	0	0	0	0	0	0	0	0	0	0	1	0	0	0	0	74	37	0	0	0	13	[]	0	1
3	123456857	169	75	8	1	0	0	0	0	0	0	0	0	0	0	0	0	0	5	0	0	0	0	74	37	0	0	0	19	[]	0	5
4	123456857	118	110	23	1	0	0	0	0	0	0	0	0	0	0	1	0	0	8	1	0	0	1	74	37	0	0	0	22	[]	0	8
5	123456857	94	109	46	1	0	0	0	0	0	0	1	0	0	0	2	0	0	9	2	0	1	2	74	37	0	0	0	24	[]	0	8
6	123456857	93	69	78	6	0	0	0	0	0	0	2	0	0	0	5	0	0	10	5	0	2	5	74	37	0	0	0	25	[]	0	10
7	123456857	91	55	85	14	0	0	0	0	0	0	2	0	0	0	5	1	0	10	6	0	2	6	74	37	0	0	0	27	[]	0	11
8	123456857	46	85	84	25	0	0	0	0	0	0	2	0	0	0	8	3	0	11	11	0	2	11	74	37	0	0	0	30	[]	0	12
9	123456857	23	79	104	29	0	0	0	0	0	0	3	0	0	0	11	4	0	12	15	0	3	15	74	37	0	0	0	33	[]	0	12
10	123456857	17	65	107	39	0	0	0	0	0	0	5	0	0	0	16	4	0	14	20	0	5	20	74	37	0	0	0	34	[]	0	12
11	123456857	15	49	102	56	0	0	0	0	0	0	4	1	0	0	20	6	0	17	26	0	5	26	74	37	0	0	0	36	[]	0	12
12	123456857	13	40	98	70	0	0	0	0	0	0	4	1	0	0	18	9	0	19	27	0	5	27	74	37	0	0	0	37	[]	0	12
13	123456857	13	27	95	86	0	0	0	0	0	0	4	1	0	0	16	11	0	19	27	0	5	27	74	37	0	0	0	37	[]	0	12
14	123456857	13	20	86	103	0	0	0	0	0	0	3	2	0	0	13	13	0	19	27	0	5	27	74	37	0	0	0	37	[]	0	12
15	123456857	4	22	77	119	0	0	0	0	0	0	2	2	0	0	12	15	0	20	29	0	5	29	74	37	0	0	0	38	[]	0	12
16	123456857	4	21	67	134	0	0	0	0	0	0	2	1	0	0	9	15	0	22	29	0	5	29	74	37	0	0	0	38	[]	0	12
17	123456857	3	17	61	143	0	0	0	0	0	0	2	1	0	0	12	14	0	23	32	0	5	32	74	37	0	0	0	39	[]	0	12
18	123456857	2	14	57	156	0	0	0	0	0	0	2	1	0	0	11	10	0	23	32	0	5	32	74	37	0	0	0	39	[]	0	12
19	123456857	2	8	56	167	0	0	0	0	0	0	1	1	0	0	10	8	0	28	33	0	5	33	74	37	0	0	0	39	[]	0	12
20	123456857	2	7	46	184	0	0	0	0	0	0	0	0	0	0	7	7	0	30	34	0	5	34	74	37	0	0	0	39	[]	0	11
21	123456857	2	4	42	196	0	0	0	0	0	0	1	0	0	0	6	2	0	34	34	0	6	34	74	37	0	0	0	39	[]	0	11
22	123456857	2	3	37	201	0	0	0	0	0	0	1	0	0	0	8	1	0	37	36	0	6	36	74	37	0	0	0	39	[]	0	11
23	123456857	2	2	32	206	0	0	0	0	0	0	1	0	0	0	8	2	0	39	37	0	6	37	74	37	0	0	0	39	[]	0	11
24	123456857	1	3	28	210	0	0	0	0	0	0	1	0	0	0	5	5	0	40	37	0	6	37	74	37	0	0	0	40	[]	0	10
25	123456857	1	3	23	216	0	0	0	0	0	0	1	0	0	0	5	4	0	40	38	0	6	38	74	37	0	0	0	40	[]	0	9
26	123456857	1	3	19	220	0	0	0	0	0	0	1	0	0	0	4	5	0	40	38	0	6	38	74	37	0	0	0	40	[]	0	8
27	123456857	1	2	17	225	0	0	0	0	0	0	1	0	0	0	5	2	0	42	39	0	6	39	74	37	0	0	0	40	[]	0	8
28	123456857	1	0	14	230	0	0	0	0	0	0	1	0	0	0	5	2	0	43	39	0	6	39	74	37	0	0	0	40	[]	0	8
29	123456857	1	0	12	233	0	0	0	0	0	0	1	0	0	0	4	2	0	44	39	0	6	39	74	37	0	0	0	40	[]	0	6
30	123456857	1	0	12	234	0	0	0	0	0	0	1	0	0	0	2	3	0	45	39	0	6	39	74	37	0	0	0	40	[]	0	6
31	123456857	1	0	11	236	0	0	0	0	0	0	0	0	0	0	1	4	0	45	39	0	6	39	74	37	0	0	0	40	[]	0	5
32	123456857	1	0	10	239	0	0	0	0	0	0	0	0	0	0	0	3	0	46	39	0	6	39	74	37	0	0	0	40	[]	0	3
33	123456857	1	0	7	243	0	0	0	0	0	0	0	0	0	0	0	2	0	49	39	0	6	39	74	37	0	0	0	40	[]	0	2
34	123456857	1	0	5	245	0	0	0	0	0	0	0	0	0	0	0	2	0	54	39	0	6	39	74	37	0	0	0	40	[]	0	2
35	123456857	1	0	3	248	0	0	0	0	0	0	0	0	0	0	0	1	0	55	39	0	6	39	74	37	0	0	0	40	[]	0	1
36	123456857	1	0	2	249	0	0	0	0	0	0	0	0	0	0	0	1	0	56	39	0	6	39	74	37	0	0	0	40	[]	0	0
37	123456857	1	0	2	250	0	0	0	0	0	0	0	0	0	0	0	0	0	58	39	0	6	39	74	37	0	0	0	40	[]	0	0
38	123456857	1	0	2	250	0	0	0	0	0	0	0	0	0	0	0	0	0	60	39	0	6	39	74	37	0	0	0	40	[]	0	0
39	123456857	1	0	2	250	0	0	0	0	0	0	0	0	0	0	0	0	0	63	39	0	6	39	74	37	0	0	0	40	[]	0	0
40	123456857	1	0	2	250	0	0	0	0	0	0	0	0	0	0	0	0	0	66	39	0	6	39	74	37	0	0	0	40	[]	0	0
41	123456857	1	0	2	250	0	0	0	0	0	0	0	0	0	0	0	0	0	67	39	0	6	39	74	37	0	0	0	40	[]	0	0
42	123456857	1	0	2	250	0	0	0	0	0	0	0	0	0	0	0	0	0	67	39	0	6	39	74	37	0	0	0	40	[]	0	0
43	123456857	1	0	2	250	0	0	0	0	0	0	0	0	0	0	0	0	0	68	39	0	6	39	74	37	0	0	0	40	[]	0	0
44	123456857	1	0	1	251	0	0	0	0	0	0	0	0	0	0	0	0	0	71	39	0	6	39	74	37	0	0	0	40	[]	0	0
45	123456857	1	0	1	251	0	0	0	0	0	0	0	0	0	0	0	0	0	72	39	0	6	39	74	37	0	0	0	40	[]	0	0
46	123456857	1	0	1	251	0	0	0	0	0	0	0	0	0	0	0	0	0	72	39	0	6	39	74	37	0	0	0	40	[]	0	0
47	123456857	1	0	1	251	0	0	0	0	0	0	0	0	0	0	0	0	0	75	39	0	6	39	74	37	0	0	0	40	[]	0	0
48	123456857	1	0	1	251	0	0	0	0	0	0	0	0	0	0	0	0	0	76	39	0	6	39	74	37	0	0	0	40	[]	0	0
49	123456857	1	0	1	251	0	0	0	0	0	0	0	0	0	0	0	0	0	80	39	0	6	39	74	37	0	0	0	40	[]	0	0
50	123456857	1	0	1	251	0	0	0	0	0	0	0	0	0	0	0	0	0	81	39	0	6	39	74	37	0	0	0	40	[]	0	0
51	123456857	0	1	1	251	0	0	0	0	0	0	0	0	0	0	0	0	0	83	39	0	6	39	74	37	0	0	0	41	[]	0	0
52	123456857	0	1	1	251	0	0	0	0	0	0	0	0	0	0	0	0	0	83	39	0	6	39	74	37	0	0	0	41	[]	0	0
53	123456857	0	0	2	251	0	0	0	0	0	0	0	0	0	0	0	0	0	85	39	0	6	39	74	37	0	0	0	41	[]	0	0
54	123456857	0	0	2	251	0	0	0	0	0	0	0	0	0	0	0	0	0	85	39	0	6	39	74	37	0	0	0	41	[]	0	0
55	123456857	0	0	2	251	0	0	0	0	0	0	0	0	0	0	0	0	0	85	39	0	6	39	74	37	0	0	0	41	[]	0	0
56	123456857	0	0	2	251	0	0	0	0	0	0	0	0	0	0	0	0	0	89	39	0	6	39	74	37	0	0	0	41	[]	0	0
57	123456857	0	0	2	251	0	0	0	0	0	0	0	0	0	0	0	0	0	89	39	0	6	39	74	37	0	0	0	41	[]	0	0
58	123456857	0	0	2	251	0	0	0	0	0	0	0	0	0	0	0	0	0	90	39	0	6	39	74	37	0	0	0	41	[]	0	0
59	123456857	0	0	2	251	0	0	0	0	0	0	0	0	0	0	0	0	0	91	39	0	6	39	74	37	0	0	0	41	[]	0	0
60	123456857	0	0	2	251	0	0	0	0	0	0	0	0	0	0	0	0	0	91	39	0	6	39	74	37	0	0	0	41	[]	0	0
