day	seedRun	susceptible	exposed	infected	removed	susceptible-in-quarantine	exposed-in-quarantine	infected-in-quarantine	removed-in-quarantine	susceptible-in-quarantine-external-1	exposed-in-quarantine-external-1	infected-in-quarantine-external-1	removed-in-quarantine-external-1	susceptible-in-quarantine-external-2	exposed-in-quarantine-external-2	infected-in-quarantine-external-2	removed-in-quarantine-external-2	num-of-screened-agents	num-of-screened-agents-external-1	num-of-screened-agents-external-2	num-of-positive-agents	num-of-positive-agents-external-1	num-of-positive-agents-external-2	num-vaccinated	num-immunized	num-immunized-in-quarantine	num-immunized-in-quarantine-external-1	num-immunized-in-quarantine-external-2	num-infected-outside	classroom-in-quarantine	num-of-classroom-in-quarantine	classroom-with-at-least-one-infected
0	123457259	264	0	0	0	0	0	0	0	0	0	0	0	0	0	0	0	0	0	0	0	0	0	50	26	0	0	0	0	[]	0	0
1	123457259	264	0	0	0	0	0	0	0	0	0	0	0	0	0	0	0	0	2	0	0	0	0	50	26	0	0	0	0	[]	0	0
2	123457259	262	2	0	0	0	0	0	0	0	0	0	0	0	0	0	0	0	4	0	0	0	0	50	26	0	0	0	2	[]	0	0
3	123457259	253	10	1	0	0	0	0	0	0	0	0	0	0	0	0	0	0	6	0	0	0	0	50	26	0	0	0	2	[]	0	1
4	123457259	253	7	0	0	0	0	3	0	0	0	0	0	0	0	1	0	19	8	1	3	0	1	50	26	0	0	0	2	[]	0	1
5	123457259	247	12	1	0	0	0	3	0	0	0	0	0	0	0	1	0	19	9	1	3	0	1	50	26	0	0	0	2	[]	0	1
6	123457259	246	9	5	0	0	0	2	1	0	0	0	0	0	0	1	0	19	11	1	3	0	1	50	26	0	0	0	3	[]	0	1
7	123457259	245	6	8	1	0	0	2	1	0	0	0	0	0	0	0	1	19	15	1	3	0	1	50	26	0	0	0	4	[]	0	2
8	123457259	195	53	9	3	0	0	2	1	0	0	0	0	0	0	0	1	19	19	1	3	0	1	50	26	0	0	0	4	[]	0	4
9	123457259	150	74	18	0	0	4	10	6	0	0	0	0	0	0	1	1	54	23	2	9	0	2	50	26	0	0	0	4	[2A]	1	5
10	123457259	113	96	32	1	0	3	9	8	0	0	0	0	0	0	1	1	54	24	2	9	0	2	50	26	0	0	0	4	[2A]	1	7
11	123457259	77	106	54	5	0	2	9	9	0	0	0	0	0	0	1	1	54	24	2	9	0	2	50	26	0	0	0	4	[2A]	1	8
12	123457259	45	88	41	5	0	22	43	14	0	0	0	0	0	0	5	1	130	25	6	42	0	6	50	26	0	0	0	5	[2A 3C 1A 2D]	4	11
13	123457259	45	59	43	9	0	17	64	19	0	0	1	0	0	0	5	2	168	29	7	58	1	7	50	26	0	0	0	5	[2A 3C 1A 2D 3A]	5	12
14	123457259	45	38	46	9	0	15	70	33	0	0	1	0	0	0	5	2	186	29	7	69	1	7	50	26	0	0	0	5	[2A 3C 1A 2D 3A 1C]	6	12
15	123457259	5	66	49	18	0	11	65	42	0	0	0	1	0	0	4	3	186	29	7	69	1	7	50	26	0	0	0	5	[2A 3C 1A 2D 3A 1C]	6	12
16	123457259	1	53	47	17	0	11	70	56	0	0	0	1	0	0	4	4	205	29	8	77	1	8	50	26	0	0	0	5	[2A 3C 1A 2D 3A 1C 1B]	7	12
17	123457259	0	27	38	16	0	16	85	72	0	0	0	1	0	0	4	5	241	29	9	96	1	9	50	26	0	0	0	5	[2A 3C 1A 2D 3A 1C 1B 2C 1D]	9	12
18	123457259	0	12	34	18	0	10	87	93	0	0	0	1	0	0	3	6	258	29	9	105	1	9	50	26	0	0	0	5	[2A 3C 1A 2D 3A 1C 1B 2C 1D 3D]	10	12
19	123457259	0	9	26	29	0	6	86	98	0	0	1	1	0	0	2	6	277	30	9	112	2	9	50	26	0	0	0	5	[3C 1A 2D 3A 1C 1B 2C 1D 3D 2B]	10	11
20	123457259	0	8	22	34	0	4	83	103	0	0	1	1	0	0	2	6	277	30	9	112	2	9	50	26	0	0	0	5	[3C 1A 2D 3A 1C 1B 2C 1D 3D 2B]	10	11
21	123457259	0	5	20	39	0	2	72	116	0	0	1	1	0	0	2	6	277	32	9	112	2	9	50	26	0	0	0	5	[3C 1A 2D 3A 1C 1B 2C 1D 3D 2B]	10	11
22	123457259	0	3	18	103	0	2	48	83	0	0	1	1	0	0	2	3	277	32	9	112	2	9	50	26	0	0	0	5	[3A 1C 1B 2C 1D 3D 2B]	7	8
23	123457259	0	1	16	127	0	2	35	77	0	0	1	1	0	0	2	2	277	33	9	112	2	9	50	26	0	0	0	5	[1C 1B 2C 1D 3D 2B]	6	7
24	123457259	0	1	12	151	0	0	31	64	0	0	1	1	0	0	2	1	277	34	9	112	2	9	50	26	0	0	0	5	[1B 2C 1D 3D 2B]	5	6
25	123457259	0	1	12	151	0	0	26	69	0	0	0	2	0	0	2	1	277	34	9	112	2	9	50	26	0	0	0	5	[1B 2C 1D 3D 2B]	5	6
26	123457259	0	1	9	174	0	0	16	60	0	0	0	2	0	0	1	1	277	38	9	112	2	9	50	26	0	0	0	5	[2C 1D 3D 2B]	4	5
27	123457259	0	0	4	200	0	1	10	46	0	0	0	2	0	0	1	0	296	38	10	116	2	10	50	26	0	0	0	5	[3D 2B 3B]	3	3
28	123457259	0	0	4	220	0	0	6	32	0	0	0	1	0	0	1	0	296	40	10	116	2	10	50	26	0	0	0	5	[2B 3B]	2	2
29	123457259	0	0	3	241	0	0	4	15	0	0	0	0	0	0	1	0	296	40	10	116	2	10	50	26	0	0	0	5	[3B]	1	1
30	123457259	0	0	2	242	0	0	3	16	0	0	0	0	0	0	1	0	296	40	10	116	2	10	50	26	0	0	0	5	[3B]	1	1
31	123457259	0	0	2	242	0	0	2	17	0	0	0	0	0	0	1	0	296	41	10	116	2	10	50	26	0	0	0	5	[3B]	1	1
32	123457259	0	0	2	242	0	0	1	18	0	0	0	0	0	0	0	1	296	41	10	116	2	10	50	26	0	0	0	5	[3B]	1	1
33	123457259	0	0	2	242	0	0	1	18	0	0	0	0	0	0	0	1	296	44	10	116	2	10	50	26	0	0	0	5	[3B]	1	1
34	123457259	0	0	2	242	0	0	0	19	0	0	0	0	0	0	0	1	296	46	10	116	2	10	50	26	0	0	0	5	[3B]	1	0
35	123457259	0	0	2	242	0	0	0	19	0	0	0	0	0	0	0	1	296	48	10	116	2	10	50	26	0	0	0	5	[3B]	1	0
36	123457259	0	0	2	242	0	0	0	19	0	0	0	0	0	0	0	1	296	49	10	116	2	10	50	26	0	0	0	5	[3B]	1	0
37	123457259	0	0	2	262	0	0	0	0	0	0	0	0	0	0	0	0	296	51	10	116	2	10	50	26	0	0	0	5	[]	0	0
38	123457259	0	0	2	262	0	0	0	0	0	0	0	0	0	0	0	0	296	52	10	116	2	10	50	26	0	0	0	5	[]	0	0
39	123457259	0	0	0	264	0	0	0	0	0	0	0	0	0	0	0	0	296	53	10	116	2	10	50	26	0	0	0	5	[]	0	0
40	123457259	0	0	0	264	0	0	0	0	0	0	0	0	0	0	0	0	296	54	10	116	2	10	50	26	0	0	0	5	[]	0	0
41	123457259	0	0	0	264	0	0	0	0	0	0	0	0	0	0	0	0	296	59	10	116	2	10	50	26	0	0	0	5	[]	0	0
42	123457259	0	0	0	264	0	0	0	0	0	0	0	0	0	0	0	0	296	61	10	116	2	10	50	26	0	0	0	5	[]	0	0
43	123457259	0	0	0	264	0	0	0	0	0	0	0	0	0	0	0	0	296	61	10	116	2	10	50	26	0	0	0	5	[]	0	0
44	123457259	0	0	0	264	0	0	0	0	0	0	0	0	0	0	0	0	296	61	10	116	2	10	50	26	0	0	0	5	[]	0	0
45	123457259	0	0	0	264	0	0	0	0	0	0	0	0	0	0	0	0	296	64	10	116	2	10	50	26	0	0	0	5	[]	0	0
46	123457259	0	0	0	264	0	0	0	0	0	0	0	0	0	0	0	0	296	67	10	116	2	10	50	26	0	0	0	5	[]	0	0
47	123457259	0	0	0	264	0	0	0	0	0	0	0	0	0	0	0	0	296	69	10	116	2	10	50	26	0	0	0	5	[]	0	0
48	123457259	0	0	0	264	0	0	0	0	0	0	0	0	0	0	0	0	296	73	10	116	2	10	50	26	0	0	0	5	[]	0	0
49	123457259	0	0	0	264	0	0	0	0	0	0	0	0	0	0	0	0	296	76	10	116	2	10	50	26	0	0	0	5	[]	0	0
50	123457259	0	0	0	264	0	0	0	0	0	0	0	0	0	0	0	0	296	77	10	116	2	10	50	26	0	0	0	5	[]	0	0
51	123457259	0	0	0	264	0	0	0	0	0	0	0	0	0	0	0	0	296	81	10	116	2	10	50	26	0	0	0	5	[]	0	0
52	123457259	0	0	0	264	0	0	0	0	0	0	0	0	0	0	0	0	296	84	10	116	2	10	50	26	0	0	0	5	[]	0	0
53	123457259	0	0	0	264	0	0	0	0	0	0	0	0	0	0	0	0	296	90	10	116	2	10	50	26	0	0	0	5	[]	0	0
54	123457259	0	0	0	264	0	0	0	0	0	0	0	0	0	0	0	0	296	92	10	116	2	10	50	26	0	0	0	5	[]	0	0
55	123457259	0	0	0	264	0	0	0	0	0	0	0	0	0	0	0	0	296	94	10	116	2	10	50	26	0	0	0	5	[]	0	0
56	123457259	0	0	0	264	0	0	0	0	0	0	0	0	0	0	0	0	296	95	10	116	2	10	50	26	0	0	0	5	[]	0	0
57	123457259	0	0	0	264	0	0	0	0	0	0	0	0	0	0	0	0	296	96	10	116	2	10	50	26	0	0	0	5	[]	0	0
58	123457259	0	0	0	264	0	0	0	0	0	0	0	0	0	0	0	0	296	98	10	116	2	10	50	26	0	0	0	5	[]	0	0
59	123457259	0	0	0	264	0	0	0	0	0	0	0	0	0	0	0	0	296	101	10	116	2	10	50	26	0	0	0	5	[]	0	0
60	123457259	0	0	0	264	0	0	0	0	0	0	0	0	0	0	0	0	296	103	10	116	2	10	50	26	0	0	0	5	[]	0	0
