day	seedRun	susceptible	exposed	infected	removed	susceptible-in-quarantine	exposed-in-quarantine	infected-in-quarantine	removed-in-quarantine	susceptible-in-quarantine-external-1	exposed-in-quarantine-external-1	infected-in-quarantine-external-1	removed-in-quarantine-external-1	susceptible-in-quarantine-external-2	exposed-in-quarantine-external-2	infected-in-quarantine-external-2	removed-in-quarantine-external-2	num-of-screened-agents	num-of-screened-agents-external-1	num-of-screened-agents-external-2	num-of-positive-agents	num-of-positive-agents-external-1	num-of-positive-agents-external-2	num-vaccinated	num-immunized	num-immunized-in-quarantine	num-immunized-in-quarantine-external-1	num-immunized-in-quarantine-external-2	num-infected-outside	classroom-in-quarantine	num-of-classroom-in-quarantine	classroom-with-at-least-one-infected
0	123457113	240	0	0	0	0	0	0	0	0	0	0	0	0	0	0	0	0	0	0	0	0	0	50	50	0	0	0	0	[]	0	0
1	123457113	232	8	0	0	0	0	0	0	0	0	0	0	0	0	0	0	0	0	0	0	0	0	50	50	0	0	0	8	[]	0	0
2	123457113	219	20	1	0	0	0	0	0	0	0	0	0	0	0	0	0	0	0	0	0	0	0	50	50	0	0	0	12	[]	0	1
3	123457113	177	51	10	1	0	0	0	0	0	0	1	0	0	0	0	0	0	3	0	0	1	0	50	50	0	0	0	16	[]	0	6
4	123457113	123	87	25	2	0	0	0	0	0	0	2	0	0	0	1	0	0	5	1	0	2	1	50	50	0	0	0	17	[]	0	8
5	123457113	73	111	47	5	0	0	0	0	0	0	3	0	0	0	1	0	0	6	1	0	3	1	50	50	0	0	0	19	[]	0	10
6	123457113	73	72	78	11	0	0	0	0	0	0	3	0	0	0	3	0	0	8	3	0	3	3	50	50	0	0	0	19	[]	0	11
7	123457113	70	58	83	17	0	0	0	0	0	0	3	0	0	0	8	1	0	12	9	0	3	9	50	50	0	0	0	22	[]	0	11
8	123457113	23	92	86	26	0	0	0	0	0	0	3	1	0	0	7	2	0	14	9	0	4	9	50	50	0	0	0	23	[]	0	11
9	123457113	11	77	92	43	0	0	0	0	0	0	3	2	0	0	9	3	0	18	12	0	5	12	50	50	0	0	0	24	[]	0	12
10	123457113	8	62	95	53	0	0	0	0	0	0	3	2	0	0	13	4	0	18	17	0	5	17	50	50	0	0	0	24	[]	0	12
11	123457113	0	44	108	62	0	0	0	0	0	0	4	2	0	0	13	7	0	20	20	0	6	20	50	50	0	0	0	24	[]	0	12
12	123457113	0	36	96	78	0	0	0	0	0	0	5	2	0	0	14	9	0	21	23	0	7	23	50	50	0	0	0	24	[]	0	12
13	123457113	0	26	85	97	0	0	0	0	0	0	4	2	0	0	17	9	0	21	26	0	7	26	50	50	0	0	0	24	[]	0	12
14	123457113	0	22	78	106	0	0	0	0	0	0	4	2	0	0	17	11	0	24	29	0	8	29	50	50	0	0	0	24	[]	0	12
15	123457113	0	19	70	118	0	0	0	0	0	0	4	1	0	0	13	15	0	25	29	0	8	29	50	50	0	0	0	24	[]	0	12
16	123457113	0	14	66	126	0	0	0	0	0	0	3	2	0	0	16	13	0	27	32	0	8	32	50	50	0	0	0	24	[]	0	12
17	123457113	0	12	60	140	0	0	0	0	0	0	2	3	0	0	11	12	0	29	32	0	8	32	50	50	0	0	0	24	[]	0	12
18	123457113	0	8	53	151	0	0	0	0	0	0	2	2	0	0	9	15	0	29	33	0	8	33	50	50	0	0	0	24	[]	0	12
19	123457113	0	4	47	162	0	0	0	0	0	0	1	2	0	0	11	13	0	29	36	0	8	36	50	50	0	0	0	24	[]	0	12
20	123457113	0	2	42	171	0	0	0	0	0	0	2	2	0	0	9	12	0	32	38	0	9	38	50	50	0	0	0	24	[]	0	12
21	123457113	0	0	38	181	0	0	0	0	0	0	2	1	0	0	8	10	0	35	38	0	9	38	50	50	0	0	0	24	[]	0	12
22	123457113	0	0	32	189	0	0	0	0	0	0	2	0	0	0	10	7	0	36	40	0	9	40	50	50	0	0	0	24	[]	0	12
23	123457113	0	0	28	195	0	0	0	0	0	0	3	0	0	0	10	4	0	38	40	0	10	40	50	50	0	0	0	24	[]	0	11
24	123457113	0	0	23	204	0	0	0	0	0	0	1	1	0	0	9	2	0	38	40	0	10	40	50	50	0	0	0	24	[]	0	9
25	123457113	0	0	19	208	0	0	0	0	0	0	1	1	0	0	9	2	0	39	40	0	10	40	50	50	0	0	0	24	[]	0	9
26	123457113	0	0	19	211	0	0	0	0	0	0	1	1	0	0	7	1	0	43	40	0	10	40	50	50	0	0	0	24	[]	0	9
27	123457113	0	0	16	214	0	0	0	0	0	0	1	1	0	0	6	2	0	44	40	0	10	40	50	50	0	0	0	24	[]	0	9
28	123457113	0	0	12	218	0	0	0	0	0	0	2	1	0	0	5	2	0	45	40	0	11	40	50	50	0	0	0	24	[]	0	9
29	123457113	0	0	10	223	0	0	0	0	0	0	2	1	0	0	4	0	0	50	40	0	11	40	50	50	0	0	0	24	[]	0	8
30	123457113	0	0	7	229	0	0	0	0	0	0	1	1	0	0	1	1	0	50	40	0	11	40	50	50	0	0	0	24	[]	0	5
31	123457113	0	0	6	230	0	0	0	0	0	0	1	1	0	0	1	1	0	51	40	0	11	40	50	50	0	0	0	24	[]	0	5
32	123457113	0	0	6	232	0	0	0	0	0	0	1	1	0	0	0	0	0	51	40	0	11	40	50	50	0	0	0	24	[]	0	5
33	123457113	0	0	5	234	0	0	0	0	0	0	0	1	0	0	0	0	0	52	40	0	11	40	50	50	0	0	0	24	[]	0	4
34	123457113	0	0	4	234	0	0	0	0	0	0	0	1	0	0	1	0	0	55	41	0	11	41	50	50	0	0	0	24	[]	0	4
35	123457113	0	0	2	235	0	0	0	0	0	0	0	1	0	0	2	0	0	57	42	0	11	42	50	50	0	0	0	24	[]	0	3
36	123457113	0	0	2	235	0	0	0	0	0	0	0	1	0	0	2	0	0	59	42	0	11	42	50	50	0	0	0	24	[]	0	3
37	123457113	0	0	2	235	0	0	0	0	0	0	0	1	0	0	2	0	0	67	42	0	11	42	50	50	0	0	0	24	[]	0	3
38	123457113	0	0	2	236	0	0	0	0	0	0	0	0	0	0	2	0	0	70	42	0	11	42	50	50	0	0	0	24	[]	0	3
39	123457113	0	0	2	236	0	0	0	0	0	0	0	0	0	0	2	0	0	71	42	0	11	42	50	50	0	0	0	24	[]	0	3
40	123457113	0	0	2	236	0	0	0	0	0	0	0	0	0	0	2	0	0	72	42	0	11	42	50	50	0	0	0	24	[]	0	3
41	123457113	0	0	2	236	0	0	0	0	0	0	0	0	0	0	2	0	0	73	42	0	11	42	50	50	0	0	0	24	[]	0	3
42	123457113	0	0	2	236	0	0	0	0	0	0	0	0	0	0	1	1	0	74	42	0	11	42	50	50	0	0	0	24	[]	0	3
43	123457113	0	0	2	236	0	0	0	0	0	0	0	0	0	0	1	1	0	77	42	0	11	42	50	50	0	0	0	24	[]	0	3
44	123457113	0	0	2	237	0	0	0	0	0	0	0	0	0	0	0	1	0	78	42	0	11	42	50	50	0	0	0	24	[]	0	2
45	123457113	0	0	1	239	0	0	0	0	0	0	0	0	0	0	0	0	0	79	42	0	11	42	50	50	0	0	0	24	[]	0	1
46	123457113	0	0	1	239	0	0	0	0	0	0	0	0	0	0	0	0	0	79	42	0	11	42	50	50	0	0	0	24	[]	0	1
47	123457113	0	0	1	239	0	0	0	0	0	0	0	0	0	0	0	0	0	80	42	0	11	42	50	50	0	0	0	24	[]	0	1
48	123457113	0	0	1	239	0	0	0	0	0	0	0	0	0	0	0	0	0	81	42	0	11	42	50	50	0	0	0	24	[]	0	1
49	123457113	0	0	1	239	0	0	0	0	0	0	0	0	0	0	0	0	0	82	42	0	11	42	50	50	0	0	0	24	[]	0	1
50	123457113	0	0	1	239	0	0	0	0	0	0	0	0	0	0	0	0	0	82	42	0	11	42	50	50	0	0	0	24	[]	0	1
51	123457113	0	0	1	239	0	0	0	0	0	0	0	0	0	0	0	0	0	82	42	0	11	42	50	50	0	0	0	24	[]	0	1
52	123457113	0	0	1	239	0	0	0	0	0	0	0	0	0	0	0	0	0	82	42	0	11	42	50	50	0	0	0	24	[]	0	1
53	123457113	0	0	0	240	0	0	0	0	0	0	0	0	0	0	0	0	0	83	42	0	11	42	50	50	0	0	0	24	[]	0	0
54	123457113	0	0	0	240	0	0	0	0	0	0	0	0	0	0	0	0	0	84	42	0	11	42	50	50	0	0	0	24	[]	0	0
55	123457113	0	0	0	240	0	0	0	0	0	0	0	0	0	0	0	0	0	87	42	0	11	42	50	50	0	0	0	24	[]	0	0
56	123457113	0	0	0	240	0	0	0	0	0	0	0	0	0	0	0	0	0	90	42	0	11	42	50	50	0	0	0	24	[]	0	0
57	123457113	0	0	0	240	0	0	0	0	0	0	0	0	0	0	0	0	0	91	42	0	11	42	50	50	0	0	0	24	[]	0	0
58	123457113	0	0	0	240	0	0	0	0	0	0	0	0	0	0	0	0	0	93	42	0	11	42	50	50	0	0	0	24	[]	0	0
59	123457113	0	0	0	240	0	0	0	0	0	0	0	0	0	0	0	0	0	94	42	0	11	42	50	50	0	0	0	24	[]	0	0
60	123457113	0	0	0	240	0	0	0	0	0	0	0	0	0	0	0	0	0	95	42	0	11	42	50	50	0	0	0	24	[]	0	0
