day	seedRun	susceptible	exposed	infected	removed	susceptible-in-quarantine	exposed-in-quarantine	infected-in-quarantine	removed-in-quarantine	susceptible-in-quarantine-external-1	exposed-in-quarantine-external-1	infected-in-quarantine-external-1	removed-in-quarantine-external-1	susceptible-in-quarantine-external-2	exposed-in-quarantine-external-2	infected-in-quarantine-external-2	removed-in-quarantine-external-2	num-of-screened-agents	num-of-screened-agents-external-1	num-of-screened-agents-external-2	num-of-positive-agents	num-of-positive-agents-external-1	num-of-positive-agents-external-2	num-vaccinated	num-immunized	num-immunized-in-quarantine	num-immunized-in-quarantine-external-1	num-immunized-in-quarantine-external-2	num-infected-outside	classroom-in-quarantine	num-of-classroom-in-quarantine	classroom-with-at-least-one-infected
0	123457100	240	0	0	0	0	0	0	0	0	0	0	0	0	0	0	0	0	0	0	0	0	0	50	50	0	0	0	0	[]	0	0
1	123457100	238	2	0	0	0	0	0	0	0	0	0	0	0	0	0	0	0	1	0	0	0	0	50	50	0	0	0	2	[]	0	0
2	123457100	224	15	1	0	0	0	0	0	0	0	0	0	0	0	0	0	0	2	0	0	0	0	50	50	0	0	0	7	[]	0	1
3	123457100	189	45	6	0	0	0	0	0	0	0	0	0	0	0	0	0	0	3	0	0	0	0	50	50	0	0	0	11	[]	0	3
4	123457100	168	58	10	3	0	0	0	0	0	0	0	0	0	0	1	0	0	5	1	0	0	1	50	50	0	0	0	17	[]	0	3
5	123457100	131	73	29	4	0	0	0	0	0	0	1	0	0	0	2	0	0	6	2	0	1	2	50	50	0	0	0	20	[]	0	6
6	123457100	125	50	52	8	0	0	0	0	0	0	1	0	0	0	4	0	0	8	4	0	1	4	50	50	0	0	0	26	[]	0	9
7	123457100	120	43	57	13	0	0	0	0	0	0	1	0	0	0	5	1	0	8	6	0	1	6	50	50	0	0	0	31	[]	0	10
8	123457100	64	87	58	23	0	0	0	0	0	0	1	0	0	0	5	2	0	9	7	0	1	7	50	50	0	0	0	33	[]	0	11
9	123457100	32	90	74	34	0	0	0	0	0	0	2	0	0	0	5	3	0	10	8	0	2	8	50	50	0	0	0	35	[]	0	11
10	123457100	20	81	84	43	0	0	0	0	0	0	2	0	0	0	6	4	0	10	10	0	2	10	50	50	0	0	0	35	[]	0	11
11	123457100	10	65	94	57	0	0	0	0	0	0	2	0	0	0	7	5	0	10	12	0	2	12	50	50	0	0	0	36	[]	0	12
12	123457100	8	51	95	67	0	0	0	0	0	0	2	1	0	0	11	5	0	12	16	0	3	16	50	50	0	0	0	36	[]	0	12
13	123457100	8	40	92	76	0	0	0	0	0	0	4	1	0	0	14	5	0	15	19	0	5	19	50	50	0	0	0	36	[]	0	12
14	123457100	7	34	84	90	0	0	0	0	0	0	2	3	0	0	15	5	0	15	21	0	5	21	50	50	0	0	0	37	[]	0	12
15	123457100	1	26	78	108	0	0	0	0	0	0	2	3	0	0	18	4	0	18	24	0	6	24	50	50	0	0	0	37	[]	0	12
16	123457100	0	22	68	124	0	0	0	0	0	0	1	4	0	0	15	6	0	19	25	0	6	25	50	50	0	0	0	37	[]	0	12
17	123457100	0	19	54	140	0	0	0	0	0	0	2	4	0	0	15	6	0	21	27	0	7	27	50	50	0	0	0	37	[]	0	12
18	123457100	0	16	42	154	0	0	0	0	0	0	2	4	0	0	13	9	0	23	29	0	7	29	50	50	0	0	0	37	[]	0	12
19	123457100	0	8	48	158	0	0	0	0	0	0	2	3	0	0	12	9	0	23	29	0	7	29	50	50	0	0	0	37	[]	0	12
20	123457100	0	7	39	167	0	0	0	0	0	0	2	3	0	0	12	10	0	24	32	0	7	32	50	50	0	0	0	37	[]	0	12
21	123457100	0	6	35	173	0	0	0	0	0	0	1	4	0	0	11	10	0	24	33	0	7	33	50	50	0	0	0	37	[]	0	12
22	123457100	0	3	30	184	0	0	0	0	0	0	2	3	0	0	9	9	0	27	34	0	8	34	50	50	0	0	0	37	[]	0	11
23	123457100	0	2	24	195	0	0	0	0	0	0	2	1	0	0	8	8	0	29	35	0	8	35	50	50	0	0	0	37	[]	0	11
24	123457100	0	0	25	198	0	0	0	0	0	0	2	1	0	0	6	8	0	30	35	0	8	35	50	50	0	0	0	37	[]	0	11
25	123457100	0	0	21	205	0	0	0	0	0	0	1	1	0	0	6	6	0	32	36	0	8	36	50	50	0	0	0	37	[]	0	11
26	123457100	0	0	16	210	0	0	0	0	0	0	1	1	0	0	7	5	0	33	37	0	8	37	50	50	0	0	0	37	[]	0	11
27	123457100	0	0	14	215	0	0	0	0	0	0	0	1	0	0	5	5	0	34	37	0	8	37	50	50	0	0	0	37	[]	0	10
28	123457100	0	0	11	220	0	0	0	0	0	0	0	1	0	0	4	4	0	36	37	0	8	37	50	50	0	0	0	37	[]	0	9
29	123457100	0	0	10	221	0	0	0	0	0	0	0	1	0	0	2	6	0	37	37	0	8	37	50	50	0	0	0	37	[]	0	8
30	123457100	0	0	8	226	0	0	0	0	0	0	0	1	0	0	1	4	0	39	37	0	8	37	50	50	0	0	0	37	[]	0	6
31	123457100	0	0	6	229	0	0	0	0	0	0	0	1	0	0	1	3	0	40	37	0	8	37	50	50	0	0	0	37	[]	0	5
32	123457100	0	0	5	232	0	0	0	0	0	0	0	0	0	0	1	2	0	41	37	0	8	37	50	50	0	0	0	37	[]	0	5
33	123457100	0	0	5	233	0	0	0	0	0	0	0	0	0	0	0	2	0	43	37	0	8	37	50	50	0	0	0	37	[]	0	4
34	123457100	0	0	5	233	0	0	0	0	0	0	0	0	0	0	0	2	0	47	37	0	8	37	50	50	0	0	0	37	[]	0	4
35	123457100	0	0	5	234	0	0	0	0	0	0	0	0	0	0	0	1	0	48	37	0	8	37	50	50	0	0	0	37	[]	0	4
36	123457100	0	0	4	236	0	0	0	0	0	0	0	0	0	0	0	0	0	52	37	0	8	37	50	50	0	0	0	37	[]	0	3
37	123457100	0	0	4	236	0	0	0	0	0	0	0	0	0	0	0	0	0	55	37	0	8	37	50	50	0	0	0	37	[]	0	3
38	123457100	0	0	2	237	0	0	0	0	0	0	0	0	0	0	1	0	0	57	38	0	8	38	50	50	0	0	0	37	[]	0	2
39	123457100	0	0	2	237	0	0	0	0	0	0	0	0	0	0	1	0	0	57	38	0	8	38	50	50	0	0	0	37	[]	0	2
40	123457100	0	0	2	237	0	0	0	0	0	0	0	0	0	0	1	0	0	58	38	0	8	38	50	50	0	0	0	37	[]	0	2
41	123457100	0	0	1	238	0	0	0	0	0	0	0	0	0	0	1	0	0	60	38	0	8	38	50	50	0	0	0	37	[]	0	1
42	123457100	0	0	1	238	0	0	0	0	0	0	0	0	0	0	0	1	0	63	38	0	8	38	50	50	0	0	0	37	[]	0	1
43	123457100	0	0	0	239	0	0	0	0	0	0	0	0	0	0	0	1	0	63	38	0	8	38	50	50	0	0	0	37	[]	0	0
44	123457100	0	0	0	239	0	0	0	0	0	0	0	0	0	0	0	1	0	65	38	0	8	38	50	50	0	0	0	37	[]	0	0
45	123457100	0	0	0	239	0	0	0	0	0	0	0	0	0	0	0	1	0	67	38	0	8	38	50	50	0	0	0	37	[]	0	0
46	123457100	0	0	0	239	0	0	0	0	0	0	0	0	0	0	0	1	0	69	38	0	8	38	50	50	0	0	0	37	[]	0	0
47	123457100	0	0	0	239	0	0	0	0	0	0	0	0	0	0	0	1	0	69	38	0	8	38	50	50	0	0	0	37	[]	0	0
48	123457100	0	0	0	240	0	0	0	0	0	0	0	0	0	0	0	0	0	73	38	0	8	38	50	50	0	0	0	37	[]	0	0
49	123457100	0	0	0	240	0	0	0	0	0	0	0	0	0	0	0	0	0	75	38	0	8	38	50	50	0	0	0	37	[]	0	0
50	123457100	0	0	0	240	0	0	0	0	0	0	0	0	0	0	0	0	0	76	38	0	8	38	50	50	0	0	0	37	[]	0	0
51	123457100	0	0	0	240	0	0	0	0	0	0	0	0	0	0	0	0	0	77	38	0	8	38	50	50	0	0	0	37	[]	0	0
52	123457100	0	0	0	240	0	0	0	0	0	0	0	0	0	0	0	0	0	78	38	0	8	38	50	50	0	0	0	37	[]	0	0
53	123457100	0	0	0	240	0	0	0	0	0	0	0	0	0	0	0	0	0	80	38	0	8	38	50	50	0	0	0	37	[]	0	0
54	123457100	0	0	0	240	0	0	0	0	0	0	0	0	0	0	0	0	0	82	38	0	8	38	50	50	0	0	0	37	[]	0	0
55	123457100	0	0	0	240	0	0	0	0	0	0	0	0	0	0	0	0	0	82	38	0	8	38	50	50	0	0	0	37	[]	0	0
56	123457100	0	0	0	240	0	0	0	0	0	0	0	0	0	0	0	0	0	86	38	0	8	38	50	50	0	0	0	37	[]	0	0
57	123457100	0	0	0	240	0	0	0	0	0	0	0	0	0	0	0	0	0	86	38	0	8	38	50	50	0	0	0	37	[]	0	0
58	123457100	0	0	0	240	0	0	0	0	0	0	0	0	0	0	0	0	0	87	38	0	8	38	50	50	0	0	0	37	[]	0	0
59	123457100	0	0	0	240	0	0	0	0	0	0	0	0	0	0	0	0	0	87	38	0	8	38	50	50	0	0	0	37	[]	0	0
60	123457100	0	0	0	240	0	0	0	0	0	0	0	0	0	0	0	0	0	88	38	0	8	38	50	50	0	0	0	37	[]	0	0
