day	seedRun	susceptible	exposed	infected	removed	susceptible-in-quarantine	exposed-in-quarantine	infected-in-quarantine	removed-in-quarantine	susceptible-in-quarantine-external-1	exposed-in-quarantine-external-1	infected-in-quarantine-external-1	removed-in-quarantine-external-1	susceptible-in-quarantine-external-2	exposed-in-quarantine-external-2	infected-in-quarantine-external-2	removed-in-quarantine-external-2	num-of-screened-agents	num-of-screened-agents-external-1	num-of-screened-agents-external-2	num-of-positive-agents	num-of-positive-agents-external-1	num-of-positive-agents-external-2	num-vaccinated	num-immunized	num-immunized-in-quarantine	num-immunized-in-quarantine-external-1	num-immunized-in-quarantine-external-2	num-infected-outside	classroom-in-quarantine	num-of-classroom-in-quarantine	classroom-with-at-least-one-infected
0	123457004	240	0	0	0	0	0	0	0	0	0	0	0	0	0	0	0	0	0	0	0	0	0	50	50	0	0	0	0	[]	0	0
1	123457004	235	5	0	0	0	0	0	0	0	0	0	0	0	0	0	0	0	0	0	0	0	0	50	50	0	0	0	5	[]	0	0
2	123457004	216	22	2	0	0	0	0	0	0	0	0	0	0	0	0	0	0	2	0	0	0	0	50	50	0	0	0	8	[]	0	2
3	123457004	184	50	5	1	0	0	0	0	0	0	0	0	0	0	0	0	0	3	0	0	0	0	50	50	0	0	0	14	[]	0	4
4	123457004	159	66	13	2	0	0	0	0	0	0	0	0	0	0	0	0	0	4	0	0	0	0	50	50	0	0	0	16	[]	0	4
5	123457004	125	82	27	5	0	0	0	0	0	0	0	0	0	0	1	0	0	7	1	0	0	1	50	50	0	0	0	20	[]	0	7
6	123457004	122	71	38	7	0	0	0	0	0	0	0	0	0	0	2	0	0	7	2	0	0	2	50	50	0	0	0	23	[]	0	7
7	123457004	121	49	57	9	0	0	0	0	0	0	0	0	0	0	3	1	0	7	4	0	0	4	50	50	0	0	0	24	[]	0	8
8	123457004	79	80	57	18	0	0	0	0	0	0	1	0	0	0	4	1	0	9	5	0	1	5	50	50	0	0	0	28	[]	0	9
9	123457004	47	83	71	30	0	0	0	0	0	0	1	0	0	0	5	3	0	9	8	0	1	8	50	50	0	0	0	29	[]	0	10
10	123457004	31	74	85	38	0	0	0	0	0	0	3	0	0	0	5	4	0	11	9	0	3	9	50	50	0	0	0	32	[]	0	10
11	123457004	18	66	85	53	0	0	0	0	0	0	4	0	0	0	9	5	0	15	14	0	4	14	50	50	0	0	0	33	[]	0	12
12	123457004	7	59	89	67	0	0	0	0	0	0	4	0	0	0	8	6	0	17	14	0	4	14	50	50	0	0	0	33	[]	0	12
13	123457004	7	45	92	75	0	0	0	0	0	0	4	0	0	0	11	6	0	19	17	0	4	17	50	50	0	0	0	33	[]	0	12
14	123457004	7	32	89	89	0	0	0	0	0	0	4	1	0	0	10	8	0	21	18	0	5	18	50	50	0	0	0	33	[]	0	12
15	123457004	0	29	87	99	0	0	0	0	0	0	4	1	0	0	10	10	0	23	21	0	5	21	50	50	0	0	0	33	[]	0	12
16	123457004	0	22	78	114	0	0	0	0	0	0	5	1	0	0	10	10	0	25	22	0	6	22	50	50	0	0	0	33	[]	0	12
17	123457004	0	16	68	129	0	0	0	0	0	0	6	1	0	0	10	10	0	26	24	0	7	24	50	50	0	0	0	33	[]	0	12
18	123457004	0	11	60	141	0	0	0	0	0	0	5	1	0	0	13	9	0	28	27	0	7	27	50	50	0	0	0	33	[]	0	12
19	123457004	0	6	50	158	0	0	0	0	0	0	5	1	0	0	11	9	0	28	28	0	7	28	50	50	0	0	0	33	[]	0	12
20	123457004	0	4	45	166	0	0	0	0	0	0	5	1	0	0	10	9	0	31	28	0	9	28	50	50	0	0	0	33	[]	0	12
21	123457004	0	3	38	180	0	0	0	0	0	0	4	1	0	0	8	6	0	31	28	0	9	28	50	50	0	0	0	33	[]	0	12
22	123457004	0	1	35	185	0	0	0	0	0	0	4	1	0	0	8	6	0	32	28	0	9	28	50	50	0	0	0	33	[]	0	12
23	123457004	0	0	27	195	0	0	0	0	0	0	4	1	0	0	8	5	0	33	30	0	9	30	50	50	0	0	0	33	[]	0	12
24	123457004	0	0	21	200	0	0	0	0	0	0	4	0	0	0	10	5	0	36	33	0	9	33	50	50	0	0	0	33	[]	0	12
25	123457004	0	0	19	205	0	0	0	0	0	0	4	0	0	0	7	5	0	37	33	0	9	33	50	50	0	0	0	33	[]	0	11
26	123457004	0	0	15	211	0	0	0	0	0	0	3	0	0	0	6	5	0	40	33	0	9	33	50	50	0	0	0	33	[]	0	10
27	123457004	0	0	14	215	0	0	0	0	0	0	2	0	0	0	5	4	0	41	33	0	9	33	50	50	0	0	0	33	[]	0	9
28	123457004	0	0	11	221	0	0	0	0	0	0	1	1	0	0	2	4	0	42	33	0	9	33	50	50	0	0	0	33	[]	0	8
29	123457004	0	0	10	223	0	0	0	0	0	0	1	1	0	0	1	4	0	42	33	0	9	33	50	50	0	0	0	33	[]	0	7
30	123457004	0	0	8	227	0	0	0	0	0	0	0	0	0	0	1	4	0	43	33	0	9	33	50	50	0	0	0	33	[]	0	7
31	123457004	0	0	5	229	0	0	0	0	0	0	0	0	0	0	2	4	0	46	34	0	9	34	50	50	0	0	0	33	[]	0	6
32	123457004	0	0	5	229	0	0	0	0	0	0	0	0	0	0	2	4	0	51	34	0	9	34	50	50	0	0	0	33	[]	0	6
33	123457004	0	0	3	233	0	0	0	0	0	0	0	0	0	0	1	3	0	51	34	0	9	34	50	50	0	0	0	33	[]	0	4
34	123457004	0	0	1	237	0	0	0	0	0	0	0	0	0	0	1	1	0	52	35	0	9	35	50	50	0	0	0	33	[]	0	2
35	123457004	0	0	1	237	0	0	0	0	0	0	0	0	0	0	1	1	0	52	35	0	9	35	50	50	0	0	0	33	[]	0	2
36	123457004	0	0	1	237	0	0	0	0	0	0	0	0	0	0	1	1	0	55	35	0	9	35	50	50	0	0	0	33	[]	0	2
37	123457004	0	0	1	237	0	0	0	0	0	0	0	0	0	0	1	1	0	56	35	0	9	35	50	50	0	0	0	33	[]	0	2
38	123457004	0	0	1	237	0	0	0	0	0	0	0	0	0	0	1	1	0	57	35	0	9	35	50	50	0	0	0	33	[]	0	2
39	123457004	0	0	0	237	0	0	0	0	0	0	0	0	0	0	2	1	0	61	36	0	9	36	50	50	0	0	0	33	[]	0	2
40	123457004	0	0	0	237	0	0	0	0	0	0	0	0	0	0	2	1	0	63	36	0	9	36	50	50	0	0	0	33	[]	0	2
41	123457004	0	0	0	238	0	0	0	0	0	0	0	0	0	0	1	1	0	65	36	0	9	36	50	50	0	0	0	33	[]	0	1
42	123457004	0	0	0	238	0	0	0	0	0	0	0	0	0	0	1	1	0	67	36	0	9	36	50	50	0	0	0	33	[]	0	1
43	123457004	0	0	0	238	0	0	0	0	0	0	0	0	0	0	1	1	0	67	36	0	9	36	50	50	0	0	0	33	[]	0	1
44	123457004	0	0	0	239	0	0	0	0	0	0	0	0	0	0	1	0	0	69	36	0	9	36	50	50	0	0	0	33	[]	0	1
45	123457004	0	0	0	239	0	0	0	0	0	0	0	0	0	0	1	0	0	72	36	0	9	36	50	50	0	0	0	33	[]	0	1
46	123457004	0	0	0	239	0	0	0	0	0	0	0	0	0	0	1	0	0	74	36	0	9	36	50	50	0	0	0	33	[]	0	1
47	123457004	0	0	0	239	0	0	0	0	0	0	0	0	0	0	1	0	0	76	36	0	9	36	50	50	0	0	0	33	[]	0	1
48	123457004	0	0	0	239	0	0	0	0	0	0	0	0	0	0	1	0	0	76	36	0	9	36	50	50	0	0	0	33	[]	0	1
49	123457004	0	0	0	240	0	0	0	0	0	0	0	0	0	0	0	0	0	78	36	0	9	36	50	50	0	0	0	33	[]	0	0
50	123457004	0	0	0	240	0	0	0	0	0	0	0	0	0	0	0	0	0	81	36	0	9	36	50	50	0	0	0	33	[]	0	0
51	123457004	0	0	0	240	0	0	0	0	0	0	0	0	0	0	0	0	0	83	36	0	9	36	50	50	0	0	0	33	[]	0	0
52	123457004	0	0	0	240	0	0	0	0	0	0	0	0	0	0	0	0	0	86	36	0	9	36	50	50	0	0	0	33	[]	0	0
53	123457004	0	0	0	240	0	0	0	0	0	0	0	0	0	0	0	0	0	88	36	0	9	36	50	50	0	0	0	33	[]	0	0
54	123457004	0	0	0	240	0	0	0	0	0	0	0	0	0	0	0	0	0	88	36	0	9	36	50	50	0	0	0	33	[]	0	0
55	123457004	0	0	0	240	0	0	0	0	0	0	0	0	0	0	0	0	0	90	36	0	9	36	50	50	0	0	0	33	[]	0	0
56	123457004	0	0	0	240	0	0	0	0	0	0	0	0	0	0	0	0	0	91	36	0	9	36	50	50	0	0	0	33	[]	0	0
57	123457004	0	0	0	240	0	0	0	0	0	0	0	0	0	0	0	0	0	92	36	0	9	36	50	50	0	0	0	33	[]	0	0
58	123457004	0	0	0	240	0	0	0	0	0	0	0	0	0	0	0	0	0	96	36	0	9	36	50	50	0	0	0	33	[]	0	0
59	123457004	0	0	0	240	0	0	0	0	0	0	0	0	0	0	0	0	0	97	36	0	9	36	50	50	0	0	0	33	[]	0	0
60	123457004	0	0	0	240	0	0	0	0	0	0	0	0	0	0	0	0	0	97	36	0	9	36	50	50	0	0	0	33	[]	0	0
