day	seedRun	susceptible	exposed	infected	removed	susceptible-in-quarantine	exposed-in-quarantine	infected-in-quarantine	removed-in-quarantine	susceptible-in-quarantine-external-1	exposed-in-quarantine-external-1	infected-in-quarantine-external-1	removed-in-quarantine-external-1	susceptible-in-quarantine-external-2	exposed-in-quarantine-external-2	infected-in-quarantine-external-2	removed-in-quarantine-external-2	num-of-screened-agents	num-of-screened-agents-external-1	num-of-screened-agents-external-2	num-of-positive-agents	num-of-positive-agents-external-1	num-of-positive-agents-external-2	num-vaccinated	num-immunized	num-immunized-in-quarantine	num-immunized-in-quarantine-external-1	num-immunized-in-quarantine-external-2	num-infected-outside	classroom-in-quarantine	num-of-classroom-in-quarantine	classroom-with-at-least-one-infected
0	123456981	240	0	0	0	0	0	0	0	0	0	0	0	0	0	0	0	0	0	0	0	0	0	50	50	0	0	0	0	[]	0	0
1	123456981	238	2	0	0	0	0	0	0	0	0	0	0	0	0	0	0	0	4	0	0	0	0	50	50	0	0	0	2	[]	0	0
2	123456981	227	12	1	0	0	0	0	0	0	0	0	0	0	0	0	0	0	6	0	0	0	0	50	50	0	0	0	7	[]	0	1
3	123456981	204	32	4	0	0	0	0	0	0	0	0	0	0	0	0	0	0	7	0	0	0	0	50	50	0	0	0	14	[]	0	2
4	123456981	161	66	13	0	0	0	0	0	0	0	0	0	0	0	0	0	0	10	0	0	0	0	50	50	0	0	0	16	[]	0	4
5	123456981	117	91	28	2	0	0	0	0	0	0	1	0	0	0	1	0	0	14	1	0	1	1	50	50	0	0	0	22	[]	0	7
6	123456981	111	73	46	6	0	0	0	0	0	0	1	0	0	0	3	0	0	16	3	0	1	3	50	50	0	0	0	28	[]	0	9
7	123456981	106	63	59	7	0	0	0	0	0	0	0	1	0	0	4	0	0	17	4	0	1	4	50	50	0	0	0	33	[]	0	11
8	123456981	32	117	68	17	0	0	0	0	0	0	1	1	0	0	3	1	0	19	4	0	2	4	50	50	0	0	0	35	[]	0	11
9	123456981	13	103	91	25	0	0	0	0	0	0	1	1	0	0	5	1	0	19	6	0	2	6	50	50	0	0	0	35	[]	0	12
10	123456981	2	81	114	32	0	0	0	0	0	0	0	2	0	0	8	1	0	19	9	0	2	9	50	50	0	0	0	35	[]	0	12
11	123456981	0	56	112	54	0	0	0	0	0	0	1	2	0	0	13	2	0	20	15	0	3	15	50	50	0	0	0	35	[]	0	12
12	123456981	0	38	116	66	0	0	0	0	0	0	1	2	0	0	12	5	0	20	17	0	3	17	50	50	0	0	0	35	[]	0	12
13	123456981	0	25	117	73	0	0	0	0	0	0	2	2	0	0	13	8	0	21	21	0	4	21	50	50	0	0	0	35	[]	0	12
14	123456981	0	19	109	82	0	0	0	0	0	0	3	2	0	0	14	11	0	22	25	0	5	25	50	50	0	0	0	35	[]	0	12
15	123456981	0	10	102	95	0	0	0	0	0	0	5	2	0	0	12	14	0	26	27	0	8	27	50	50	0	0	0	35	[]	0	12
16	123456981	0	5	99	103	0	0	0	0	0	0	3	4	0	0	11	15	0	26	29	0	8	29	50	50	0	0	0	35	[]	0	12
17	123456981	0	4	85	116	0	0	0	0	0	0	3	4	0	0	12	16	0	29	32	0	8	32	50	50	0	0	0	35	[]	0	12
18	123456981	0	3	70	132	0	0	0	0	0	0	3	3	0	0	10	19	0	31	33	0	8	33	50	50	0	0	0	35	[]	0	12
19	123456981	0	3	54	146	0	0	0	0	0	0	5	3	0	0	10	19	0	35	35	0	10	35	50	50	0	0	0	35	[]	0	12
20	123456981	0	3	43	159	0	0	0	0	0	0	4	4	0	0	8	19	0	36	36	0	10	36	50	50	0	0	0	35	[]	0	12
21	123456981	0	1	38	171	0	0	0	0	0	0	2	5	0	0	9	14	0	37	38	0	10	38	50	50	0	0	0	35	[]	0	12
22	123456981	0	1	28	182	0	0	0	0	0	0	2	5	0	0	9	13	0	38	39	0	10	39	50	50	0	0	0	35	[]	0	11
23	123456981	0	1	22	192	0	0	0	0	0	0	3	4	0	0	5	13	0	41	39	0	11	39	50	50	0	0	0	35	[]	0	10
24	123456981	0	0	17	202	0	0	0	0	0	0	4	3	0	0	4	10	0	42	39	0	12	39	50	50	0	0	0	35	[]	0	11
25	123456981	0	0	14	209	0	0	0	0	0	0	2	2	0	0	4	9	0	45	40	0	12	40	50	50	0	0	0	35	[]	0	11
26	123456981	0	0	12	213	0	0	0	0	0	0	2	2	0	0	3	8	0	45	40	0	12	40	50	50	0	0	0	35	[]	0	10
27	123456981	0	0	10	217	0	0	0	0	0	0	1	3	0	0	3	6	0	45	41	0	12	41	50	50	0	0	0	35	[]	0	9
28	123456981	0	0	8	219	0	0	0	0	0	0	1	4	0	0	2	6	0	47	41	0	13	41	50	50	0	0	0	35	[]	0	8
29	123456981	0	0	8	223	0	0	0	0	0	0	1	2	0	0	2	4	0	47	41	0	13	41	50	50	0	0	0	35	[]	0	8
30	123456981	0	0	7	225	0	0	0	0	0	0	1	2	0	0	2	3	0	47	41	0	13	41	50	50	0	0	0	35	[]	0	8
31	123456981	0	0	5	227	0	0	0	0	0	0	1	2	0	0	3	2	0	49	43	0	13	43	50	50	0	0	0	35	[]	0	7
32	123456981	0	0	5	228	0	0	0	0	0	0	0	3	0	0	3	1	0	54	43	0	13	43	50	50	0	0	0	35	[]	0	6
33	123456981	0	0	4	230	0	0	0	0	0	0	0	2	0	0	3	1	0	56	43	0	13	43	50	50	0	0	0	35	[]	0	5
34	123456981	0	0	3	231	0	0	0	0	0	0	1	1	0	0	2	2	0	60	43	0	14	43	50	50	0	0	0	35	[]	0	4
35	123456981	0	0	1	234	0	0	0	0	0	0	1	1	0	0	2	1	0	61	43	0	14	43	50	50	0	0	0	35	[]	0	2
36	123456981	0	0	1	234	0	0	0	0	0	0	1	1	0	0	2	1	0	61	43	0	14	43	50	50	0	0	0	35	[]	0	2
37	123456981	0	0	1	235	0	0	0	0	0	0	1	1	0	0	1	1	0	63	43	0	14	43	50	50	0	0	0	35	[]	0	2
38	123456981	0	0	1	236	0	0	0	0	0	0	1	0	0	0	1	1	0	66	43	0	14	43	50	50	0	0	0	35	[]	0	2
39	123456981	0	0	1	236	0	0	0	0	0	0	1	0	0	0	1	1	0	66	43	0	14	43	50	50	0	0	0	35	[]	0	2
40	123456981	0	0	0	237	0	0	0	0	0	0	1	0	0	0	1	1	0	67	43	0	14	43	50	50	0	0	0	35	[]	0	2
41	123456981	0	0	0	239	0	0	0	0	0	0	1	0	0	0	0	0	0	68	43	0	14	43	50	50	0	0	0	35	[]	0	1
42	123456981	0	0	0	239	0	0	0	0	0	0	1	0	0	0	0	0	0	70	43	0	14	43	50	50	0	0	0	35	[]	0	1
43	123456981	0	0	0	239	0	0	0	0	0	0	1	0	0	0	0	0	0	70	43	0	14	43	50	50	0	0	0	35	[]	0	1
44	123456981	0	0	0	240	0	0	0	0	0	0	0	0	0	0	0	0	0	71	43	0	14	43	50	50	0	0	0	35	[]	0	0
45	123456981	0	0	0	240	0	0	0	0	0	0	0	0	0	0	0	0	0	73	43	0	14	43	50	50	0	0	0	35	[]	0	0
46	123456981	0	0	0	240	0	0	0	0	0	0	0	0	0	0	0	0	0	74	43	0	14	43	50	50	0	0	0	35	[]	0	0
47	123456981	0	0	0	240	0	0	0	0	0	0	0	0	0	0	0	0	0	77	43	0	14	43	50	50	0	0	0	35	[]	0	0
48	123456981	0	0	0	240	0	0	0	0	0	0	0	0	0	0	0	0	0	79	43	0	14	43	50	50	0	0	0	35	[]	0	0
49	123456981	0	0	0	240	0	0	0	0	0	0	0	0	0	0	0	0	0	81	43	0	14	43	50	50	0	0	0	35	[]	0	0
50	123456981	0	0	0	240	0	0	0	0	0	0	0	0	0	0	0	0	0	83	43	0	14	43	50	50	0	0	0	35	[]	0	0
51	123456981	0	0	0	240	0	0	0	0	0	0	0	0	0	0	0	0	0	85	43	0	14	43	50	50	0	0	0	35	[]	0	0
52	123456981	0	0	0	240	0	0	0	0	0	0	0	0	0	0	0	0	0	86	43	0	14	43	50	50	0	0	0	35	[]	0	0
53	123456981	0	0	0	240	0	0	0	0	0	0	0	0	0	0	0	0	0	91	43	0	14	43	50	50	0	0	0	35	[]	0	0
54	123456981	0	0	0	240	0	0	0	0	0	0	0	0	0	0	0	0	0	91	43	0	14	43	50	50	0	0	0	35	[]	0	0
55	123456981	0	0	0	240	0	0	0	0	0	0	0	0	0	0	0	0	0	91	43	0	14	43	50	50	0	0	0	35	[]	0	0
56	123456981	0	0	0	240	0	0	0	0	0	0	0	0	0	0	0	0	0	91	43	0	14	43	50	50	0	0	0	35	[]	0	0
57	123456981	0	0	0	240	0	0	0	0	0	0	0	0	0	0	0	0	0	92	43	0	14	43	50	50	0	0	0	35	[]	0	0
58	123456981	0	0	0	240	0	0	0	0	0	0	0	0	0	0	0	0	0	95	43	0	14	43	50	50	0	0	0	35	[]	0	0
59	123456981	0	0	0	240	0	0	0	0	0	0	0	0	0	0	0	0	0	96	43	0	14	43	50	50	0	0	0	35	[]	0	0
60	123456981	0	0	0	240	0	0	0	0	0	0	0	0	0	0	0	0	0	97	43	0	14	43	50	50	0	0	0	35	[]	0	0
