day	seedRun	susceptible	exposed	infected	removed	susceptible-in-quarantine	exposed-in-quarantine	infected-in-quarantine	removed-in-quarantine	susceptible-in-quarantine-external-1	exposed-in-quarantine-external-1	infected-in-quarantine-external-1	removed-in-quarantine-external-1	susceptible-in-quarantine-external-2	exposed-in-quarantine-external-2	infected-in-quarantine-external-2	removed-in-quarantine-external-2	num-of-screened-agents	num-of-screened-agents-external-1	num-of-screened-agents-external-2	num-of-positive-agents	num-of-positive-agents-external-1	num-of-positive-agents-external-2	num-vaccinated	num-immunized	num-immunized-in-quarantine	num-immunized-in-quarantine-external-1	num-immunized-in-quarantine-external-2	num-infected-outside	classroom-in-quarantine	num-of-classroom-in-quarantine	classroom-with-at-least-one-infected
0	123456811	140	0	0	0	0	0	0	0	0	0	0	0	0	0	0	0	0	0	0	0	0	0	218	150	0	0	0	0	[]	0	0
1	123456811	138	2	0	0	0	0	0	0	0	0	0	0	0	0	0	0	0	2	0	0	0	0	218	150	0	0	0	2	[]	0	0
2	123456811	134	5	1	0	0	0	0	0	0	0	0	0	0	0	0	0	0	3	0	0	0	0	218	150	0	0	0	6	[]	0	0
3	123456811	127	11	2	0	0	0	0	0	0	0	0	0	0	0	0	0	0	3	0	0	0	0	218	150	0	0	0	13	[]	0	1
4	123456811	115	19	6	0	0	0	0	0	0	0	0	0	0	0	0	0	0	6	0	0	0	0	218	150	0	0	0	22	[]	0	4
5	123456811	101	29	10	0	0	0	0	0	0	0	0	0	0	0	0	0	0	8	0	0	0	0	218	150	0	0	0	31	[]	0	5
6	123456811	96	27	15	2	0	0	0	0	0	0	0	0	0	0	0	0	0	10	0	0	0	0	218	150	0	0	0	36	[]	0	7
7	123456811	89	28	19	4	0	0	0	0	0	0	0	0	0	0	0	0	0	10	0	0	0	0	218	150	0	0	0	43	[]	0	8
8	123456811	74	35	23	5	0	0	2	0	0	0	1	0	0	0	0	0	19	12	0	2	1	0	218	150	0	0	0	46	[]	0	11
9	123456811	53	46	31	7	0	0	1	1	0	0	1	0	0	0	0	0	19	18	0	2	1	0	218	150	0	0	0	50	[]	0	11
10	123456811	36	53	37	8	0	0	2	2	0	0	2	0	0	0	0	0	38	20	0	4	2	0	218	150	0	0	0	54	[]	0	12
11	123456811	24	43	41	9	4	2	9	4	0	0	3	0	0	0	1	0	76	23	1	12	3	1	218	143	7	0	0	55	[3B]	1	12
12	123456811	13	37	43	15	5	4	10	8	0	0	2	1	0	0	2	0	92	23	2	15	3	2	218	135	15	0	0	56	[3B 3C]	2	12
13	123456811	12	24	39	21	5	3	18	12	0	0	2	1	0	0	3	0	111	26	3	22	3	3	218	127	23	0	0	57	[3B 3C 1A]	3	12
14	123456811	12	17	37	26	5	3	19	14	0	0	2	1	0	0	4	0	130	26	4	25	3	4	218	127	23	0	0	57	[3B 3C 1A]	3	12
15	123456811	8	14	26	23	5	5	29	21	0	0	2	1	0	0	6	0	185	28	6	35	3	6	218	107	43	0	0	59	[3B 3C 1A 2B 3A]	5	12
16	123456811	4	7	14	21	8	4	46	25	0	0	3	1	0	0	6	1	239	29	7	48	4	7	218	76	74	0	0	60	[3B 3C 1A 2B 3A 1D 3D 2C]	8	12
17	123456811	2	7	14	23	8	3	41	31	0	0	3	1	0	0	6	1	239	30	7	48	4	7	218	76	74	0	0	61	[3B 3C 1A 2B 3A 1D 3D 2C]	8	12
18	123456811	2	5	13	26	8	1	36	38	0	0	3	1	0	0	4	3	239	30	7	48	4	7	218	76	74	0	0	61	[3B 3C 1A 2B 3A 1D 3D 2C]	8	12
19	123456811	2	4	10	27	8	0	33	45	0	0	2	2	0	0	3	4	255	32	7	49	4	7	218	63	87	0	0	61	[3B 3C 1A 2B 3A 1D 3D 2C 1B]	9	12
20	123456811	2	2	12	27	8	0	28	50	0	0	1	3	0	0	3	4	271	32	7	49	4	7	218	63	87	0	0	61	[3B 3C 1A 2B 3A 1D 3D 2C 1B]	9	12
21	123456811	6	2	11	37	4	0	21	49	0	0	1	2	0	0	1	6	271	33	7	49	4	7	218	70	80	0	0	61	[3C 1A 2B 3A 1D 3D 2C 1B]	8	11
22	123456811	5	4	4	44	3	0	18	53	0	0	0	2	0	0	2	5	290	36	8	54	4	8	218	69	81	0	0	61	[1A 2B 3A 1D 3D 2C 1B 1C]	8	9
23	123456811	5	2	4	58	3	0	15	45	0	0	0	2	0	0	2	4	290	36	8	54	4	8	218	77	73	0	0	61	[2B 3A 1D 3D 2C 1B 1C]	7	9
24	123456811	5	1	4	59	3	0	13	47	0	0	0	2	0	0	2	4	290	36	8	54	4	8	218	77	73	0	0	61	[2B 3A 1D 3D 2C 1B 1C]	7	9
25	123456811	5	1	4	83	3	0	10	29	0	0	0	1	0	0	1	3	290	37	8	54	4	8	218	97	53	0	0	61	[1D 3D 2C 1B 1C]	5	7
26	123456811	8	1	4	109	0	0	4	12	0	0	0	0	0	0	1	1	290	38	8	54	4	8	218	128	22	0	0	61	[1B 1C]	2	4
27	123456811	8	0	5	109	0	0	4	12	0	0	0	0	0	0	1	1	290	38	8	54	4	8	218	128	22	0	0	61	[1B 1C]	2	4
28	123456811	8	0	5	109	0	0	4	12	0	0	0	0	0	0	1	1	290	40	8	54	4	8	218	128	22	0	0	61	[1B 1C]	2	4
29	123456811	8	0	4	117	0	0	2	8	0	0	0	0	0	0	1	0	290	42	8	54	4	8	218	141	9	0	0	61	[1C]	1	2
30	123456811	8	0	3	118	0	0	2	8	0	0	0	0	0	0	1	0	290	42	8	54	4	8	218	141	9	0	0	61	[1C]	1	2
31	123456811	7	1	3	118	0	0	2	8	0	0	0	0	0	0	0	1	290	43	8	54	4	8	218	141	9	0	0	62	[1C]	1	2
32	123456811	6	2	2	130	0	0	0	0	0	0	0	0	0	0	0	0	290	46	8	54	4	8	218	150	0	0	0	63	[]	0	1
33	123456811	6	1	3	130	0	0	0	0	0	0	0	0	0	0	0	0	290	47	8	54	4	8	218	150	0	0	0	63	[]	0	2
34	123456811	6	1	3	130	0	0	0	0	0	0	0	0	0	0	0	0	290	48	8	54	4	8	218	150	0	0	0	63	[]	0	2
35	123456811	6	0	3	131	0	0	0	0	0	0	0	0	0	0	0	0	290	49	8	54	4	8	218	150	0	0	0	63	[]	0	2
36	123456811	6	0	2	132	0	0	0	0	0	0	0	0	0	0	0	0	290	52	8	54	4	8	218	150	0	0	0	63	[]	0	2
37	123456811	6	0	1	133	0	0	0	0	0	0	0	0	0	0	0	0	290	54	8	54	4	8	218	150	0	0	0	63	[]	0	1
38	123456811	6	0	1	133	0	0	0	0	0	0	0	0	0	0	0	0	290	57	8	54	4	8	218	150	0	0	0	63	[]	0	1
39	123456811	6	0	1	133	0	0	0	0	0	0	0	0	0	0	0	0	290	59	8	54	4	8	218	150	0	0	0	63	[]	0	1
40	123456811	6	0	1	133	0	0	0	0	0	0	0	0	0	0	0	0	290	61	8	54	4	8	218	150	0	0	0	63	[]	0	1
41	123456811	6	0	0	134	0	0	0	0	0	0	0	0	0	0	0	0	290	61	8	54	4	8	218	150	0	0	0	63	[]	0	0
42	123456811	5	1	0	134	0	0	0	0	0	0	0	0	0	0	0	0	290	61	8	54	4	8	218	150	0	0	0	64	[]	0	0
43	123456811	3	2	1	134	0	0	0	0	0	0	0	0	0	0	0	0	290	63	8	54	4	8	218	150	0	0	0	66	[]	0	1
44	123456811	3	2	1	134	0	0	0	0	0	0	0	0	0	0	0	0	290	63	8	54	4	8	218	150	0	0	0	66	[]	0	1
45	123456811	3	0	3	134	0	0	0	0	0	0	0	0	0	0	0	0	290	66	8	54	4	8	218	150	0	0	0	66	[]	0	2
46	123456811	3	0	3	134	0	0	0	0	0	0	0	0	0	0	0	0	290	69	8	54	4	8	218	150	0	0	0	66	[]	0	2
47	123456811	3	0	3	134	0	0	0	0	0	0	0	0	0	0	0	0	290	69	8	54	4	8	218	150	0	0	0	66	[]	0	2
48	123456811	3	0	3	134	0	0	0	0	0	0	0	0	0	0	0	0	290	70	8	54	4	8	218	150	0	0	0	66	[]	0	2
49	123456811	3	0	3	134	0	0	0	0	0	0	0	0	0	0	0	0	290	70	8	54	4	8	218	150	0	0	0	66	[]	0	2
50	123456811	3	0	3	134	0	0	0	0	0	0	0	0	0	0	0	0	290	71	8	54	4	8	218	150	0	0	0	66	[]	0	2
51	123456811	3	0	3	134	0	0	0	0	0	0	0	0	0	0	0	0	290	72	8	54	4	8	218	150	0	0	0	66	[]	0	2
52	123456811	3	0	1	136	0	0	0	0	0	0	0	0	0	0	0	0	290	74	8	54	4	8	218	150	0	0	0	66	[]	0	1
53	123456811	3	0	0	137	0	0	0	0	0	0	0	0	0	0	0	0	290	74	8	54	4	8	218	150	0	0	0	66	[]	0	0
54	123456811	3	0	0	137	0	0	0	0	0	0	0	0	0	0	0	0	290	77	8	54	4	8	218	150	0	0	0	66	[]	0	0
55	123456811	3	0	0	137	0	0	0	0	0	0	0	0	0	0	0	0	290	78	8	54	4	8	218	150	0	0	0	66	[]	0	0
56	123456811	2	1	0	137	0	0	0	0	0	0	0	0	0	0	0	0	290	81	8	54	4	8	218	150	0	0	0	67	[]	0	0
57	123456811	2	1	0	137	0	0	0	0	0	0	0	0	0	0	0	0	290	84	8	54	4	8	218	150	0	0	0	67	[]	0	0
58	123456811	2	1	0	137	0	0	0	0	0	0	0	0	0	0	0	0	290	85	8	54	4	8	218	150	0	0	0	67	[]	0	0
59	123456811	2	1	0	137	0	0	0	0	0	0	0	0	0	0	0	0	290	87	8	54	4	8	218	150	0	0	0	67	[]	0	0
60	123456811	2	1	0	137	0	0	0	0	0	0	0	0	0	0	0	0	290	89	8	54	4	8	218	150	0	0	0	67	[]	0	0
