day	seedRun	susceptible	exposed	infected	removed	susceptible-in-quarantine	exposed-in-quarantine	infected-in-quarantine	removed-in-quarantine	susceptible-in-quarantine-external-1	exposed-in-quarantine-external-1	infected-in-quarantine-external-1	removed-in-quarantine-external-1	susceptible-in-quarantine-external-2	exposed-in-quarantine-external-2	infected-in-quarantine-external-2	removed-in-quarantine-external-2	num-of-screened-agents	num-of-screened-agents-external-1	num-of-screened-agents-external-2	num-of-positive-agents	num-of-positive-agents-external-1	num-of-positive-agents-external-2	num-vaccinated	num-immunized	num-immunized-in-quarantine	num-immunized-in-quarantine-external-1	num-immunized-in-quarantine-external-2	num-infected-outside	classroom-in-quarantine	num-of-classroom-in-quarantine	classroom-with-at-least-one-infected
0	123457127	139	0	0	0	0	0	0	0	0	0	0	0	0	0	0	0	0	0	0	0	0	0	218	151	0	0	0	0	[]	0	0
1	123457127	131	8	0	0	0	0	0	0	0	0	0	0	0	0	0	0	0	3	0	0	0	0	218	151	0	0	0	8	[]	0	0
2	123457127	121	13	5	0	0	0	0	0	0	0	0	0	0	0	0	0	0	4	0	0	0	0	218	151	0	0	0	13	[]	0	5
3	123457127	108	20	10	1	0	0	0	0	0	0	0	0	0	0	0	0	0	8	0	0	0	0	218	151	0	0	0	17	[]	0	6
4	123457127	92	30	13	2	0	0	1	0	0	0	1	0	0	0	0	0	19	10	0	1	1	0	218	151	0	0	0	21	[]	0	6
5	123457127	74	40	19	4	0	0	1	0	0	0	1	0	0	0	0	0	19	11	0	1	1	0	218	151	0	0	0	26	[]	0	6
6	123457127	69	35	27	6	0	0	1	0	0	0	1	0	0	0	0	0	19	15	0	1	1	0	218	151	0	0	0	31	[]	0	10
7	123457127	65	17	32	11	1	2	7	1	0	0	1	0	0	0	2	0	57	18	2	7	1	2	218	140	11	0	0	34	[2A]	1	11
8	123457127	48	25	22	6	3	6	16	8	0	0	1	0	0	0	2	2	95	18	4	17	1	4	218	124	27	0	0	37	[2A 2C 2B]	3	11
9	123457127	37	20	22	8	7	8	19	12	0	0	0	1	0	0	3	2	132	20	5	23	1	5	218	116	35	0	0	39	[2A 2C 2B 1C]	4	11
10	123457127	28	26	18	8	7	4	22	18	0	0	0	1	0	0	5	2	170	22	7	28	1	7	218	116	35	0	0	45	[2A 2C 2B 1C]	4	11
11	123457127	22	29	19	10	7	3	22	19	0	0	0	1	0	0	5	2	170	24	7	28	1	7	218	116	35	0	0	47	[2A 2C 2B 1C]	4	12
12	123457127	19	22	18	11	8	3	26	23	0	0	0	1	0	0	6	2	206	27	8	32	1	8	218	107	44	0	0	47	[2A 2C 2B 1C 3C]	5	12
13	123457127	19	15	22	14	8	2	20	30	0	0	0	1	0	0	4	4	206	27	8	32	1	8	218	107	44	0	0	47	[2A 2C 2B 1C 3C]	5	12
14	123457127	19	9	26	18	8	1	21	29	0	0	0	0	0	0	4	4	206	27	8	32	1	8	218	107	44	0	0	47	[2A 2C 2B 1C 3C]	5	12
15	123457127	14	5	22	19	10	2	23	35	0	0	0	0	0	0	5	4	256	27	9	37	1	9	218	85	66	0	0	48	[2A 2C 2B 1C 3C 3B 2D]	7	12
16	123457127	13	4	18	25	10	0	23	37	0	0	0	0	0	0	2	7	256	29	9	37	1	9	218	85	66	0	0	48	[2A 2C 2B 1C 3C 3B 2D]	7	11
17	123457127	11	6	17	35	9	0	18	35	0	0	0	0	0	0	2	6	273	29	9	37	1	9	218	96	55	0	0	49	[2C 2B 1C 3C 3B 2D]	6	10
18	123457127	11	7	16	59	7	0	10	23	0	0	0	0	0	0	1	5	273	31	9	37	1	9	218	112	39	0	0	49	[1C 3C 3B 2D]	4	8
19	123457127	14	4	18	71	3	0	8	16	0	0	0	0	0	0	1	4	273	33	9	37	1	9	218	120	31	0	0	50	[3C 3B 2D]	3	7
20	123457127	14	4	9	65	3	0	13	24	0	0	0	0	0	0	3	4	311	34	11	43	1	11	218	112	39	0	0	50	[3C 3B 2D 1B]	4	7
21	123457127	14	3	6	67	3	0	14	24	0	0	0	0	0	0	3	5	330	35	12	44	1	12	218	112	39	0	0	50	[3C 3B 2D 1B]	4	7
22	123457127	11	6	6	80	2	0	10	18	0	0	0	0	0	0	3	3	330	37	12	44	1	12	218	121	30	0	0	52	[3B 2D 1B]	3	7
23	123457127	9	7	6	81	2	0	9	19	0	0	0	0	0	0	3	3	330	39	12	44	1	12	218	121	30	0	0	54	[3B 2D 1B]	3	7
24	123457127	9	4	9	81	2	0	9	19	0	0	0	0	0	0	2	4	330	41	12	44	1	12	218	121	30	0	0	54	[3B 2D 1B]	3	8
25	123457127	9	4	9	99	0	0	6	9	0	0	0	0	0	0	1	2	347	42	12	45	1	12	218	143	8	0	0	55	[1B]	1	7
26	123457127	8	5	5	99	0	0	7	11	0	0	0	0	0	0	2	2	384	44	13	48	1	13	218	143	8	0	0	55	[1B]	1	6
27	123457127	8	4	6	99	0	0	7	11	0	0	0	0	0	0	2	2	384	48	13	48	1	13	218	143	8	0	0	55	[1B]	1	6
28	123457127	8	3	5	101	0	0	7	11	0	0	0	0	0	0	2	2	384	48	13	48	1	13	218	143	8	0	0	55	[1B]	1	5
29	123457127	7	3	6	101	0	0	7	11	0	0	0	0	0	0	2	2	384	49	13	48	1	13	218	143	8	0	0	55	[1B]	1	5
30	123457127	7	3	5	117	0	0	2	3	0	0	0	0	0	0	1	1	384	52	13	48	1	13	218	151	0	0	0	55	[]	0	4
31	123457127	6	3	4	115	1	0	3	6	0	0	0	0	0	0	1	0	400	53	13	49	1	13	218	141	10	0	0	55	[1A]	1	4
32	123457127	5	3	5	115	1	0	3	6	0	0	0	0	0	0	1	0	400	54	13	49	1	13	218	141	10	0	0	56	[1A]	1	4
33	123457127	4	3	6	115	1	0	2	7	0	0	0	0	0	0	1	0	400	55	13	49	1	13	218	141	10	0	0	57	[1A]	1	5
34	123457127	4	3	6	115	1	0	2	7	0	0	0	0	0	0	0	1	400	55	13	49	1	13	218	141	10	0	0	57	[1A]	1	5
35	123457127	3	4	5	117	1	0	1	7	0	0	0	0	0	0	0	1	400	56	13	49	1	13	218	141	10	0	0	58	[1A]	1	3
36	123457127	3	3	4	118	1	0	1	7	0	0	1	0	0	0	0	1	419	60	13	49	2	13	218	141	10	0	0	58	[1A]	1	3
37	123457127	2	3	5	118	1	0	1	7	0	0	1	0	0	0	0	1	419	60	13	49	2	13	218	141	10	0	0	59	[1A]	1	3
38	123457127	2	2	6	118	1	0	1	7	0	0	1	0	0	0	0	1	419	62	13	49	2	13	218	141	10	0	0	59	[1A]	1	4
39	123457127	2	1	6	119	1	0	1	7	0	0	1	0	0	0	0	1	419	62	13	49	2	13	218	141	10	0	0	59	[1A]	1	5
40	123457127	2	1	5	120	1	0	1	7	0	0	1	0	0	0	0	1	419	62	13	49	2	13	218	141	10	0	0	59	[1A]	1	5
41	123457127	3	1	5	129	0	0	0	0	0	0	1	0	0	0	0	0	438	64	13	49	2	13	218	151	0	0	0	59	[]	0	4
42	123457127	3	1	5	129	0	0	0	0	0	0	1	0	0	0	0	0	438	65	13	49	2	13	218	151	0	0	0	59	[]	0	4
43	123457127	3	1	5	129	0	0	0	0	0	0	1	0	0	0	0	0	438	65	13	49	2	13	218	151	0	0	0	59	[]	0	4
44	123457127	3	1	5	129	0	0	0	0	0	0	1	0	0	0	0	0	438	65	13	49	2	13	218	151	0	0	0	59	[]	0	4
45	123457127	3	1	1	131	0	0	1	0	0	0	1	0	0	0	1	0	457	68	14	50	2	14	218	151	0	0	0	59	[]	0	3
46	123457127	3	1	1	132	0	0	1	0	0	0	0	0	0	0	1	0	457	71	14	50	2	14	218	151	0	0	0	59	[]	0	2
47	123457127	3	1	1	132	0	0	1	0	0	0	0	0	0	0	1	0	457	75	14	50	2	14	218	151	0	0	0	59	[]	0	2
48	123457127	3	1	1	132	0	0	1	0	0	0	0	0	0	0	1	0	457	78	14	50	2	14	218	151	0	0	0	59	[]	0	2
49	123457127	3	0	2	132	0	0	1	0	0	0	0	0	0	0	1	0	457	79	14	50	2	14	218	151	0	0	0	59	[]	0	2
50	123457127	3	0	1	132	0	0	2	0	0	0	0	0	0	0	1	0	475	79	14	51	2	14	218	151	0	0	0	59	[]	0	2
51	123457127	3	0	1	132	0	0	1	1	0	0	0	0	0	0	1	0	475	80	14	51	2	14	218	151	0	0	0	59	[]	0	2
52	123457127	3	0	1	132	0	0	1	1	0	0	0	0	0	0	1	0	475	81	14	51	2	14	218	151	0	0	0	59	[]	0	2
53	123457127	3	0	1	132	0	0	1	1	0	0	0	0	0	0	1	0	475	82	14	51	2	14	218	151	0	0	0	59	[]	0	2
54	123457127	3	0	0	132	0	0	1	1	0	0	1	0	0	0	1	0	494	85	14	51	3	14	218	151	0	0	0	59	[]	0	2
55	123457127	2	1	0	134	0	0	0	1	0	0	0	1	0	0	0	0	494	85	14	51	3	14	218	151	0	0	0	60	[]	0	0
56	123457127	2	1	0	134	0	0	0	1	0	0	0	1	0	0	0	0	494	85	14	51	3	14	218	151	0	0	0	60	[]	0	0
57	123457127	2	1	0	134	0	0	0	1	0	0	0	1	0	0	0	0	494	88	14	51	3	14	218	151	0	0	0	60	[]	0	0
58	123457127	2	1	0	134	0	0	0	1	0	0	0	1	0	0	0	0	494	89	14	51	3	14	218	151	0	0	0	60	[]	0	0
59	123457127	2	1	0	134	0	0	0	1	0	0	0	1	0	0	0	0	494	90	14	51	3	14	218	151	0	0	0	60	[]	0	0
60	123457127	2	1	0	135	0	0	0	0	0	0	0	1	0	0	0	0	494	93	14	51	3	14	218	151	0	0	0	60	[]	0	0
