day	seedRun	susceptible	exposed	infected	removed	susceptible-in-quarantine	exposed-in-quarantine	infected-in-quarantine	removed-in-quarantine	susceptible-in-quarantine-external-1	exposed-in-quarantine-external-1	infected-in-quarantine-external-1	removed-in-quarantine-external-1	susceptible-in-quarantine-external-2	exposed-in-quarantine-external-2	infected-in-quarantine-external-2	removed-in-quarantine-external-2	num-of-screened-agents	num-of-screened-agents-external-1	num-of-screened-agents-external-2	num-of-positive-agents	num-of-positive-agents-external-1	num-of-positive-agents-external-2	num-vaccinated-susceptible	num-vaccinated-exposed	num-vaccinated-infected	num-vaccinated-removed	num-vaccinated-susceptible-in-quarantine	num-vaccinated-exposed-in-quarantine	num-vaccinated-infected-in-quarantine	num-vaccinated-removed-in-quarantine	num-vaccinated-susceptible-in-quarantine-external-1	num-vaccinated-exposed-in-quarantine-external-1	num-vaccinated-infected-in-quarantine-external-1	num-vaccinated-removed-in-quarantine-external-1	num-vaccinated-susceptible-in-quarantine-external-2	num-vaccinated-exposed-in-quarantine-external-2	num-vaccinated-infected-in-quarantine-external-2	num-vaccinated-removed-in-quarantine-external-2	num-infected-outside	classroom-in-quarantine	num-of-classroom-in-quarantine	classroom-with-at-least-one-infected
0	123457006	216	0	0	0	0	0	0	0	0	0	0	0	0	0	0	0	0	0	0	0	0	0	74	0	0	0	0	0	0	0	0	0	0	0	0	0	0	0	0	[]	0	0
1	123457006	211	5	0	0	0	0	0	0	0	0	0	0	0	0	0	0	60	1	0	0	0	0	74	0	0	0	0	0	0	0	0	0	0	0	0	0	0	0	5	[]	0	0
2	123457006	206	10	0	0	0	0	0	0	0	0	0	0	0	0	0	0	60	1	0	0	0	0	73	1	0	0	0	0	0	0	0	0	0	0	0	0	0	0	11	[]	0	0
3	123457006	200	13	2	0	0	0	0	0	0	0	1	0	0	0	0	0	79	2	0	0	1	0	73	1	0	0	0	0	0	0	0	0	0	0	0	0	0	0	15	[]	0	3
4	123457006	177	30	8	0	0	0	0	0	0	0	1	0	0	0	0	0	79	2	0	0	1	0	71	2	1	0	0	0	0	0	0	0	0	0	0	0	0	0	20	[]	0	7
5	123457006	157	44	13	1	0	0	0	0	0	0	0	1	0	0	0	0	79	2	0	0	1	0	67	5	2	0	0	0	0	0	0	0	0	0	0	0	0	0	23	[]	0	6
6	123457006	155	33	25	2	0	0	0	0	0	0	0	1	0	0	0	0	79	4	0	0	1	0	66	5	2	1	0	0	0	0	0	0	0	0	0	0	0	0	26	[]	0	7
7	123457006	140	29	25	4	0	0	0	0	0	0	0	1	12	1	3	1	79	5	1	0	1	1	64	4	3	1	0	0	0	0	0	0	0	0	2	0	0	0	29	[2A]	1	9
8	123457006	67	16	4	2	64	12	27	6	0	0	0	1	12	1	3	1	229	5	1	20	1	1	54	1	4	1	10	1	1	0	0	0	0	0	2	0	0	0	32	[2A 1A 1B 1C 3A 3B 3C]	7	11
9	123457006	56	23	6	4	64	9	28	8	0	0	0	1	12	1	3	1	229	5	1	20	1	1	53	1	4	2	10	1	1	0	0	0	0	0	2	0	0	0	33	[2A 1A 1B 1C 3A 3B 3C]	7	12
10	123457006	41	32	12	4	64	6	26	13	0	0	0	1	12	1	3	1	229	5	1	20	1	1	51	3	3	3	10	1	1	0	0	0	0	0	2	0	0	0	34	[2A 1A 1B 1C 3A 3B 3C]	7	12
11	123457006	19	26	20	6	72	7	28	19	0	0	1	1	12	1	3	1	248	7	1	24	2	1	43	7	5	3	12	1	1	0	0	0	0	0	2	0	0	0	35	[2A 1A 1B 1C 3A 3B 3C 2B]	8	12
12	123457006	11	25	29	6	72	5	27	22	0	0	0	2	12	1	3	1	248	8	1	24	2	1	41	8	5	4	12	0	2	0	0	0	0	0	2	0	0	0	35	[2A 1A 1B 1C 3A 3B 3C 2B]	8	12
13	123457006	9	9	27	9	74	6	35	28	0	0	0	2	12	1	2	2	267	8	1	31	2	1	41	7	3	5	12	1	1	2	0	0	0	0	2	0	0	0	35	[2A 1A 1B 1C 3A 3B 3C 2B 1D]	9	12
14	123457006	9	6	29	10	74	5	29	35	0	0	0	2	12	1	2	2	267	8	1	31	2	1	40	5	6	5	12	1	1	2	0	0	0	0	2	0	0	0	36	[2A 1A 1B 1C 3A 3B 3C 2B 1D]	9	12
15	123457006	0	0	0	0	83	4	55	55	0	0	0	2	12	0	3	2	282	8	1	40	2	1	38	2	5	5	14	1	5	2	0	0	0	0	2	0	0	0	36	[2A 1A 1B 1C 3A 3B 3C 2B 1D 2C 2D 3D]	12	12
16	123457006	0	0	0	0	83	3	47	64	0	0	0	2	12	0	2	3	282	8	1	40	2	1	38	2	5	5	14	1	4	3	0	0	0	0	2	0	0	0	36	[2A 1A 1B 1C 3A 3B 3C 2B 1D 2C 2D 3D]	12	12
17	123457006	0	0	0	0	83	2	42	70	0	0	0	2	12	0	2	3	282	8	1	40	2	1	38	1	5	6	14	0	2	6	0	0	0	0	2	0	0	0	36	[2A 1A 1B 1C 3A 3B 3C 2B 1D 2C 2D 3D]	12	11
18	123457006	0	0	0	0	83	2	35	77	0	0	0	2	12	0	2	3	282	8	1	40	2	1	38	1	5	6	14	0	1	7	0	0	0	0	2	0	0	0	36	[2A 1A 1B 1C 3A 3B 3C 2B 1D 2C 2D 3D]	12	10
19	123457006	0	0	0	0	83	2	33	79	0	0	0	2	12	0	2	3	282	8	1	40	2	1	37	2	5	6	14	0	1	7	0	0	0	0	2	0	0	0	37	[2A 1A 1B 1C 3A 3B 3C 2B 1D 2C 2D 3D]	12	10
20	123457006	0	0	0	0	83	2	28	84	0	0	0	2	12	0	2	3	282	8	1	40	2	1	37	0	7	6	14	0	1	7	0	0	0	0	2	0	0	0	37	[2A 1A 1B 1C 3A 3B 3C 2B 1D 2C 2D 3D]	12	10
21	123457006	12	0	0	6	83	0	27	87	0	0	0	1	0	0	0	0	282	8	1	40	2	1	39	0	6	7	14	0	1	7	0	0	0	0	0	0	0	0	37	[1A 1B 1C 3A 3B 3C 2B 1D 2C 2D 3D]	11	9
22	123457006	74	2	0	50	19	0	18	52	0	0	0	1	0	0	0	0	317	9	1	40	2	1	49	0	5	10	4	0	0	6	0	0	0	0	0	0	0	0	39	[2B 1D 2C 2D 3D]	5	5
23	123457006	70	5	1	50	19	0	14	56	0	0	0	1	0	0	0	0	317	9	1	40	2	1	49	0	4	11	4	0	0	6	0	0	0	0	0	0	0	0	40	[2B 1D 2C 2D 3D]	5	6
24	123457006	56	4	1	47	28	4	14	60	0	0	1	1	0	0	0	0	336	12	1	41	3	1	47	0	4	11	6	0	0	6	0	0	0	0	0	0	0	0	42	[2B 1D 2C 2D 3D 3B]	6	7
25	123457006	62	5	2	57	20	2	14	53	0	0	1	0	0	0	0	0	336	12	1	41	3	1	49	0	4	11	4	0	0	6	0	0	0	0	0	0	0	0	43	[1D 2C 2D 3D 3B]	5	7
26	123457006	60	5	4	57	20	2	12	55	0	0	1	0	0	0	0	0	336	12	1	41	3	1	49	0	4	11	4	0	0	6	0	0	0	0	0	0	0	0	43	[1D 2C 2D 3D 3B]	5	8
27	123457006	61	4	6	73	18	1	10	42	0	0	0	1	0	0	0	0	336	12	1	41	3	1	49	0	4	13	4	0	0	4	0	0	0	0	0	0	0	0	44	[2C 2D 3D 3B]	4	7
28	123457006	61	2	8	73	18	1	7	45	0	0	0	1	0	0	0	0	336	12	1	41	3	1	49	0	4	13	4	0	0	4	0	0	0	0	0	0	0	0	44	[2C 2D 3D 3B]	4	9
29	123457006	56	10	5	109	14	0	6	15	0	0	0	1	0	0	0	0	410	13	1	44	3	1	48	1	4	17	4	0	0	0	0	0	0	0	0	0	0	0	46	[3B 3A]	2	6
30	123457006	49	13	9	109	14	0	4	17	0	0	0	1	0	0	0	0	410	13	1	44	3	1	46	2	4	18	4	0	0	0	0	0	0	0	0	0	0	0	47	[3B 3A]	2	7
31	123457006	44	17	9	110	14	0	4	17	0	0	0	1	0	0	0	0	410	14	1	44	3	1	45	1	6	18	4	0	0	0	0	0	0	0	0	0	0	0	48	[3B 3A]	2	7
32	123457006	36	17	16	111	14	0	3	18	0	0	0	1	0	0	0	0	410	14	1	44	3	1	44	1	6	19	4	0	0	0	0	0	0	0	0	0	0	0	49	[3B 3A]	2	9
33	123457006	27	20	19	114	14	0	3	18	0	0	0	1	0	0	0	0	410	14	1	44	3	1	44	1	4	21	4	0	0	0	0	0	0	0	0	0	0	0	49	[3B 3A]	2	10
34	123457006	27	16	22	115	14	0	3	18	0	0	0	1	0	0	0	0	410	15	1	44	3	1	44	0	4	22	4	0	0	0	0	0	0	0	0	0	0	0	49	[3B 3A]	2	9
35	123457006	26	12	25	117	14	0	2	19	0	0	0	1	0	0	0	0	410	16	1	44	3	1	44	0	4	22	4	0	0	0	0	0	0	0	0	0	0	0	50	[3B 3A]	2	9
36	123457006	15	4	3	86	24	7	23	53	0	0	0	1	0	0	0	0	517	16	1	63	3	1	38	0	4	20	10	0	0	2	0	0	0	0	0	0	0	0	50	[3B 3A 1C 2A 2B 3C]	6	8
37	123457006	13	5	3	87	24	5	23	55	0	0	0	1	0	0	0	0	517	16	1	63	3	1	36	2	3	21	10	0	0	2	0	0	0	0	0	0	0	0	52	[3B 3A 1C 2A 2B 3C]	6	8
38	123457006	22	4	3	96	15	2	21	52	0	0	0	0	0	0	1	0	536	17	2	63	3	2	36	2	5	21	8	0	0	2	0	0	0	0	0	0	0	0	53	[3A 1C 2A 2B 3C]	5	7
39	123457006	20	5	3	97	15	2	21	52	0	0	0	0	0	0	1	0	536	17	2	63	3	2	36	2	4	22	8	0	0	2	0	0	0	0	0	0	0	0	53	[3A 1C 2A 2B 3C]	5	7
40	123457006	20	4	4	97	15	2	18	55	0	0	0	0	0	0	1	0	536	17	2	63	3	2	35	3	3	23	8	0	0	2	0	0	0	0	0	0	0	0	53	[3A 1C 2A 2B 3C]	5	7
41	123457006	20	4	4	97	15	2	13	60	0	0	0	0	0	0	1	0	536	17	2	63	3	2	35	3	2	24	8	0	0	2	0	0	0	0	0	0	0	0	53	[3A 1C 2A 2B 3C]	5	7
42	123457006	20	4	4	97	15	2	11	62	0	0	0	0	0	0	1	0	536	17	2	63	3	2	35	1	3	25	8	0	0	2	0	0	0	0	0	0	0	0	53	[3A 1C 2A 2B 3C]	5	6
43	123457006	24	2	0	99	10	4	14	62	0	0	0	0	0	0	1	0	614	17	2	68	3	2	37	0	3	24	6	0	0	4	0	0	0	0	0	0	0	0	54	[1C 2A 2B 3C 1A]	5	5
44	123457006	23	1	2	99	10	4	13	63	0	0	0	0	0	0	1	0	614	17	2	68	3	2	36	1	2	25	6	0	0	4	0	0	0	0	0	0	0	0	54	[1C 2A 2B 3C 1A]	5	7
45	123457006	22	1	2	100	10	4	11	65	0	0	0	0	0	0	1	0	614	18	2	68	3	2	35	1	3	25	6	0	0	4	0	0	0	0	0	0	0	0	55	[1C 2A 2B 3C 1A]	5	7
46	123457006	18	4	3	100	10	1	13	66	0	0	0	0	0	0	0	1	614	18	2	68	3	2	35	0	4	25	6	0	0	4	0	0	0	0	0	0	0	0	56	[1C 2A 2B 3C 1A]	5	7
47	123457006	16	6	2	101	10	1	12	67	0	0	0	0	0	0	0	1	614	18	2	68	3	2	33	2	3	26	6	0	0	4	0	0	0	0	0	0	0	0	59	[1C 2A 2B 3C 1A]	5	7
48	123457006	16	5	3	101	10	1	11	68	0	0	0	0	0	0	0	1	614	18	2	68	3	2	33	1	4	26	6	0	0	4	0	0	0	0	0	0	0	0	59	[1C 2A 2B 3C 1A]	5	8
49	123457006	16	5	3	101	10	1	8	71	0	0	0	0	0	0	0	1	614	19	2	68	3	2	33	0	5	26	6	0	0	4	0	0	0	0	0	0	0	0	59	[1C 2A 2B 3C 1A]	5	8
50	123457006	18	2	0	140	7	3	8	37	0	0	0	0	0	0	0	1	745	21	2	75	3	2	35	2	3	27	2	0	2	3	0	0	0	0	0	0	0	0	60	[1A 1B 3B]	3	5
51	123457006	18	1	1	140	7	1	9	38	0	0	0	0	0	0	0	1	745	23	2	75	3	2	35	1	4	27	2	0	2	3	0	0	0	0	0	0	0	0	60	[1A 1B 3B]	3	5
52	123457006	18	1	1	141	7	1	9	38	0	0	0	0	0	0	0	0	745	23	2	75	3	2	35	1	4	27	2	0	2	3	0	0	0	0	0	0	0	0	60	[1A 1B 3B]	3	5
53	123457006	17	2	1	141	7	1	9	38	0	0	0	0	0	0	0	0	745	24	2	75	3	2	35	1	3	28	2	0	2	3	0	0	0	0	0	0	0	0	61	[1A 1B 3B]	3	5
54	123457006	16	2	2	141	7	1	9	38	0	0	0	0	0	0	0	0	745	24	2	75	3	2	35	0	3	29	2	0	1	4	0	0	0	0	0	0	0	0	62	[1A 1B 3B]	3	5
55	123457006	15	2	1	126	8	1	6	57	0	0	0	0	0	0	0	0	783	25	2	76	3	2	35	0	2	28	2	0	1	6	0	0	0	0	0	0	0	0	62	[1A 1B 3B 2D]	4	5
56	123457006	14	3	1	126	8	1	5	58	0	0	0	0	0	0	0	0	783	25	2	76	3	2	35	0	2	28	2	0	1	6	0	0	0	0	0	0	0	0	63	[1A 1B 3B 2D]	4	5
57	123457006	13	2	2	145	8	0	5	41	0	0	0	0	0	0	0	0	827	26	2	76	3	2	35	0	2	30	2	0	1	4	0	0	0	0	0	0	0	0	64	[1B 3B 2D]	3	5
58	123457006	12	2	3	145	8	0	3	43	0	0	0	0	0	0	0	0	827	27	2	76	3	2	35	0	1	31	2	0	1	4	0	0	0	0	0	0	0	0	64	[1B 3B 2D]	3	4
59	123457006	11	2	3	146	8	0	3	43	0	0	0	0	0	0	0	0	827	27	2	76	3	2	35	0	1	31	2	0	1	4	0	0	0	0	0	0	0	0	64	[1B 3B 2D]	3	4
60	123457006	10	3	3	146	8	0	3	43	0	0	0	0	0	0	0	0	827	27	2	76	3	2	35	0	1	31	2	0	1	4	0	0	0	0	0	0	0	0	65	[1B 3B 2D]	3	4
