day	seedRun	susceptible	exposed	infected	removed	susceptible-in-quarantine	exposed-in-quarantine	infected-in-quarantine	removed-in-quarantine	susceptible-in-quarantine-external-1	exposed-in-quarantine-external-1	infected-in-quarantine-external-1	removed-in-quarantine-external-1	susceptible-in-quarantine-external-2	exposed-in-quarantine-external-2	infected-in-quarantine-external-2	removed-in-quarantine-external-2	num-of-screened-agents	num-of-screened-agents-external-1	num-of-screened-agents-external-2	num-of-positive-agents	num-of-positive-agents-external-1	num-of-positive-agents-external-2	num-vaccinated	num-immunized	num-immunized-in-quarantine	num-immunized-in-quarantine-external-1	num-immunized-in-quarantine-external-2	num-infected-outside	classroom-in-quarantine	num-of-classroom-in-quarantine	classroom-with-at-least-one-infected
0	123456900	259	0	0	0	0	0	0	0	0	0	0	0	0	0	0	0	0	0	0	0	0	0	50	31	0	0	0	0	[]	0	0
1	123456900	250	9	0	0	0	0	0	0	0	0	0	0	0	0	0	0	0	1	0	0	0	0	50	31	0	0	0	9	[]	0	0
2	123456900	232	26	1	0	0	0	0	0	0	0	0	0	0	0	0	0	0	4	0	0	0	0	50	31	0	0	0	17	[]	0	0
3	123456900	204	50	5	0	0	0	0	0	0	0	0	0	0	0	0	0	0	7	0	0	0	0	50	31	0	0	0	22	[]	0	4
4	123456900	136	105	18	0	0	0	0	0	0	0	0	0	0	0	0	0	0	7	0	0	0	0	50	31	0	0	0	36	[]	0	8
5	123456900	64	150	42	3	0	0	0	0	0	0	0	0	0	0	0	0	0	9	0	0	1	0	50	31	0	0	0	46	[]	0	10
6	123456900	63	101	90	5	0	0	0	0	0	0	0	0	0	0	0	0	0	9	3	0	1	3	50	31	0	0	0	47	[]	0	12
7	123456900	59	76	108	16	0	0	0	0	0	0	0	0	0	0	0	0	0	9	5	0	1	5	50	31	0	0	0	51	[]	0	12
8	123456900	10	103	115	31	0	0	0	0	0	0	0	0	0	0	0	0	0	10	7	0	1	7	50	31	0	0	0	53	[]	0	12
9	123456900	3	72	140	44	0	0	0	0	0	0	0	0	0	0	0	0	0	12	10	0	3	10	50	31	0	0	0	53	[]	0	12
10	123456900	1	54	139	65	0	0	0	0	0	0	0	0	0	0	0	0	0	14	12	0	4	12	50	31	0	0	0	53	[]	0	12
11	123456900	0	41	130	88	0	0	0	0	0	0	0	0	0	0	0	0	0	16	14	0	5	14	50	31	0	0	0	53	[]	0	12
12	123456900	0	31	120	108	0	0	0	0	0	0	0	0	0	0	0	0	0	17	14	0	5	14	50	31	0	0	0	53	[]	0	12
13	123456900	0	23	109	127	0	0	0	0	0	0	0	0	0	0	0	0	0	19	17	0	5	17	50	31	0	0	0	53	[]	0	12
14	123456900	0	18	94	147	0	0	0	0	0	0	0	0	0	0	0	0	0	23	20	0	6	20	50	31	0	0	0	53	[]	0	12
15	123456900	0	14	85	160	0	0	0	0	0	0	0	0	0	0	0	0	0	24	23	0	7	23	50	31	0	0	0	53	[]	0	12
16	123456900	0	11	74	174	0	0	0	0	0	0	0	0	0	0	0	0	0	24	28	0	7	28	50	31	0	0	0	53	[]	0	12
17	123456900	0	7	68	184	0	0	0	0	0	0	0	0	0	0	0	0	0	27	30	0	9	30	50	31	0	0	0	53	[]	0	12
18	123456900	0	4	63	192	0	0	0	0	0	0	0	0	0	0	0	0	0	28	32	0	10	32	50	31	0	0	0	53	[]	0	12
19	123456900	0	3	58	198	0	0	0	0	0	0	0	0	0	0	0	0	0	28	32	0	10	32	50	31	0	0	0	53	[]	0	12
20	123456900	0	3	50	206	0	0	0	0	0	0	0	0	0	0	0	0	0	30	32	0	10	32	50	31	0	0	0	53	[]	0	12
21	123456900	0	2	46	211	0	0	0	0	0	0	0	0	0	0	0	0	0	35	32	0	11	32	50	31	0	0	0	53	[]	0	12
22	123456900	0	0	38	221	0	0	0	0	0	0	0	0	0	0	0	0	0	36	35	0	11	35	50	31	0	0	0	53	[]	0	12
23	123456900	0	0	32	227	0	0	0	0	0	0	0	0	0	0	0	0	0	37	35	0	11	35	50	31	0	0	0	53	[]	0	12
24	123456900	0	0	28	231	0	0	0	0	0	0	0	0	0	0	0	0	0	38	35	0	12	35	50	31	0	0	0	53	[]	0	12
25	123456900	0	0	24	235	0	0	0	0	0	0	0	0	0	0	0	0	0	39	38	0	12	38	50	31	0	0	0	53	[]	0	11
26	123456900	0	0	19	240	0	0	0	0	0	0	0	0	0	0	0	0	0	40	39	0	12	39	50	31	0	0	0	53	[]	0	10
27	123456900	0	0	18	241	0	0	0	0	0	0	0	0	0	0	0	0	0	41	39	0	12	39	50	31	0	0	0	53	[]	0	9
28	123456900	0	0	16	243	0	0	0	0	0	0	0	0	0	0	0	0	0	48	39	0	13	39	50	31	0	0	0	53	[]	0	8
29	123456900	0	0	15	244	0	0	0	0	0	0	0	0	0	0	0	0	0	52	41	0	14	41	50	31	0	0	0	53	[]	0	8
30	123456900	0	0	13	246	0	0	0	0	0	0	0	0	0	0	0	0	0	53	41	0	14	41	50	31	0	0	0	53	[]	0	8
31	123456900	0	0	11	248	0	0	0	0	0	0	0	0	0	0	0	0	0	54	41	0	14	41	50	31	0	0	0	53	[]	0	8
32	123456900	0	0	9	250	0	0	0	0	0	0	0	0	0	0	0	0	0	57	41	0	14	41	50	31	0	0	0	53	[]	0	7
33	123456900	0	0	8	251	0	0	0	0	0	0	0	0	0	0	0	0	0	58	41	0	14	41	50	31	0	0	0	53	[]	0	6
34	123456900	0	0	6	253	0	0	0	0	0	0	0	0	0	0	0	0	0	60	41	0	15	41	50	31	0	0	0	53	[]	0	6
35	123456900	0	0	6	253	0	0	0	0	0	0	0	0	0	0	0	0	0	61	41	0	15	41	50	31	0	0	0	53	[]	0	6
36	123456900	0	0	5	254	0	0	0	0	0	0	0	0	0	0	0	0	0	62	42	0	15	42	50	31	0	0	0	53	[]	0	5
37	123456900	0	0	5	254	0	0	0	0	0	0	0	0	0	0	0	0	0	63	42	0	15	42	50	31	0	0	0	53	[]	0	5
38	123456900	0	0	3	256	0	0	0	0	0	0	0	0	0	0	0	0	0	64	42	0	15	42	50	31	0	0	0	53	[]	0	3
39	123456900	0	0	3	256	0	0	0	0	0	0	0	0	0	0	0	0	0	64	42	0	15	42	50	31	0	0	0	53	[]	0	3
40	123456900	0	0	3	256	0	0	0	0	0	0	0	0	0	0	0	0	0	65	43	0	15	43	50	31	0	0	0	53	[]	0	3
41	123456900	0	0	3	256	0	0	0	0	0	0	0	0	0	0	0	0	0	66	44	0	16	44	50	31	0	0	0	53	[]	0	3
42	123456900	0	0	2	257	0	0	0	0	0	0	0	0	0	0	0	0	0	69	44	0	16	44	50	31	0	0	0	53	[]	0	2
43	123456900	0	0	1	258	0	0	0	0	0	0	0	0	0	0	0	0	0	71	44	0	16	44	50	31	0	0	0	53	[]	0	1
44	123456900	0	0	1	258	0	0	0	0	0	0	0	0	0	0	0	0	0	73	44	0	16	44	50	31	0	0	0	53	[]	0	1
45	123456900	0	0	1	258	0	0	0	0	0	0	0	0	0	0	0	0	0	73	44	0	16	44	50	31	0	0	0	53	[]	0	1
46	123456900	0	0	1	258	0	0	0	0	0	0	0	0	0	0	0	0	0	76	44	0	16	44	50	31	0	0	0	53	[]	0	1
47	123456900	0	0	1	258	0	0	0	0	0	0	0	0	0	0	0	0	0	78	44	0	16	44	50	31	0	0	0	53	[]	0	1
48	123456900	0	0	1	258	0	0	0	0	0	0	0	0	0	0	0	0	0	79	44	0	16	44	50	31	0	0	0	53	[]	0	1
49	123456900	0	0	1	258	0	0	0	0	0	0	0	0	0	0	0	0	0	81	44	0	16	44	50	31	0	0	0	53	[]	0	1
50	123456900	0	0	0	259	0	0	0	0	0	0	0	0	0	0	0	0	0	84	44	0	16	44	50	31	0	0	0	53	[]	0	0
51	123456900	0	0	0	259	0	0	0	0	0	0	0	0	0	0	0	0	0	87	44	0	16	44	50	31	0	0	0	53	[]	0	0
52	123456900	0	0	0	259	0	0	0	0	0	0	0	0	0	0	0	0	0	89	44	0	16	44	50	31	0	0	0	53	[]	0	0
53	123456900	0	0	0	259	0	0	0	0	0	0	0	0	0	0	0	0	0	90	44	0	16	44	50	31	0	0	0	53	[]	0	0
54	123456900	0	0	0	259	0	0	0	0	0	0	0	0	0	0	0	0	0	92	44	0	16	44	50	31	0	0	0	53	[]	0	0
55	123456900	0	0	0	259	0	0	0	0	0	0	0	0	0	0	0	0	0	92	44	0	16	44	50	31	0	0	0	53	[]	0	0
56	123456900	0	0	0	259	0	0	0	0	0	0	0	0	0	0	0	0	0	93	44	0	16	44	50	31	0	0	0	53	[]	0	0
57	123456900	0	0	0	259	0	0	0	0	0	0	0	0	0	0	0	0	0	95	44	0	16	44	50	31	0	0	0	53	[]	0	0
58	123456900	0	0	0	259	0	0	0	0	0	0	0	0	0	0	0	0	0	99	44	0	16	44	50	31	0	0	0	53	[]	0	0
59	123456900	0	0	0	259	0	0	0	0	0	0	0	0	0	0	0	0	0	102	44	0	16	44	50	31	0	0	0	53	[]	0	0
60	123456900	0	0	0	259	0	0	0	0	0	0	0	0	0	0	0	0	0	105	44	0	16	44	50	31	0	0	0	53	[]	0	0
