day	seedRun	susceptible	exposed	infected	removed	susceptible-in-quarantine	exposed-in-quarantine	infected-in-quarantine	removed-in-quarantine	susceptible-in-quarantine-external-1	exposed-in-quarantine-external-1	infected-in-quarantine-external-1	removed-in-quarantine-external-1	susceptible-in-quarantine-external-2	exposed-in-quarantine-external-2	infected-in-quarantine-external-2	removed-in-quarantine-external-2	num-of-screened-agents	num-of-screened-agents-external-1	num-of-screened-agents-external-2	num-of-positive-agents	num-of-positive-agents-external-1	num-of-positive-agents-external-2	num-vaccinated	num-immunized	num-immunized-in-quarantine	num-immunized-in-quarantine-external-1	num-immunized-in-quarantine-external-2	num-infected-outside	classroom-in-quarantine	num-of-classroom-in-quarantine	classroom-with-at-least-one-infected
0	123456894	264	0	0	0	0	0	0	0	0	0	0	0	0	0	0	0	0	0	0	0	0	0	50	26	0	0	0	0	[]	0	0
1	123456894	264	0	0	0	0	0	0	0	0	0	0	0	0	0	0	0	0	2	0	0	0	0	50	26	0	0	0	0	[]	0	0
2	123456894	263	1	0	0	0	0	0	0	0	0	0	0	0	0	0	0	0	2	0	0	0	0	50	26	0	0	0	1	[]	0	0
3	123456894	262	2	0	0	0	0	0	0	0	0	0	0	0	0	0	0	0	2	0	0	0	0	50	26	0	0	0	2	[]	0	0
4	123456894	262	2	0	0	0	0	0	0	0	0	0	0	0	0	0	0	0	3	0	0	0	0	50	26	0	0	0	2	[]	0	0
5	123456894	261	3	0	0	0	0	0	0	0	0	0	0	0	0	0	0	0	6	0	0	0	0	50	26	0	0	0	3	[]	0	0
6	123456894	261	2	1	0	0	0	0	0	0	0	0	0	0	0	0	0	0	8	0	0	0	0	50	26	0	0	0	3	[]	0	1
7	123456894	259	2	1	0	0	0	0	0	0	0	0	0	0	0	2	0	0	10	2	0	0	2	50	26	0	0	0	5	[]	0	3
8	123456894	257	4	1	0	0	0	0	0	0	0	0	0	0	0	2	0	0	12	2	0	0	2	50	26	0	0	0	5	[]	0	3
9	123456894	254	7	1	0	0	0	0	0	0	0	0	0	0	0	2	0	0	13	2	0	0	2	50	26	0	0	0	6	[]	0	3
10	123456894	250	8	4	0	0	0	0	0	0	0	0	0	0	0	2	0	0	13	2	0	0	2	50	26	0	0	0	6	[]	0	4
11	123456894	244	12	4	1	0	0	0	0	0	0	0	0	0	0	2	1	0	15	3	0	0	3	50	26	0	0	0	7	[]	0	3
12	123456894	242	12	6	1	0	0	0	0	0	0	0	0	0	0	1	2	0	16	3	0	0	3	50	26	0	0	0	7	[]	0	2
13	123456894	241	10	7	2	0	0	0	0	0	0	0	0	0	0	2	2	0	18	4	0	0	4	50	26	0	0	0	8	[]	0	2
14	123456894	239	12	6	3	0	0	0	0	0	0	0	0	0	0	2	2	0	20	4	0	0	4	50	26	0	0	0	10	[]	0	2
15	123456894	230	17	6	7	0	0	0	0	0	0	0	0	0	0	2	2	0	21	4	0	0	4	50	26	0	0	0	12	[]	0	2
16	123456894	216	25	11	8	0	0	0	0	0	0	0	0	0	0	2	2	0	21	4	0	0	4	50	26	0	0	0	12	[]	0	4
17	123456894	203	34	12	12	0	0	0	0	0	0	1	0	0	0	1	1	0	23	4	0	1	4	50	26	0	0	0	12	[]	0	3
18	123456894	192	36	16	16	0	0	0	0	0	0	0	1	0	0	2	1	0	25	5	0	1	5	50	26	0	0	0	13	[]	0	6
19	123456894	168	46	26	19	0	0	0	0	0	0	0	1	0	0	3	1	0	27	6	0	1	6	50	26	0	0	0	13	[]	0	8
20	123456894	168	31	39	20	0	0	0	0	0	0	0	1	0	0	4	1	0	27	7	0	1	7	50	26	0	0	0	13	[]	0	10
21	123456894	168	21	41	27	0	0	0	0	0	0	1	1	0	0	5	0	0	30	8	0	2	8	50	26	0	0	0	13	[]	0	12
22	123456894	138	46	37	35	0	0	0	0	0	0	1	1	0	0	3	3	0	31	9	0	2	9	50	26	0	0	0	13	[]	0	12
23	123456894	101	65	51	39	0	0	0	0	0	0	1	1	0	0	3	3	0	32	10	0	2	10	50	26	0	0	0	13	[]	0	12
24	123456894	66	84	58	47	0	0	0	0	0	0	1	1	0	0	4	3	0	36	11	0	2	11	50	26	0	0	0	13	[]	0	12
25	123456894	34	91	73	53	0	0	0	0	0	0	2	1	0	0	7	3	0	37	14	0	3	14	50	26	0	0	0	13	[]	0	12
26	123456894	18	78	92	59	0	0	0	0	0	0	2	2	0	0	8	5	0	38	17	0	4	17	50	26	0	0	0	13	[]	0	12
27	123456894	18	59	94	68	0	0	0	0	0	0	5	1	0	0	14	5	0	42	23	0	7	23	50	26	0	0	0	13	[]	0	12
28	123456894	18	46	93	78	0	0	0	0	0	0	6	1	0	0	17	5	0	44	27	0	8	27	50	26	0	0	0	13	[]	0	12
29	123456894	13	41	85	93	0	0	0	0	0	0	7	1	0	0	17	7	0	45	30	0	9	30	50	26	0	0	0	13	[]	0	12
30	123456894	9	35	80	108	0	0	0	0	0	0	7	2	0	0	13	10	0	47	30	0	10	30	50	26	0	0	0	13	[]	0	12
31	123456894	6	27	73	124	0	0	0	0	0	0	6	2	0	0	17	9	0	49	34	0	10	34	50	26	0	0	0	13	[]	0	12
32	123456894	4	22	72	131	0	0	0	0	0	0	6	2	0	0	18	9	0	50	36	0	10	36	50	26	0	0	0	13	[]	0	12
33	123456894	3	19	72	135	0	0	0	0	0	0	3	5	0	0	17	10	0	51	37	0	10	37	50	26	0	0	0	13	[]	0	12
34	123456894	3	12	62	152	0	0	0	0	0	0	3	5	0	0	16	11	0	52	38	0	10	38	50	26	0	0	0	13	[]	0	12
35	123456894	3	9	52	168	0	0	0	0	0	0	3	4	0	0	12	13	0	52	39	0	10	39	50	26	0	0	0	13	[]	0	11
36	123456894	3	8	47	178	0	0	0	0	0	0	2	4	0	0	11	11	0	55	39	0	10	39	50	26	0	0	0	13	[]	0	11
37	123456894	3	6	44	192	0	0	0	0	0	0	1	2	0	0	10	6	0	55	39	0	10	39	50	26	0	0	0	13	[]	0	11
38	123456894	3	5	33	206	0	0	0	0	0	0	1	1	0	0	9	6	0	59	42	0	10	42	50	26	0	0	0	13	[]	0	11
39	123456894	3	3	29	216	0	0	0	0	0	0	1	0	0	0	4	8	0	59	42	0	10	42	50	26	0	0	0	13	[]	0	11
40	123456894	3	3	26	220	0	0	0	0	0	0	0	0	0	0	4	8	0	62	42	0	10	42	50	26	0	0	0	13	[]	0	10
41	123456894	3	2	21	229	0	0	0	0	0	0	0	0	0	0	4	5	0	65	43	0	10	43	50	26	0	0	0	13	[]	0	10
42	123456894	3	2	18	234	0	0	0	0	0	0	0	0	0	0	4	3	0	65	43	0	10	43	50	26	0	0	0	13	[]	0	9
43	123456894	3	2	15	237	0	0	0	0	0	0	0	0	0	0	4	3	0	65	44	0	10	44	50	26	0	0	0	13	[]	0	8
44	123456894	3	2	11	240	0	0	0	0	0	0	0	0	0	0	6	2	0	66	46	0	10	46	50	26	0	0	0	13	[]	0	8
45	123456894	2	3	9	243	0	0	0	0	0	0	0	0	0	0	4	3	0	67	46	0	10	46	50	26	0	0	0	13	[]	0	8
46	123456894	2	0	12	243	0	0	0	0	0	0	0	0	0	0	4	3	0	72	46	0	10	46	50	26	0	0	0	13	[]	0	8
47	123456894	2	0	11	244	0	0	0	0	0	0	0	0	0	0	3	4	0	73	46	0	10	46	50	26	0	0	0	13	[]	0	7
48	123456894	2	0	9	248	0	0	0	0	0	0	0	0	0	0	3	2	0	73	47	0	10	47	50	26	0	0	0	13	[]	0	6
49	123456894	2	0	9	248	0	0	0	0	0	0	0	0	0	0	3	2	0	75	47	0	10	47	50	26	0	0	0	13	[]	0	6
50	123456894	2	0	7	250	0	0	0	0	0	0	0	0	0	0	3	2	0	76	47	0	10	47	50	26	0	0	0	13	[]	0	6
51	123456894	2	0	7	251	0	0	0	0	0	0	0	0	0	0	1	3	0	77	47	0	10	47	50	26	0	0	0	13	[]	0	5
52	123456894	2	0	6	252	0	0	0	0	0	0	0	0	0	0	1	3	0	81	47	0	10	47	50	26	0	0	0	13	[]	0	5
53	123456894	2	0	3	254	0	0	0	0	0	0	1	0	0	0	2	2	0	82	48	0	11	48	50	26	0	0	0	13	[]	0	4
54	123456894	2	0	3	256	0	0	0	0	0	0	1	0	0	0	0	2	0	84	48	0	11	48	50	26	0	0	0	13	[]	0	2
55	123456894	2	0	3	256	0	0	0	0	0	0	1	0	0	0	0	2	0	87	48	0	11	48	50	26	0	0	0	13	[]	0	2
56	123456894	2	0	2	257	0	0	0	0	0	0	1	0	0	0	0	2	0	89	48	0	11	48	50	26	0	0	0	13	[]	0	1
57	123456894	2	0	2	257	0	0	0	0	0	0	1	0	0	0	0	2	0	90	48	0	11	48	50	26	0	0	0	13	[]	0	1
58	123456894	2	0	2	258	0	0	0	0	0	0	0	1	0	0	0	1	0	91	48	0	11	48	50	26	0	0	0	13	[]	0	0
59	123456894	2	0	2	258	0	0	0	0	0	0	0	1	0	0	0	1	0	91	48	0	11	48	50	26	0	0	0	13	[]	0	0
60	123456894	2	0	1	259	0	0	0	0	0	0	0	1	0	0	0	1	0	91	48	0	11	48	50	26	0	0	0	13	[]	0	0
