day	seedRun	susceptible	exposed	infected	removed	susceptible-in-quarantine	exposed-in-quarantine	infected-in-quarantine	removed-in-quarantine	susceptible-in-quarantine-external-1	exposed-in-quarantine-external-1	infected-in-quarantine-external-1	removed-in-quarantine-external-1	susceptible-in-quarantine-external-2	exposed-in-quarantine-external-2	infected-in-quarantine-external-2	removed-in-quarantine-external-2	num-of-screened-agents	num-of-screened-agents-external-1	num-of-screened-agents-external-2	num-of-positive-agents	num-of-positive-agents-external-1	num-of-positive-agents-external-2	num-vaccinated-susceptible	num-vaccinated-exposed	num-vaccinated-infected	num-vaccinated-removed	num-vaccinated-susceptible-in-quarantine	num-vaccinated-exposed-in-quarantine	num-vaccinated-infected-in-quarantine	num-vaccinated-removed-in-quarantine	num-vaccinated-susceptible-in-quarantine-external-1	num-vaccinated-exposed-in-quarantine-external-1	num-vaccinated-infected-in-quarantine-external-1	num-vaccinated-removed-in-quarantine-external-1	num-vaccinated-susceptible-in-quarantine-external-2	num-vaccinated-exposed-in-quarantine-external-2	num-vaccinated-infected-in-quarantine-external-2	num-vaccinated-removed-in-quarantine-external-2	num-infected-outside	classroom-in-quarantine	num-of-classroom-in-quarantine	classroom-with-at-least-one-infected
0	123457084	144	0	0	0	0	0	0	0	0	0	0	0	0	0	0	0	0	0	0	0	0	0	146	0	0	0	0	0	0	0	0	0	0	0	0	0	0	0	0	[]	0	0
1	123457084	144	0	0	0	0	0	0	0	0	0	0	0	0	0	0	0	0	0	0	0	0	0	146	0	0	0	0	0	0	0	0	0	0	0	0	0	0	0	0	[]	0	0
2	123457084	144	0	0	0	0	0	0	0	0	0	0	0	0	0	0	0	0	0	0	0	0	0	146	0	0	0	0	0	0	0	0	0	0	0	0	0	0	0	0	[]	0	0
3	123457084	144	0	0	0	0	0	0	0	0	0	0	0	0	0	0	0	0	1	0	0	0	0	146	0	0	0	0	0	0	0	0	0	0	0	0	0	0	0	0	[]	0	0
4	123457084	144	0	0	0	0	0	0	0	0	0	0	0	0	0	0	0	0	2	0	0	0	0	146	0	0	0	0	0	0	0	0	0	0	0	0	0	0	0	0	[]	0	0
5	123457084	143	1	0	0	0	0	0	0	0	0	0	0	0	0	0	0	0	5	0	0	0	0	146	0	0	0	0	0	0	0	0	0	0	0	0	0	0	0	1	[]	0	0
6	123457084	142	2	0	0	0	0	0	0	0	0	0	0	0	0	0	0	0	7	0	0	0	0	146	0	0	0	0	0	0	0	0	0	0	0	0	0	0	0	2	[]	0	0
7	123457084	142	2	0	0	0	0	0	0	0	0	0	0	0	0	0	0	0	7	0	0	0	0	145	1	0	0	0	0	0	0	0	0	0	0	0	0	0	0	3	[]	0	0
8	123457084	141	2	1	0	0	0	0	0	0	0	0	0	0	0	0	0	0	7	0	0	0	0	145	1	0	0	0	0	0	0	0	0	0	0	0	0	0	0	3	[]	0	1
9	123457084	137	5	2	0	0	0	0	0	0	0	0	0	0	0	0	0	0	7	0	0	0	0	145	0	1	0	0	0	0	0	0	0	0	0	0	0	0	0	4	[]	0	3
10	123457084	133	8	3	0	0	0	0	0	0	0	0	0	0	0	0	0	0	7	0	0	0	0	145	0	1	0	0	0	0	0	0	0	0	0	0	0	0	0	4	[]	0	3
11	123457084	120	7	5	0	11	0	0	0	0	0	0	0	0	0	1	0	19	7	1	1	0	1	137	1	0	0	7	0	1	0	0	0	0	0	0	0	0	0	4	[2A]	1	4
12	123457084	117	8	7	0	11	0	0	0	0	0	0	0	0	0	1	0	19	8	1	1	0	1	134	4	0	0	7	0	1	0	0	0	0	0	0	0	0	0	4	[2A]	1	4
13	123457084	117	7	8	0	11	0	0	0	0	0	0	0	0	0	1	0	19	8	1	1	0	1	134	1	3	0	7	0	0	1	0	0	0	0	0	0	0	0	4	[2A]	1	5
14	123457084	110	4	5	1	18	2	3	0	0	0	0	0	0	0	1	0	38	9	2	5	0	2	128	1	1	0	13	0	1	1	0	0	0	0	0	0	1	0	4	[2A 2B]	2	4
15	123457084	106	8	5	1	18	1	4	0	0	0	0	0	0	0	0	1	38	9	2	5	0	2	127	1	1	1	13	0	1	1	0	0	0	0	0	0	1	0	4	[2A 2B]	2	3
16	123457084	105	7	5	3	18	1	4	0	0	0	0	0	0	0	0	1	38	12	2	5	0	2	124	4	1	1	13	0	1	1	0	0	0	0	0	0	1	0	4	[2A 2B]	2	4
17	123457084	103	8	5	4	18	1	4	0	0	0	0	0	0	0	0	1	38	13	2	5	0	2	123	3	3	1	13	0	1	1	0	0	0	0	0	0	0	1	4	[2A 2B]	2	4
18	123457084	100	10	6	4	18	1	4	0	0	0	0	0	0	0	0	1	38	13	2	5	0	2	122	4	2	2	13	0	0	2	0	0	0	0	0	0	0	1	4	[2A 2B]	2	4
19	123457084	89	18	9	4	18	1	4	0	0	0	0	0	0	0	0	1	38	13	2	5	0	2	121	4	2	3	13	0	0	2	0	0	0	0	0	0	0	1	4	[2A 2B]	2	4
20	123457084	89	16	10	5	18	1	4	0	0	0	0	0	0	0	0	1	38	14	2	5	0	2	121	4	2	3	13	0	0	2	0	0	0	0	0	0	0	1	4	[2A 2B]	2	4
21	123457084	89	13	11	7	18	0	3	2	0	0	0	0	0	0	0	1	38	16	2	5	0	2	121	4	2	3	13	0	0	2	0	0	0	0	0	0	0	1	4	[2A 2B]	2	5
22	123457084	87	13	11	9	18	0	3	2	0	0	0	0	0	0	0	1	38	16	2	5	0	2	120	4	3	3	13	0	0	2	0	0	0	0	0	0	0	1	4	[2A 2B]	2	5
23	123457084	84	14	12	10	18	0	3	2	0	0	0	0	0	0	0	1	38	16	2	5	0	2	113	10	3	4	13	0	0	2	0	0	0	0	0	0	0	1	4	[2A 2B]	2	5
24	123457084	80	16	10	14	18	0	3	2	0	0	0	0	0	0	0	1	38	18	2	5	0	2	112	5	8	5	13	0	0	2	0	0	0	0	0	0	0	1	4	[2A 2B]	2	5
25	123457084	88	16	12	16	7	0	1	4	0	0	0	0	0	0	0	0	38	19	2	5	0	2	117	6	8	7	6	0	0	1	0	0	0	0	0	0	0	1	4	[2B]	1	5
26	123457084	86	15	15	16	7	0	1	4	0	0	0	0	0	0	0	0	38	19	2	5	0	2	113	8	8	9	6	0	0	1	0	0	0	0	0	0	0	1	5	[2B]	1	7
27	123457084	86	13	13	20	7	0	1	4	0	0	0	0	0	0	0	0	38	20	2	5	0	2	113	6	8	11	6	0	0	1	0	0	0	0	0	0	0	1	5	[2B]	1	8
28	123457084	87	3	9	21	6	5	6	5	0	0	0	0	0	0	2	0	76	20	4	15	0	4	111	0	8	11	8	2	4	2	0	0	0	0	0	0	0	0	5	[1B 3B]	2	7
29	123457084	85	5	7	23	6	3	7	6	0	0	0	0	0	0	2	0	76	21	4	15	0	4	108	3	7	12	8	1	4	3	0	0	0	0	0	0	0	0	5	[1B 3B]	2	6
30	123457084	78	11	7	24	6	3	7	6	0	0	0	0	0	0	1	1	76	21	4	15	0	4	106	4	7	13	8	1	3	4	0	0	0	0	0	0	0	0	5	[1B 3B]	2	6
31	123457084	76	10	7	27	6	2	8	6	0	0	0	0	0	0	0	2	76	21	4	15	0	4	105	3	6	16	8	1	2	5	0	0	0	0	0	0	0	0	5	[1B 3B]	2	6
32	123457084	74	7	11	28	6	2	6	8	0	0	0	0	0	0	0	2	76	22	4	15	0	4	105	3	4	18	8	0	2	6	0	0	0	0	0	0	0	0	5	[1B 3B]	2	7
33	123457084	72	2	8	26	8	2	10	13	0	0	0	0	0	0	1	2	95	23	5	20	0	5	99	3	1	19	14	0	3	7	0	0	0	0	0	0	0	0	5	[1B 3B 2A]	3	8
34	123457084	72	2	7	27	8	2	8	15	0	0	0	0	0	0	1	2	95	25	5	20	0	5	99	2	2	19	14	0	2	8	0	0	0	0	0	0	0	0	5	[1B 3B 2A]	3	8
35	123457084	72	1	8	27	8	1	8	16	0	0	0	0	0	0	1	2	95	25	5	20	0	5	99	1	3	19	14	0	2	8	0	0	0	0	0	0	0	0	5	[1B 3B 2A]	3	8
36	123457084	65	8	7	27	8	1	7	17	0	0	1	0	0	0	1	2	114	26	5	20	1	5	99	0	4	19	14	0	2	8	0	0	0	0	0	0	0	0	5	[1B 3B 2A]	3	8
37	123457084	62	9	8	28	8	1	6	18	0	0	1	0	0	0	1	2	114	27	5	20	1	5	98	1	4	19	14	0	2	8	0	0	0	0	0	0	0	0	5	[1B 3B 2A]	3	7
38	123457084	61	6	11	29	8	1	5	19	0	0	1	0	0	0	1	2	114	27	5	20	1	5	97	2	4	19	14	0	2	8	0	0	0	0	0	0	0	0	5	[1B 3B 2A]	3	8
39	123457084	59	8	9	31	8	1	5	19	0	0	1	0	0	0	1	2	114	28	5	20	1	5	94	4	5	19	14	0	2	8	0	0	0	0	0	0	0	0	5	[1B 3B 2A]	3	7
40	123457084	54	9	13	31	8	1	3	21	0	0	1	0	0	0	1	2	114	30	5	20	1	5	89	7	6	20	14	0	2	8	0	0	0	0	0	0	0	0	6	[1B 3B 2A]	3	9
41	123457084	54	6	15	32	8	1	2	22	0	0	1	0	0	0	1	2	133	30	5	20	1	5	89	6	6	21	14	0	1	9	0	0	0	0	0	0	0	0	6	[1B 3B 2A]	3	10
42	123457084	60	6	10	43	2	0	4	17	0	0	1	0	0	0	1	0	152	32	5	23	2	5	97	6	4	23	6	0	1	8	0	0	1	0	0	0	0	0	6	[2A 1C]	2	8
43	123457084	57	7	11	44	2	0	4	17	0	0	1	0	0	0	1	0	152	32	5	23	2	5	93	9	5	23	6	0	1	8	0	0	1	0	0	0	0	0	7	[2A 1C]	2	7
44	123457084	55	7	11	46	2	0	4	17	0	0	1	0	0	0	1	0	152	32	5	23	2	5	91	8	8	23	6	0	1	8	0	0	1	0	0	0	0	0	7	[2A 1C]	2	7
45	123457084	45	16	10	48	2	0	4	17	0	0	0	1	0	0	0	1	152	32	5	23	2	5	88	9	9	24	6	0	1	8	0	0	1	0	0	0	0	0	7	[2A 1C]	2	6
46	123457084	42	14	15	48	2	0	4	17	0	0	0	1	0	0	0	1	152	32	5	23	2	5	86	10	10	24	6	0	1	8	0	0	0	1	0	0	0	0	7	[2A 1C]	2	8
47	123457084	38	15	20	58	0	0	2	10	0	0	0	1	0	0	0	0	152	34	5	23	2	5	88	11	12	27	0	0	1	6	0	0	0	1	0	0	0	0	7	[1C]	1	7
48	123457084	38	9	24	60	0	0	2	10	0	0	0	1	0	0	0	0	152	34	5	23	2	5	88	8	14	28	0	0	1	6	0	0	0	1	0	0	0	0	7	[1C]	1	8
49	123457084	33	5	20	61	5	2	5	11	0	0	0	1	0	0	1	0	171	34	6	28	2	6	83	6	11	30	5	0	3	7	0	0	0	1	0	0	0	0	7	[1C 2D]	2	8
50	123457084	30	7	20	63	5	2	4	12	0	0	0	0	0	0	1	0	171	34	6	28	2	6	80	5	13	32	5	0	3	7	0	0	0	1	0	0	0	0	7	[1C 2D]	2	8
51	123457084	29	6	17	56	5	1	8	21	0	0	0	0	0	0	1	0	190	36	7	33	2	7	76	6	12	28	6	0	3	13	0	0	0	1	0	0	1	0	7	[1C 2D 2C]	3	8
52	123457084	26	8	16	58	5	0	7	23	0	0	0	0	0	0	1	0	190	36	7	33	2	7	75	6	12	29	6	0	2	14	0	0	0	1	0	0	1	0	7	[1C 2D 2C]	3	8
53	123457084	26	6	16	60	5	0	6	24	0	0	0	0	0	0	1	0	190	36	7	33	2	7	71	10	11	30	6	0	2	14	0	0	0	1	0	0	1	0	7	[1C 2D 2C]	3	8
54	123457084	25	5	12	54	5	0	9	33	0	0	0	0	0	0	1	0	209	36	8	39	2	8	66	8	11	29	7	1	4	17	0	0	0	1	0	0	2	0	7	[1C 2D 2C 1D]	4	8
55	123457084	25	3	13	55	5	0	5	37	0	0	0	0	0	0	0	1	209	36	8	39	2	8	66	5	13	30	7	1	4	17	0	0	0	1	0	0	2	0	7	[1C 2D 2C 1D]	4	8
56	123457084	25	2	13	68	5	0	3	27	0	0	0	0	0	0	0	1	209	36	8	39	2	8	66	4	14	38	7	1	3	11	0	0	0	0	0	0	2	0	7	[2D 2C 1D]	3	7
57	123457084	22	5	11	70	5	0	2	28	0	0	0	0	0	0	0	1	209	37	8	39	2	8	65	4	13	40	7	1	3	11	0	0	0	0	0	0	2	0	7	[2D 2C 1D]	3	7
58	123457084	21	5	9	73	5	0	2	28	0	0	0	0	0	0	0	1	209	38	8	39	2	8	62	5	14	41	7	0	3	12	0	0	0	0	0	0	1	1	8	[2D 2C 1D]	3	7
59	123457084	20	4	9	75	5	0	2	28	0	0	0	0	0	0	0	1	209	39	8	39	2	8	60	6	15	41	7	0	3	12	0	0	0	0	0	0	1	1	8	[2D 2C 1D]	3	7
60	123457084	19	4	10	75	5	0	2	28	0	0	0	0	0	0	0	1	209	39	8	39	2	8	59	5	14	44	7	0	3	12	0	0	0	0	0	0	0	2	8	[2D 2C 1D]	3	6
