day	seedRun	susceptible	exposed	infected	removed	susceptible-in-quarantine	exposed-in-quarantine	infected-in-quarantine	removed-in-quarantine	susceptible-in-quarantine-external-1	exposed-in-quarantine-external-1	infected-in-quarantine-external-1	removed-in-quarantine-external-1	susceptible-in-quarantine-external-2	exposed-in-quarantine-external-2	infected-in-quarantine-external-2	removed-in-quarantine-external-2	num-of-screened-agents	num-of-screened-agents-external-1	num-of-screened-agents-external-2	num-of-positive-agents	num-of-positive-agents-external-1	num-of-positive-agents-external-2	num-vaccinated-susceptible	num-vaccinated-exposed	num-vaccinated-infected	num-vaccinated-removed	num-vaccinated-susceptible-in-quarantine	num-vaccinated-exposed-in-quarantine	num-vaccinated-infected-in-quarantine	num-vaccinated-removed-in-quarantine	num-vaccinated-susceptible-in-quarantine-external-1	num-vaccinated-exposed-in-quarantine-external-1	num-vaccinated-infected-in-quarantine-external-1	num-vaccinated-removed-in-quarantine-external-1	num-vaccinated-susceptible-in-quarantine-external-2	num-vaccinated-exposed-in-quarantine-external-2	num-vaccinated-infected-in-quarantine-external-2	num-vaccinated-removed-in-quarantine-external-2	num-infected-outside	classroom-in-quarantine	num-of-classroom-in-quarantine	classroom-with-at-least-one-infected
0	123456936	144	0	0	0	0	0	0	0	0	0	0	0	0	0	0	0	0	0	0	0	0	0	146	0	0	0	0	0	0	0	0	0	0	0	0	0	0	0	0	[]	0	0
1	123456936	144	0	0	0	0	0	0	0	0	0	0	0	0	0	0	0	0	0	0	0	0	0	146	0	0	0	0	0	0	0	0	0	0	0	0	0	0	0	0	[]	0	0
2	123456936	144	0	0	0	0	0	0	0	0	0	0	0	0	0	0	0	0	3	0	0	0	0	146	0	0	0	0	0	0	0	0	0	0	0	0	0	0	0	0	[]	0	0
3	123456936	143	1	0	0	0	0	0	0	0	0	0	0	0	0	0	0	0	3	0	0	0	0	146	0	0	0	0	0	0	0	0	0	0	0	0	0	0	0	1	[]	0	0
4	123456936	143	1	0	0	0	0	0	0	0	0	0	0	0	0	0	0	0	3	0	0	0	0	145	1	0	0	0	0	0	0	0	0	0	0	0	0	0	0	2	[]	0	0
5	123456936	141	2	1	0	0	0	0	0	0	0	0	0	0	0	0	0	0	3	0	0	0	0	145	1	0	0	0	0	0	0	0	0	0	0	0	0	0	0	2	[]	0	1
6	123456936	140	1	3	0	0	0	0	0	0	0	0	0	0	0	0	0	0	4	0	0	0	0	145	0	1	0	0	0	0	0	0	0	0	0	0	0	0	0	3	[]	0	2
7	123456936	140	0	4	0	0	0	0	0	0	0	0	0	0	0	0	0	0	6	0	0	0	0	145	0	1	0	0	0	0	0	0	0	0	0	0	0	0	0	3	[]	0	2
8	123456936	131	1	0	0	8	0	3	0	0	0	0	0	0	0	1	0	19	6	1	3	0	1	137	0	1	0	8	0	0	0	0	0	0	0	0	0	0	0	4	[3D]	1	2
9	123456936	130	1	1	0	8	0	2	1	0	0	0	0	0	0	1	0	19	6	1	3	0	1	137	0	1	0	8	0	0	0	0	0	0	0	0	0	0	0	4	[3D]	1	3
10	123456936	128	2	2	0	8	0	1	2	0	0	0	0	0	0	1	0	19	7	1	3	0	1	136	1	0	1	8	0	0	0	0	0	0	0	0	0	0	0	4	[3D]	1	2
11	123456936	128	2	1	1	8	0	1	2	0	0	0	0	0	0	1	0	19	7	1	3	0	1	136	0	1	1	8	0	0	0	0	0	0	0	0	0	0	0	4	[3D]	1	2
12	123456936	127	1	2	2	8	0	1	2	0	0	0	0	0	0	1	0	19	7	1	3	0	1	134	2	1	1	8	0	0	0	0	0	0	0	0	0	0	0	5	[3D]	1	2
13	123456936	127	1	2	2	8	0	1	2	0	0	0	0	0	0	1	0	19	8	1	3	0	1	134	0	3	1	8	0	0	0	0	0	0	0	0	0	0	0	5	[3D]	1	2
14	123456936	127	1	2	2	8	0	1	2	0	0	0	0	0	0	1	0	19	8	1	3	0	1	134	0	3	1	8	0	0	0	0	0	0	0	0	0	0	0	5	[3D]	1	2
15	123456936	125	3	2	2	8	0	1	2	0	0	0	0	0	0	1	0	19	9	1	3	0	1	134	0	1	3	8	0	0	0	0	0	0	0	0	0	0	0	5	[3D]	1	2
16	123456936	125	1	4	2	8	0	1	2	0	0	0	0	0	0	1	0	19	9	1	3	0	1	130	4	1	3	8	0	0	0	0	0	0	0	0	0	0	0	5	[3D]	1	2
17	123456936	120	0	0	0	13	1	4	4	0	0	0	0	0	0	1	1	38	10	2	8	0	2	128	0	0	2	10	3	2	1	0	0	0	0	0	0	0	0	5	[3D 1C]	2	2
18	123456936	119	1	0	0	13	1	4	4	0	0	0	0	0	0	1	1	38	10	2	8	0	2	128	0	0	2	10	1	4	1	0	0	0	0	0	0	0	0	6	[3D 1C]	2	2
19	123456936	119	1	0	0	13	0	4	5	0	0	0	0	0	0	1	1	38	10	2	8	0	2	127	1	0	2	10	1	4	1	0	0	0	0	0	0	0	0	7	[3D 1C]	2	2
20	123456936	119	0	1	0	13	0	4	5	0	0	0	0	0	0	1	1	38	12	2	8	0	2	127	0	1	2	10	1	4	1	0	0	0	0	0	0	0	0	7	[3D 1C]	2	3
21	123456936	119	0	1	0	13	0	3	6	0	0	0	0	0	0	1	1	38	14	2	8	0	2	127	0	0	3	10	1	3	2	0	0	0	0	0	0	0	0	7	[3D 1C]	2	3
22	123456936	126	1	1	4	5	0	2	4	0	0	0	0	0	0	1	0	38	14	2	8	0	2	135	0	0	3	2	1	2	3	0	0	0	0	0	0	0	0	7	[1C]	1	2
23	123456936	125	1	1	5	5	0	2	4	0	0	0	0	0	0	1	0	38	15	2	8	0	2	134	1	0	3	2	1	2	3	0	0	0	0	0	0	0	0	7	[1C]	1	2
24	123456936	125	1	1	5	5	0	2	4	0	0	0	0	0	0	1	0	38	16	2	8	0	2	134	1	0	3	2	1	2	3	0	0	0	0	0	0	0	0	7	[1C]	1	2
25	123456936	124	2	1	5	5	0	2	4	0	0	0	0	0	0	0	1	38	16	2	8	0	2	133	1	1	3	2	0	3	3	0	0	0	0	0	0	0	0	8	[1C]	1	2
26	123456936	124	2	0	6	5	0	2	4	0	0	0	0	0	0	0	1	38	17	2	8	0	2	133	1	1	3	2	0	2	4	0	0	0	0	0	0	0	0	8	[1C]	1	2
27	123456936	124	2	0	6	5	0	1	5	0	0	0	0	0	0	0	1	38	17	2	8	0	2	133	1	1	3	2	0	2	4	0	0	0	0	0	0	0	0	8	[1C]	1	2
28	123456936	124	2	0	6	5	0	1	5	0	0	0	0	0	0	0	1	38	18	2	8	0	2	133	1	1	3	2	0	1	5	0	0	0	0	0	0	0	0	8	[1C]	1	2
29	123456936	124	2	0	6	5	0	1	5	0	0	0	0	0	0	0	1	38	18	2	8	0	2	133	1	1	3	2	0	1	5	0	0	0	0	0	0	0	0	8	[1C]	1	2
30	123456936	124	2	0	6	5	0	0	6	0	0	0	0	0	0	0	1	57	19	3	8	0	3	133	1	0	3	2	0	1	5	0	0	0	0	0	0	1	0	8	[1C]	1	2
31	123456936	129	2	0	13	0	0	0	0	0	0	0	0	0	0	0	0	57	21	3	8	0	3	135	1	0	9	0	0	0	0	0	0	0	0	0	0	1	0	8	[]	0	1
32	123456936	129	2	0	13	0	0	0	0	0	0	0	0	0	0	0	0	57	22	3	8	0	3	135	1	0	9	0	0	0	0	0	0	0	0	0	0	0	1	8	[]	0	0
33	123456936	129	2	0	13	0	0	0	0	0	0	0	0	0	0	0	0	57	23	3	8	0	3	135	1	0	9	0	0	0	0	0	0	0	0	0	0	0	1	8	[]	0	0
34	123456936	129	2	0	13	0	0	0	0	0	0	0	0	0	0	0	0	57	24	3	8	0	3	135	0	1	9	0	0	0	0	0	0	0	0	0	0	0	1	8	[]	0	0
35	123456936	129	2	0	13	0	0	0	0	0	0	0	0	0	0	0	0	76	24	3	8	0	3	135	0	1	9	0	0	0	0	0	0	0	0	0	0	0	1	8	[]	0	0
36	123456936	129	2	0	13	0	0	0	0	0	0	0	0	0	0	0	0	76	24	3	8	0	3	135	0	0	10	0	0	0	0	0	0	0	0	0	0	0	1	8	[]	0	0
37	123456936	129	2	0	13	0	0	0	0	0	0	0	0	0	0	0	0	76	26	3	8	0	3	135	0	0	10	0	0	0	0	0	0	0	0	0	0	0	1	8	[]	0	0
38	123456936	128	3	0	13	0	0	0	0	0	0	0	0	0	0	0	0	76	26	3	8	0	3	135	0	0	10	0	0	0	0	0	0	0	0	0	0	0	1	9	[]	0	0
39	123456936	128	2	1	13	0	0	0	0	0	0	0	0	0	0	0	0	76	27	3	8	0	3	135	0	0	10	0	0	0	0	0	0	0	0	0	0	0	1	9	[]	0	1
40	123456936	123	5	3	13	0	0	0	0	0	0	0	0	0	0	0	0	76	27	3	8	0	3	133	2	0	10	0	0	0	0	0	0	0	0	0	0	0	1	9	[]	0	2
41	123456936	122	5	4	13	0	0	0	0	0	0	0	0	0	0	0	0	76	27	3	8	0	3	133	2	0	10	0	0	0	0	0	0	0	0	0	0	0	1	10	[]	0	2
42	123456936	122	4	5	13	0	0	0	0	0	0	0	0	0	0	0	0	76	29	3	8	0	3	132	2	1	10	0	0	0	0	0	0	0	0	0	0	0	1	11	[]	0	3
43	123456936	118	6	7	13	0	0	0	0	0	0	0	0	0	0	0	0	76	29	3	8	0	3	131	2	2	10	0	0	0	0	0	0	0	0	0	0	0	1	11	[]	0	3
44	123456936	114	8	6	16	0	0	0	0	0	0	0	0	0	0	0	0	76	30	3	8	0	3	130	3	2	11	0	0	0	0	0	0	0	0	0	0	0	0	12	[]	0	4
45	123456936	108	11	9	16	0	0	0	0	0	0	0	0	0	0	0	0	76	30	3	8	0	3	128	4	3	11	0	0	0	0	0	0	0	0	0	0	0	0	12	[]	0	5
46	123456936	102	17	9	16	0	0	0	0	0	0	0	0	0	0	0	0	76	32	3	8	0	3	127	4	3	12	0	0	0	0	0	0	0	0	0	0	0	0	14	[]	0	4
47	123456936	96	18	14	16	0	0	0	0	0	0	0	0	0	0	0	0	76	33	3	8	0	3	125	5	4	12	0	0	0	0	0	0	0	0	0	0	0	0	14	[]	0	4
48	123456936	96	11	12	13	0	3	5	3	0	0	0	0	0	0	1	0	95	35	4	16	0	4	122	2	3	11	3	1	3	1	0	0	0	0	0	0	0	0	14	[1B]	1	6
49	123456936	96	6	15	15	0	2	6	3	0	0	0	0	0	0	1	0	95	36	4	16	0	4	122	2	2	12	3	0	4	1	0	0	0	0	0	0	0	0	14	[1B]	1	5
50	123456936	90	11	15	16	0	2	6	3	0	0	0	0	0	0	1	0	95	37	4	16	0	4	117	7	2	12	3	0	3	2	0	0	0	0	0	0	0	0	14	[1B]	1	5
51	123456936	85	12	16	19	0	1	7	3	0	0	0	0	0	0	1	0	95	40	4	16	0	4	115	7	4	12	3	0	3	2	0	0	0	0	0	0	0	0	14	[1B]	1	6
52	123456936	82	14	15	21	0	1	5	5	0	0	0	0	0	0	1	0	95	41	4	16	0	4	112	10	4	12	3	0	2	3	0	0	0	0	0	0	0	0	14	[1B]	1	6
53	123456936	73	20	17	22	0	1	5	5	0	0	0	0	0	0	1	0	95	41	4	16	0	4	109	9	8	12	3	0	2	3	0	0	0	0	0	0	0	0	14	[1B]	1	7
54	123456936	67	20	12	9	0	2	11	20	0	0	1	0	0	0	2	0	133	42	5	24	1	5	98	11	6	7	11	0	4	9	0	0	0	0	0	0	0	0	14	[1B 2A 1C]	3	7
55	123456936	67	13	18	10	0	1	9	23	0	0	1	0	0	0	2	0	133	42	5	24	1	5	98	5	11	8	11	0	3	10	0	0	0	0	0	0	0	0	14	[1B 2A 1C]	3	7
56	123456936	67	7	23	11	0	1	8	24	0	0	1	0	0	0	2	0	133	44	5	24	1	5	98	3	12	9	11	0	3	10	0	0	0	0	0	0	0	0	14	[1B 2A 1C]	3	7
57	123456936	62	9	24	13	0	1	8	24	0	0	1	0	0	0	2	0	133	45	5	24	1	5	97	3	10	12	11	0	2	11	0	0	0	0	0	0	0	0	14	[1B 2A 1C]	3	7
58	123456936	58	9	22	19	0	1	7	25	0	0	0	1	0	0	2	0	133	45	5	24	1	5	93	6	10	13	11	0	2	11	0	0	0	0	0	0	0	0	14	[1B 2A 1C]	3	7
59	123456936	56	9	22	21	0	1	6	26	0	0	0	1	0	0	1	1	133	45	5	24	1	5	90	9	9	14	11	0	1	12	0	0	0	0	0	0	0	0	14	[1B 2A 1C]	3	7
60	123456936	54	8	21	25	0	0	7	26	0	0	0	1	0	0	1	1	133	46	5	24	1	5	85	11	11	15	11	0	1	12	0	0	0	0	0	0	0	0	14	[1B 2A 1C]	3	7
