day	seedRun	susceptible	exposed	infected	removed	susceptible-in-quarantine	exposed-in-quarantine	infected-in-quarantine	removed-in-quarantine	susceptible-in-quarantine-external-1	exposed-in-quarantine-external-1	infected-in-quarantine-external-1	removed-in-quarantine-external-1	susceptible-in-quarantine-external-2	exposed-in-quarantine-external-2	infected-in-quarantine-external-2	removed-in-quarantine-external-2	num-of-screened-agents	num-of-screened-agents-external-1	num-of-screened-agents-external-2	num-of-positive-agents	num-of-positive-agents-external-1	num-of-positive-agents-external-2	num-vaccinated	num-immunized	num-immunized-in-quarantine	num-immunized-in-quarantine-external-1	num-immunized-in-quarantine-external-2	num-infected-outside	classroom-in-quarantine	num-of-classroom-in-quarantine	classroom-with-at-least-one-infected
0	123457184	72	0	0	0	0	0	0	0	0	0	0	0	0	0	0	0	0	0	0	0	0	0	218	218	0	0	0	0	[]	0	0
1	123457184	72	0	0	0	0	0	0	0	0	0	0	0	0	0	0	0	0	0	0	0	0	0	218	218	0	0	0	0	[]	0	0
2	123457184	70	2	0	0	0	0	0	0	0	0	0	0	0	0	0	0	0	1	0	0	0	0	218	218	0	0	0	2	[]	0	0
3	123457184	69	3	0	0	0	0	0	0	0	0	0	0	0	0	0	0	0	2	0	0	0	0	218	218	0	0	0	3	[]	0	0
4	123457184	64	7	1	0	0	0	0	0	0	0	0	0	0	0	0	0	0	4	0	0	0	0	218	218	0	0	0	5	[]	0	1
5	123457184	59	11	2	0	0	0	0	0	0	0	0	0	0	0	0	0	0	7	0	0	0	0	218	218	0	0	0	6	[]	0	2
6	123457184	58	10	4	0	0	0	0	0	0	0	0	0	0	0	0	0	0	7	0	0	0	0	218	218	0	0	0	7	[]	0	2
7	123457184	58	7	6	1	0	0	0	0	0	0	0	0	0	0	0	0	0	9	0	0	0	0	218	218	0	0	0	7	[]	0	3
8	123457184	56	8	4	2	0	0	0	0	0	0	1	0	0	0	1	0	0	12	1	0	1	1	218	218	0	0	0	9	[]	0	2
9	123457184	52	10	4	4	0	0	0	0	0	0	1	0	0	0	1	0	0	16	1	0	1	1	218	218	0	0	0	11	[]	0	3
10	123457184	47	12	7	4	0	0	0	0	0	0	0	1	0	0	1	0	0	19	1	0	1	1	218	218	0	0	0	12	[]	0	5
11	123457184	40	16	9	5	0	0	0	0	0	0	0	1	0	0	1	0	0	24	1	0	1	1	218	218	0	0	0	12	[]	0	7
12	123457184	26	25	14	5	0	0	0	0	0	0	0	1	0	0	0	1	0	25	1	0	1	1	218	218	0	0	0	12	[]	0	10
13	123457184	25	18	20	7	0	0	0	0	0	0	0	1	0	0	0	1	0	27	1	0	1	1	218	218	0	0	0	13	[]	0	10
14	123457184	25	13	24	7	0	0	0	0	0	0	0	1	0	0	1	1	0	28	2	0	1	2	218	218	0	0	0	13	[]	0	10
15	123457184	17	20	22	10	0	0	0	0	0	0	0	1	0	0	1	1	0	31	2	0	1	2	218	218	0	0	0	13	[]	0	10
16	123457184	16	17	22	12	0	0	0	0	0	0	0	1	0	0	3	1	0	33	4	0	1	4	218	218	0	0	0	13	[]	0	10
17	123457184	16	11	24	14	0	0	0	0	0	0	0	1	0	0	5	1	0	35	6	0	1	6	218	218	0	0	0	13	[]	0	10
18	123457184	14	7	26	20	0	0	0	0	0	0	0	0	0	0	4	1	0	36	6	0	1	6	218	218	0	0	0	13	[]	0	10
19	123457184	14	5	23	25	0	0	0	0	0	0	0	0	0	0	3	2	0	38	6	0	1	6	218	218	0	0	0	13	[]	0	10
20	123457184	14	4	22	27	0	0	0	0	0	0	0	0	0	0	2	3	0	41	6	0	1	6	218	218	0	0	0	13	[]	0	9
21	123457184	14	3	22	28	0	0	0	0	0	0	0	0	0	0	2	3	0	42	6	0	1	6	218	218	0	0	0	13	[]	0	10
22	123457184	13	3	17	34	0	0	0	0	0	0	0	0	0	0	2	3	0	43	6	0	1	6	218	218	0	0	0	13	[]	0	10
23	123457184	13	1	15	36	0	0	0	0	0	0	0	0	0	0	4	3	0	46	8	0	1	8	218	218	0	0	0	13	[]	0	9
24	123457184	12	1	13	39	0	0	0	0	0	0	1	0	0	0	4	2	0	48	8	0	2	8	218	218	0	0	0	13	[]	0	9
25	123457184	12	1	12	40	0	0	0	0	0	0	1	0	0	0	4	2	0	50	8	0	2	8	218	218	0	0	0	13	[]	0	9
26	123457184	12	1	11	43	0	0	0	0	0	0	1	0	0	0	2	2	0	50	8	0	2	8	218	218	0	0	0	13	[]	0	8
27	123457184	12	1	9	47	0	0	0	0	0	0	1	0	0	0	1	1	0	50	8	0	2	8	218	218	0	0	0	13	[]	0	7
28	123457184	12	0	9	48	0	0	0	0	0	0	1	0	0	0	1	1	0	50	8	0	2	8	218	218	0	0	0	13	[]	0	7
29	123457184	10	2	8	49	0	0	0	0	0	0	1	0	0	0	0	2	0	51	8	0	2	8	218	218	0	0	0	13	[]	0	6
30	123457184	7	4	8	49	0	0	0	0	0	0	1	0	0	0	1	2	0	54	9	0	2	9	218	218	0	0	0	13	[]	0	6
31	123457184	6	5	8	49	0	0	0	0	0	0	0	1	0	0	1	2	0	57	9	0	2	9	218	218	0	0	0	14	[]	0	5
32	123457184	3	5	10	50	0	0	0	0	0	0	0	1	0	0	1	2	0	58	9	0	2	9	218	218	0	0	0	14	[]	0	6
33	123457184	2	5	10	52	0	0	0	0	0	0	1	1	0	0	1	0	0	62	9	0	3	9	218	218	0	0	0	14	[]	0	6
34	123457184	2	4	8	55	0	0	0	0	0	0	1	0	0	0	1	1	0	65	10	0	3	10	218	218	0	0	0	14	[]	0	4
35	123457184	2	1	11	55	0	0	0	0	0	0	1	0	0	0	1	1	0	66	10	0	3	10	218	218	0	0	0	14	[]	0	4
36	123457184	1	2	10	56	0	0	0	0	0	0	1	0	0	0	1	1	0	67	10	0	3	10	218	218	0	0	0	14	[]	0	4
37	123457184	1	1	8	58	0	0	0	0	0	0	1	0	0	0	2	1	0	69	11	0	3	11	218	218	0	0	0	14	[]	0	4
38	123457184	1	0	7	60	0	0	0	0	0	0	1	0	0	0	1	2	0	71	11	0	3	11	218	218	0	0	0	14	[]	0	4
39	123457184	1	0	5	62	0	0	0	0	0	0	0	1	0	0	0	3	0	72	11	0	3	11	218	218	0	0	0	14	[]	0	2
40	123457184	1	0	5	63	0	0	0	0	0	0	0	1	0	0	0	2	0	73	11	0	3	11	218	218	0	0	0	14	[]	0	2
41	123457184	1	0	5	63	0	0	0	0	0	0	0	1	0	0	0	2	0	76	11	0	3	11	218	218	0	0	0	14	[]	0	2
42	123457184	1	0	2	66	0	0	0	0	0	0	0	1	0	0	0	2	0	78	11	0	3	11	218	218	0	0	0	14	[]	0	2
43	123457184	1	0	2	67	0	0	0	0	0	0	0	0	0	0	0	2	0	81	11	0	3	11	218	218	0	0	0	14	[]	0	2
44	123457184	1	0	1	69	0	0	0	0	0	0	0	0	0	0	0	1	0	81	11	0	3	11	218	218	0	0	0	14	[]	0	1
45	123457184	1	0	0	69	0	0	0	0	0	0	0	0	0	0	1	1	0	83	12	0	3	12	218	218	0	0	0	14	[]	0	1
46	123457184	1	0	0	69	0	0	0	0	0	0	0	0	0	0	1	1	0	84	12	0	3	12	218	218	0	0	0	14	[]	0	1
47	123457184	1	0	0	70	0	0	0	0	0	0	0	0	0	0	1	0	0	85	12	0	3	12	218	218	0	0	0	14	[]	0	1
48	123457184	1	0	0	70	0	0	0	0	0	0	0	0	0	0	1	0	0	87	12	0	3	12	218	218	0	0	0	14	[]	0	1
49	123457184	0	1	0	70	0	0	0	0	0	0	0	0	0	0	1	0	0	90	12	0	3	12	218	218	0	0	0	15	[]	0	1
50	123457184	0	1	0	70	0	0	0	0	0	0	0	0	0	0	1	0	0	93	12	0	3	12	218	218	0	0	0	15	[]	0	1
51	123457184	0	0	1	70	0	0	0	0	0	0	0	0	0	0	1	0	0	97	12	0	3	12	218	218	0	0	0	15	[]	0	2
52	123457184	0	0	1	70	0	0	0	0	0	0	0	0	0	0	1	0	0	100	12	0	3	12	218	218	0	0	0	15	[]	0	2
53	123457184	0	0	1	70	0	0	0	0	0	0	0	0	0	0	1	0	0	101	12	0	3	12	218	218	0	0	0	15	[]	0	2
54	123457184	0	0	1	70	0	0	0	0	0	0	0	0	0	0	0	1	0	103	12	0	3	12	218	218	0	0	0	15	[]	0	1
55	123457184	0	0	1	71	0	0	0	0	0	0	0	0	0	0	0	0	0	107	12	0	3	12	218	218	0	0	0	15	[]	0	1
56	123457184	0	0	0	72	0	0	0	0	0	0	0	0	0	0	0	0	0	109	12	0	3	12	218	218	0	0	0	15	[]	0	0
57	123457184	0	0	0	72	0	0	0	0	0	0	0	0	0	0	0	0	0	109	12	0	3	12	218	218	0	0	0	15	[]	0	0
58	123457184	0	0	0	72	0	0	0	0	0	0	0	0	0	0	0	0	0	110	12	0	3	12	218	218	0	0	0	15	[]	0	0
59	123457184	0	0	0	72	0	0	0	0	0	0	0	0	0	0	0	0	0	112	12	0	3	12	218	218	0	0	0	15	[]	0	0
60	123457184	0	0	0	72	0	0	0	0	0	0	0	0	0	0	0	0	0	116	12	0	3	12	218	218	0	0	0	15	[]	0	0
