day	seedRun	susceptible	exposed	infected	removed	susceptible-in-quarantine	exposed-in-quarantine	infected-in-quarantine	removed-in-quarantine	susceptible-in-quarantine-external-1	exposed-in-quarantine-external-1	infected-in-quarantine-external-1	removed-in-quarantine-external-1	susceptible-in-quarantine-external-2	exposed-in-quarantine-external-2	infected-in-quarantine-external-2	removed-in-quarantine-external-2	num-of-screened-agents	num-of-screened-agents-external-1	num-of-screened-agents-external-2	num-of-positive-agents	num-of-positive-agents-external-1	num-of-positive-agents-external-2	num-vaccinated	num-immunized	num-immunized-in-quarantine	num-immunized-in-quarantine-external-1	num-immunized-in-quarantine-external-2	num-infected-outside	classroom-in-quarantine	num-of-classroom-in-quarantine	classroom-with-at-least-one-infected
0	123457063	72	0	0	0	0	0	0	0	0	0	0	0	0	0	0	0	0	0	0	0	0	0	218	218	0	0	0	0	[]	0	0
1	123457063	70	2	0	0	0	0	0	0	0	0	0	0	0	0	0	0	0	0	0	0	0	0	218	218	0	0	0	2	[]	0	0
2	123457063	65	5	2	0	0	0	0	0	0	0	0	0	0	0	0	0	0	2	0	0	0	0	218	218	0	0	0	3	[]	0	2
3	123457063	59	10	3	0	0	0	0	0	0	0	0	0	0	0	0	0	0	2	0	0	0	0	218	218	0	0	0	5	[]	0	3
4	123457063	54	14	4	0	0	0	0	0	0	0	0	0	0	0	0	0	0	4	0	0	0	0	218	218	0	0	0	6	[]	0	3
5	123457063	51	14	6	0	0	0	0	0	0	0	0	0	0	0	1	0	0	5	1	0	0	1	218	218	0	0	0	7	[]	0	3
6	123457063	49	13	8	0	0	0	0	0	0	0	0	0	0	0	2	0	0	5	2	0	0	2	218	218	0	0	0	9	[]	0	4
7	123457063	48	9	12	1	0	0	0	0	0	0	0	0	0	0	2	0	0	6	2	0	0	2	218	218	0	0	0	10	[]	0	6
8	123457063	37	18	13	2	0	0	0	0	0	0	0	0	0	0	2	0	0	8	2	0	0	2	218	218	0	0	0	13	[]	0	6
9	123457063	36	19	13	2	0	0	0	0	0	0	0	0	0	0	2	0	0	8	2	0	0	2	218	218	0	0	0	13	[]	0	6
10	123457063	34	15	17	4	0	0	0	0	0	0	0	0	0	0	2	0	0	9	2	0	0	2	218	218	0	0	0	13	[]	0	7
11	123457063	30	14	20	6	0	0	0	0	0	0	0	0	0	0	1	1	0	13	2	0	0	2	218	218	0	0	0	14	[]	0	8
12	123457063	27	14	20	8	0	0	0	0	0	0	0	0	0	0	2	1	0	13	3	0	0	3	218	218	0	0	0	14	[]	0	8
13	123457063	26	12	18	11	0	0	0	0	0	0	0	0	0	0	3	2	0	14	5	0	0	5	218	218	0	0	0	15	[]	0	8
14	123457063	26	8	19	12	0	0	0	0	0	0	0	0	0	0	4	3	0	15	7	0	0	7	218	218	0	0	0	15	[]	0	10
15	123457063	21	10	17	16	0	0	0	0	0	0	0	0	0	0	5	3	0	16	9	0	0	9	218	218	0	0	0	15	[]	0	11
16	123457063	14	16	16	19	0	0	0	0	0	0	0	0	0	0	5	2	0	20	9	0	0	9	218	218	0	0	0	15	[]	0	10
17	123457063	11	13	18	20	0	0	0	0	0	0	0	0	0	0	6	4	0	20	12	0	0	12	218	218	0	0	0	16	[]	0	11
18	123457063	10	11	19	22	0	0	0	0	0	0	0	0	0	0	6	4	0	21	12	0	0	12	218	218	0	0	0	16	[]	0	11
19	123457063	9	10	18	25	0	0	0	0	0	0	0	0	0	0	6	4	0	22	12	0	0	12	218	218	0	0	0	17	[]	0	11
20	123457063	9	7	20	26	0	0	0	0	0	0	0	0	0	0	5	5	0	23	12	0	0	12	218	218	0	0	0	17	[]	0	11
21	123457063	9	6	17	29	0	0	0	0	0	0	0	0	0	0	6	5	0	23	13	0	0	13	218	218	0	0	0	17	[]	0	11
22	123457063	9	3	16	34	0	0	0	0	0	0	0	0	0	0	5	5	0	25	13	0	0	13	218	218	0	0	0	17	[]	0	11
23	123457063	9	3	13	38	0	0	0	0	0	0	0	0	0	0	6	3	0	28	14	0	0	14	218	218	0	0	0	17	[]	0	11
24	123457063	9	2	14	40	0	0	0	0	0	0	0	0	0	0	4	3	0	29	14	0	0	14	218	218	0	0	0	17	[]	0	9
25	123457063	9	2	12	43	0	0	0	0	0	0	0	0	0	0	4	2	0	30	15	0	0	15	218	218	0	0	0	17	[]	0	8
26	123457063	9	1	12	44	0	0	0	0	0	0	0	0	0	0	3	3	0	30	15	0	0	15	218	218	0	0	0	17	[]	0	8
27	123457063	9	0	11	47	0	0	0	0	0	0	1	0	0	0	2	2	0	31	16	0	1	16	218	218	0	0	0	17	[]	0	8
28	123457063	8	1	9	47	0	0	0	0	0	0	2	0	0	0	2	3	0	35	17	0	2	17	218	218	0	0	0	18	[]	0	8
29	123457063	8	0	7	49	0	0	0	0	0	0	2	0	0	0	3	3	0	36	18	0	2	18	218	218	0	0	0	18	[]	0	9
30	123457063	7	1	7	49	0	0	0	0	0	0	1	1	0	0	2	4	0	37	18	0	2	18	218	218	0	0	0	19	[]	0	8
31	123457063	7	0	6	52	0	0	0	0	0	0	1	1	0	0	1	4	0	37	18	0	2	18	218	218	0	0	0	19	[]	0	7
32	123457063	6	1	5	53	0	0	0	0	0	0	0	2	0	0	1	4	0	37	18	0	2	18	218	218	0	0	0	19	[]	0	5
33	123457063	6	0	6	54	0	0	0	0	0	0	0	2	0	0	1	3	0	38	18	0	2	18	218	218	0	0	0	19	[]	0	5
34	123457063	6	0	6	54	0	0	0	0	0	0	0	2	0	0	1	3	0	39	18	0	2	18	218	218	0	0	0	19	[]	0	5
35	123457063	6	0	5	56	0	0	0	0	0	0	0	2	0	0	1	2	0	44	18	0	2	18	218	218	0	0	0	19	[]	0	5
36	123457063	6	0	3	57	0	0	0	0	0	0	1	2	0	0	1	2	0	46	18	0	3	18	218	218	0	0	0	19	[]	0	4
37	123457063	6	0	1	59	0	0	0	0	0	0	1	1	0	0	2	2	0	48	20	0	3	20	218	218	0	0	0	19	[]	0	3
38	123457063	6	0	0	61	0	0	0	0	0	0	1	0	0	0	3	1	0	51	21	0	3	21	218	218	0	0	0	19	[]	0	3
39	123457063	6	0	0	62	0	0	0	0	0	0	1	0	0	0	3	0	0	51	21	0	3	21	218	218	0	0	0	19	[]	0	3
40	123457063	6	0	0	62	0	0	0	0	0	0	1	0	0	0	2	1	0	52	21	0	3	21	218	218	0	0	0	19	[]	0	2
41	123457063	6	0	0	62	0	0	0	0	0	0	1	0	0	0	2	1	0	52	21	0	3	21	218	218	0	0	0	19	[]	0	2
42	123457063	6	0	0	62	0	0	0	0	0	0	1	0	0	0	2	1	0	54	21	0	3	21	218	218	0	0	0	19	[]	0	2
43	123457063	6	0	0	62	0	0	0	0	0	0	1	0	0	0	1	2	0	57	21	0	3	21	218	218	0	0	0	19	[]	0	1
44	123457063	6	0	0	62	0	0	0	0	0	0	1	0	0	0	1	2	0	59	21	0	3	21	218	218	0	0	0	19	[]	0	1
45	123457063	6	0	0	62	0	0	0	0	0	0	0	1	0	0	0	3	0	60	21	0	3	21	218	218	0	0	0	19	[]	0	0
46	123457063	6	0	0	63	0	0	0	0	0	0	0	0	0	0	0	3	0	61	21	0	3	21	218	218	0	0	0	19	[]	0	0
47	123457063	6	0	0	65	0	0	0	0	0	0	0	0	0	0	0	1	0	62	21	0	3	21	218	218	0	0	0	19	[]	0	0
48	123457063	6	0	0	66	0	0	0	0	0	0	0	0	0	0	0	0	0	64	21	0	3	21	218	218	0	0	0	19	[]	0	0
49	123457063	4	2	0	66	0	0	0	0	0	0	0	0	0	0	0	0	0	64	21	0	3	21	218	218	0	0	0	21	[]	0	0
50	123457063	3	1	2	66	0	0	0	0	0	0	0	0	0	0	0	0	0	67	21	0	3	21	218	218	0	0	0	21	[]	0	1
51	123457063	3	1	1	67	0	0	0	0	0	0	0	0	0	0	0	0	0	69	21	0	3	21	218	218	0	0	0	21	[]	0	1
52	123457063	3	0	2	67	0	0	0	0	0	0	0	0	0	0	0	0	0	73	21	0	3	21	218	218	0	0	0	21	[]	0	1
53	123457063	3	0	0	68	0	0	0	0	0	0	0	0	0	0	1	0	0	75	22	0	3	22	218	218	0	0	0	21	[]	0	1
54	123457063	3	0	0	68	0	0	0	0	0	0	0	0	0	0	1	0	0	76	22	0	3	22	218	218	0	0	0	21	[]	0	1
55	123457063	3	0	0	68	0	0	0	0	0	0	0	0	0	0	0	1	0	76	22	0	3	22	218	218	0	0	0	21	[]	0	0
56	123457063	3	0	0	68	0	0	0	0	0	0	0	0	0	0	0	1	0	80	22	0	3	22	218	218	0	0	0	21	[]	0	0
57	123457063	3	0	0	68	0	0	0	0	0	0	0	0	0	0	0	1	0	81	22	0	3	22	218	218	0	0	0	21	[]	0	0
58	123457063	3	0	0	68	0	0	0	0	0	0	0	0	0	0	0	1	0	82	22	0	3	22	218	218	0	0	0	21	[]	0	0
59	123457063	3	0	0	68	0	0	0	0	0	0	0	0	0	0	0	1	0	86	22	0	3	22	218	218	0	0	0	21	[]	0	0
60	123457063	2	1	0	68	0	0	0	0	0	0	0	0	0	0	0	1	0	89	22	0	3	22	218	218	0	0	0	22	[]	0	0
