day	seedRun	susceptible	exposed	infected	removed	susceptible-in-quarantine	exposed-in-quarantine	infected-in-quarantine	removed-in-quarantine	susceptible-in-quarantine-external-1	exposed-in-quarantine-external-1	infected-in-quarantine-external-1	removed-in-quarantine-external-1	susceptible-in-quarantine-external-2	exposed-in-quarantine-external-2	infected-in-quarantine-external-2	removed-in-quarantine-external-2	num-of-screened-agents	num-of-screened-agents-external-1	num-of-screened-agents-external-2	num-of-positive-agents	num-of-positive-agents-external-1	num-of-positive-agents-external-2	num-vaccinated	num-immunized	num-immunized-in-quarantine	num-immunized-in-quarantine-external-1	num-immunized-in-quarantine-external-2	num-infected-outside	classroom-in-quarantine	num-of-classroom-in-quarantine	classroom-with-at-least-one-infected
0	123457085	240	0	0	0	0	0	0	0	0	0	0	0	0	0	0	0	0	0	0	0	0	0	50	50	0	0	0	0	[]	0	0
1	123457085	240	0	0	0	0	0	0	0	0	0	0	0	0	0	0	0	0	2	0	0	0	0	50	50	0	0	0	0	[]	0	0
2	123457085	239	1	0	0	0	0	0	0	0	0	0	0	0	0	0	0	0	2	0	0	0	0	50	50	0	0	0	1	[]	0	0
3	123457085	238	2	0	0	0	0	0	0	0	0	0	0	0	0	0	0	0	3	0	0	0	0	50	50	0	0	0	2	[]	0	0
4	123457085	217	21	2	0	0	0	0	0	0	0	0	0	0	0	0	0	0	4	0	0	0	0	50	50	0	0	0	3	[]	0	2
5	123457085	203	29	8	0	0	0	0	0	0	0	0	0	0	0	0	0	0	4	0	0	0	0	50	50	0	0	0	3	[]	0	2
6	123457085	202	21	15	0	0	0	0	0	0	0	0	0	0	0	2	0	0	7	2	0	0	2	50	50	0	0	0	4	[]	0	2
7	123457085	202	15	18	2	0	0	0	0	0	0	0	0	0	0	3	0	0	7	3	0	0	3	50	50	0	0	0	4	[]	0	3
8	123457085	191	21	22	3	0	0	0	0	0	0	0	0	0	0	2	1	0	8	3	0	0	3	50	50	0	0	0	4	[]	0	3
9	123457085	170	37	22	7	0	0	0	0	0	0	0	0	0	0	3	1	0	11	4	0	0	4	50	50	0	0	0	4	[]	0	4
10	123457085	157	41	25	12	0	0	0	0	0	0	0	0	0	0	4	1	0	15	5	0	0	5	50	50	0	0	0	4	[]	0	4
11	123457085	141	42	36	14	0	0	0	0	0	0	1	0	0	0	5	1	0	18	6	0	1	6	50	50	0	0	0	5	[]	0	5
12	123457085	102	67	44	18	0	0	0	0	0	0	1	0	0	0	7	1	0	21	8	0	1	8	50	50	0	0	0	5	[]	0	8
13	123457085	101	47	61	22	0	0	0	0	0	0	1	0	0	0	5	3	0	24	8	0	1	8	50	50	0	0	0	6	[]	0	8
14	123457085	101	33	62	30	0	0	0	0	0	0	1	0	0	0	9	4	0	26	13	0	1	13	50	50	0	0	0	6	[]	0	9
15	123457085	77	50	59	38	0	0	0	0	0	0	2	0	0	0	7	7	0	27	14	0	2	14	50	50	0	0	0	6	[]	0	10
16	123457085	52	62	63	47	0	0	0	0	0	0	2	0	0	0	8	6	0	27	16	0	2	16	50	50	0	0	0	6	[]	0	10
17	123457085	33	62	68	59	0	0	0	0	0	0	1	1	0	0	10	6	0	29	19	0	2	19	50	50	0	0	0	6	[]	0	12
18	123457085	16	57	77	68	0	0	0	0	0	0	1	1	0	0	14	6	0	32	23	0	2	23	50	50	0	0	0	6	[]	0	11
19	123457085	6	50	78	83	0	0	0	0	0	0	2	1	0	0	13	7	0	35	24	0	3	24	50	50	0	0	0	6	[]	0	11
20	123457085	6	39	72	98	0	0	0	0	0	0	2	1	0	0	14	8	0	35	27	0	3	27	50	50	0	0	0	6	[]	0	11
21	123457085	6	29	69	107	0	0	0	0	0	0	2	2	0	0	17	8	0	37	31	0	5	31	50	50	0	0	0	6	[]	0	11
22	123457085	5	27	60	120	0	0	0	0	0	0	2	2	0	0	16	8	0	38	32	0	5	32	50	50	0	0	0	6	[]	0	11
23	123457085	2	20	63	124	0	0	0	0	0	0	3	2	0	0	17	9	0	40	34	0	6	34	50	50	0	0	0	6	[]	0	11
24	123457085	0	15	65	133	0	0	0	0	0	0	3	2	0	0	13	9	0	43	35	0	6	35	50	50	0	0	0	6	[]	0	10
25	123457085	0	13	60	140	0	0	0	0	0	0	3	1	0	0	14	9	0	45	37	0	6	37	50	50	0	0	0	6	[]	0	10
26	123457085	0	10	50	152	0	0	0	0	0	0	2	2	0	0	14	10	0	47	40	0	6	40	50	50	0	0	0	6	[]	0	10
27	123457085	0	10	44	160	0	0	0	0	0	0	2	2	0	0	13	9	0	47	41	0	6	41	50	50	0	0	0	6	[]	0	10
28	123457085	0	8	44	165	0	0	0	0	0	0	2	2	0	0	7	12	0	47	42	0	6	42	50	50	0	0	0	6	[]	0	10
29	123457085	0	6	40	170	0	0	0	0	0	0	4	1	0	0	7	12	0	49	43	0	8	43	50	50	0	0	0	6	[]	0	10
30	123457085	0	6	31	182	0	0	0	0	0	0	2	3	0	0	5	11	0	50	43	0	8	43	50	50	0	0	0	6	[]	0	10
31	123457085	0	4	28	192	0	0	0	0	0	0	1	2	0	0	5	8	0	52	44	0	8	44	50	50	0	0	0	6	[]	0	10
32	123457085	0	2	24	198	0	0	0	0	0	0	1	2	0	0	6	7	0	53	45	0	8	45	50	50	0	0	0	6	[]	0	10
33	123457085	0	1	21	203	0	0	0	0	0	0	1	1	0	0	7	6	0	56	47	0	8	47	50	50	0	0	0	6	[]	0	10
34	123457085	0	0	20	205	0	0	0	0	0	0	1	1	0	0	7	6	0	58	48	0	8	48	50	50	0	0	0	6	[]	0	9
35	123457085	0	0	16	210	0	0	0	0	0	0	1	1	0	0	8	4	0	59	49	0	8	49	50	50	0	0	0	6	[]	0	8
36	123457085	0	0	14	215	0	0	0	0	0	0	1	1	0	0	4	5	0	59	49	0	8	49	50	50	0	0	0	6	[]	0	8
37	123457085	0	0	7	222	0	0	0	0	0	0	1	1	0	0	5	4	0	61	50	0	8	50	50	50	0	0	0	6	[]	0	7
38	123457085	0	0	5	225	0	0	0	0	0	0	0	2	0	0	2	6	0	61	50	0	8	50	50	50	0	0	0	6	[]	0	6
39	123457085	0	0	3	229	0	0	0	0	0	0	1	0	0	0	1	6	0	65	50	0	9	50	50	50	0	0	0	6	[]	0	5
40	123457085	0	0	2	229	0	0	0	0	0	0	1	0	0	0	2	6	0	65	51	0	9	51	50	50	0	0	0	6	[]	0	5
41	123457085	0	0	1	231	0	0	0	0	0	0	1	0	0	0	2	5	0	67	51	0	9	51	50	50	0	0	0	6	[]	0	4
42	123457085	0	0	1	232	0	0	0	0	0	0	1	0	0	0	1	5	0	69	51	0	9	51	50	50	0	0	0	6	[]	0	3
43	123457085	0	0	0	234	0	0	0	0	0	0	0	1	0	0	1	4	0	72	52	0	9	52	50	50	0	0	0	6	[]	0	1
44	123457085	0	0	0	235	0	0	0	0	0	0	0	1	0	0	0	4	0	73	52	0	9	52	50	50	0	0	0	6	[]	0	0
45	123457085	0	0	0	236	0	0	0	0	0	0	0	1	0	0	0	3	0	75	52	0	9	52	50	50	0	0	0	6	[]	0	0
46	123457085	0	0	0	236	0	0	0	0	0	0	0	1	0	0	0	3	0	77	52	0	9	52	50	50	0	0	0	6	[]	0	0
47	123457085	0	0	0	237	0	0	0	0	0	0	0	1	0	0	0	2	0	77	52	0	9	52	50	50	0	0	0	6	[]	0	0
48	123457085	0	0	0	237	0	0	0	0	0	0	0	1	0	0	0	2	0	77	52	0	9	52	50	50	0	0	0	6	[]	0	0
49	123457085	0	0	0	238	0	0	0	0	0	0	0	0	0	0	0	2	0	82	52	0	9	52	50	50	0	0	0	6	[]	0	0
50	123457085	0	0	0	239	0	0	0	0	0	0	0	0	0	0	0	1	0	86	52	0	9	52	50	50	0	0	0	6	[]	0	0
51	123457085	0	0	0	239	0	0	0	0	0	0	0	0	0	0	0	1	0	88	52	0	9	52	50	50	0	0	0	6	[]	0	0
52	123457085	0	0	0	239	0	0	0	0	0	0	0	0	0	0	0	1	0	90	52	0	9	52	50	50	0	0	0	6	[]	0	0
53	123457085	0	0	0	240	0	0	0	0	0	0	0	0	0	0	0	0	0	91	52	0	9	52	50	50	0	0	0	6	[]	0	0
54	123457085	0	0	0	240	0	0	0	0	0	0	0	0	0	0	0	0	0	94	52	0	9	52	50	50	0	0	0	6	[]	0	0
55	123457085	0	0	0	240	0	0	0	0	0	0	0	0	0	0	0	0	0	97	52	0	9	52	50	50	0	0	0	6	[]	0	0
56	123457085	0	0	0	240	0	0	0	0	0	0	0	0	0	0	0	0	0	100	52	0	9	52	50	50	0	0	0	6	[]	0	0
57	123457085	0	0	0	240	0	0	0	0	0	0	0	0	0	0	0	0	0	104	52	0	9	52	50	50	0	0	0	6	[]	0	0
58	123457085	0	0	0	240	0	0	0	0	0	0	0	0	0	0	0	0	0	104	52	0	9	52	50	50	0	0	0	6	[]	0	0
59	123457085	0	0	0	240	0	0	0	0	0	0	0	0	0	0	0	0	0	106	52	0	9	52	50	50	0	0	0	6	[]	0	0
60	123457085	0	0	0	240	0	0	0	0	0	0	0	0	0	0	0	0	0	106	52	0	9	52	50	50	0	0	0	6	[]	0	0
