day	seedRun	susceptible	exposed	infected	removed	susceptible-in-quarantine	exposed-in-quarantine	infected-in-quarantine	removed-in-quarantine	susceptible-in-quarantine-external-1	exposed-in-quarantine-external-1	infected-in-quarantine-external-1	removed-in-quarantine-external-1	susceptible-in-quarantine-external-2	exposed-in-quarantine-external-2	infected-in-quarantine-external-2	removed-in-quarantine-external-2	num-of-screened-agents	num-of-screened-agents-external-1	num-of-screened-agents-external-2	num-of-positive-agents	num-of-positive-agents-external-1	num-of-positive-agents-external-2	num-vaccinated-susceptible	num-vaccinated-exposed	num-vaccinated-infected	num-vaccinated-removed	num-vaccinated-susceptible-in-quarantine	num-vaccinated-exposed-in-quarantine	num-vaccinated-infected-in-quarantine	num-vaccinated-removed-in-quarantine	num-vaccinated-susceptible-in-quarantine-external-1	num-vaccinated-exposed-in-quarantine-external-1	num-vaccinated-infected-in-quarantine-external-1	num-vaccinated-removed-in-quarantine-external-1	num-vaccinated-susceptible-in-quarantine-external-2	num-vaccinated-exposed-in-quarantine-external-2	num-vaccinated-infected-in-quarantine-external-2	num-vaccinated-removed-in-quarantine-external-2	num-infected-outside	classroom-in-quarantine	num-of-classroom-in-quarantine	classroom-with-at-least-one-infected
0	123457011	216	0	0	0	0	0	0	0	0	0	0	0	0	0	0	0	0	0	0	0	0	0	74	0	0	0	0	0	0	0	0	0	0	0	0	0	0	0	0	[]	0	0
1	123457011	216	0	0	0	0	0	0	0	0	0	0	0	0	0	0	0	0	0	0	0	0	0	74	0	0	0	0	0	0	0	0	0	0	0	0	0	0	0	0	[]	0	0
2	123457011	216	0	0	0	0	0	0	0	0	0	0	0	0	0	0	0	0	1	0	0	0	0	74	0	0	0	0	0	0	0	0	0	0	0	0	0	0	0	0	[]	0	0
3	123457011	216	0	0	0	0	0	0	0	0	0	0	0	0	0	0	0	0	1	0	0	0	0	74	0	0	0	0	0	0	0	0	0	0	0	0	0	0	0	0	[]	0	0
4	123457011	216	0	0	0	0	0	0	0	0	0	0	0	0	0	0	0	0	1	0	0	0	0	74	0	0	0	0	0	0	0	0	0	0	0	0	0	0	0	0	[]	0	0
5	123457011	216	0	0	0	0	0	0	0	0	0	0	0	0	0	0	0	0	1	0	0	0	0	74	0	0	0	0	0	0	0	0	0	0	0	0	0	0	0	0	[]	0	0
6	123457011	215	1	0	0	0	0	0	0	0	0	0	0	0	0	0	0	0	2	0	0	0	0	74	0	0	0	0	0	0	0	0	0	0	0	0	0	0	0	1	[]	0	0
7	123457011	215	0	1	0	0	0	0	0	0	0	0	0	0	0	0	0	0	2	0	0	0	0	74	0	0	0	0	0	0	0	0	0	0	0	0	0	0	0	1	[]	0	1
8	123457011	215	0	0	1	0	0	0	0	0	0	0	0	0	0	0	0	0	3	0	0	0	0	74	0	0	0	0	0	0	0	0	0	0	0	0	0	0	0	1	[]	0	0
9	123457011	215	0	0	1	0	0	0	0	0	0	0	0	0	0	0	0	0	3	0	0	0	0	74	0	0	0	0	0	0	0	0	0	0	0	0	0	0	0	1	[]	0	0
10	123457011	215	0	0	1	0	0	0	0	0	0	0	0	0	0	0	0	0	3	0	0	0	0	74	0	0	0	0	0	0	0	0	0	0	0	0	0	0	0	1	[]	0	0
11	123457011	214	1	0	1	0	0	0	0	0	0	0	0	0	0	0	0	0	3	0	0	0	0	74	0	0	0	0	0	0	0	0	0	0	0	0	0	0	0	2	[]	0	0
12	123457011	214	1	0	1	0	0	0	0	0	0	0	0	0	0	0	0	0	3	0	0	0	0	74	0	0	0	0	0	0	0	0	0	0	0	0	0	0	0	2	[]	0	0
13	123457011	213	1	1	1	0	0	0	0	0	0	0	0	0	0	0	0	0	3	0	0	0	0	74	0	0	0	0	0	0	0	0	0	0	0	0	0	0	0	3	[]	0	1
14	123457011	213	1	1	1	0	0	0	0	0	0	0	0	0	0	0	0	0	6	0	0	0	0	74	0	0	0	0	0	0	0	0	0	0	0	0	0	0	0	3	[]	0	1
15	123457011	213	0	2	1	0	0	0	0	0	0	0	0	0	0	0	0	0	8	0	0	0	0	74	0	0	0	0	0	0	0	0	0	0	0	0	0	0	0	3	[]	0	2
16	123457011	209	4	2	1	0	0	0	0	0	0	0	0	0	0	0	0	0	8	0	0	0	0	74	0	0	0	0	0	0	0	0	0	0	0	0	0	0	0	3	[]	0	2
17	123457011	192	3	1	2	14	2	1	0	0	0	1	0	0	0	0	0	19	9	0	1	1	0	72	0	0	0	2	0	0	0	0	0	0	0	0	0	0	0	3	[2D]	1	2
18	123457011	188	6	2	2	14	1	2	0	0	0	0	1	0	0	0	0	19	9	0	1	1	0	72	0	0	0	2	0	0	0	0	0	0	0	0	0	0	0	3	[2D]	1	2
19	123457011	187	7	2	2	14	0	3	0	0	0	0	1	0	0	0	0	19	9	0	1	1	0	72	0	0	0	2	0	0	0	0	0	0	0	0	0	0	0	3	[2D]	1	2
20	123457011	187	7	1	3	14	0	3	0	0	0	0	1	0	0	0	0	19	10	0	1	1	0	72	0	0	0	2	0	0	0	0	0	0	0	0	0	0	0	3	[2D]	1	2
21	123457011	187	5	3	3	14	0	2	1	0	0	0	1	0	0	0	0	19	12	0	1	1	0	72	0	0	0	2	0	0	0	0	0	0	0	0	0	0	0	3	[2D]	1	2
22	123457011	183	8	3	4	14	0	1	2	0	0	0	1	0	0	0	0	19	13	0	1	1	0	72	0	0	0	2	0	0	0	0	0	0	0	0	0	0	0	4	[2D]	1	2
23	123457011	182	9	2	5	14	0	1	2	0	0	0	1	0	0	0	0	19	14	0	1	1	0	72	0	0	0	2	0	0	0	0	0	0	0	0	0	0	0	4	[2D]	1	2
24	123457011	181	9	3	5	14	0	1	2	0	0	0	1	0	0	0	0	19	14	0	1	1	0	72	0	0	0	2	0	0	0	0	0	0	0	0	0	0	0	4	[2D]	1	3
25	123457011	172	14	7	5	14	0	1	2	0	0	0	1	0	0	0	0	19	14	0	1	1	0	72	0	0	0	2	0	0	0	0	0	0	0	0	0	0	0	4	[2D]	1	4
26	123457011	165	17	10	6	14	0	0	3	0	0	0	1	0	0	0	0	19	15	0	1	1	0	72	0	0	0	2	0	0	0	0	0	0	0	0	0	0	0	4	[2D]	1	3
27	123457011	165	9	16	8	14	0	0	3	0	0	0	1	0	0	0	0	19	15	0	1	1	0	72	0	0	0	2	0	0	0	0	0	0	0	0	0	0	0	4	[2D]	1	4
28	123457011	164	8	16	10	14	0	0	3	0	0	0	1	0	0	0	0	19	16	0	1	1	0	72	0	0	0	2	0	0	0	0	0	0	0	0	0	0	0	5	[2D]	1	4
29	123457011	150	18	19	11	14	0	0	3	0	0	0	1	0	0	0	0	19	16	0	1	1	0	70	2	0	0	2	0	0	0	0	0	0	0	0	0	0	0	5	[2D]	1	5
30	123457011	143	23	20	12	14	0	0	3	0	0	0	1	0	0	0	0	19	16	0	1	1	0	70	2	0	0	2	0	0	0	0	0	0	0	0	0	0	0	5	[2D]	1	5
31	123457011	148	20	20	10	0	2	7	8	0	0	0	0	0	0	1	0	38	16	1	9	1	1	71	1	0	0	1	0	1	0	0	0	0	0	0	0	0	0	5	[3B]	1	5
32	123457011	133	19	16	12	10	5	11	8	0	0	1	0	0	0	1	0	57	17	1	12	2	1	69	0	1	0	3	0	1	0	0	0	0	0	0	0	0	0	5	[3B 1C]	2	5
33	123457011	123	20	25	12	10	5	10	9	0	0	1	0	0	0	1	0	57	17	1	12	2	1	68	1	1	0	3	0	1	0	0	0	0	0	0	0	0	0	5	[3B 1C]	2	7
34	123457011	123	13	30	14	10	4	9	11	0	0	1	0	0	0	1	0	57	17	1	12	2	1	68	1	0	1	3	0	1	0	0	0	0	0	0	0	0	0	5	[3B 1C]	2	8
35	123457011	123	10	31	16	10	3	10	11	0	0	1	0	0	0	0	1	57	17	1	12	2	1	68	1	0	1	3	0	1	0	0	0	0	0	0	0	0	0	5	[3B 1C]	2	8
36	123457011	102	27	33	18	10	2	11	11	0	0	1	0	0	0	0	1	57	18	1	12	2	1	67	2	0	1	3	0	1	0	0	0	0	0	0	0	0	0	6	[3B 1C]	2	8
37	123457011	91	30	35	24	10	1	10	13	0	0	1	0	0	0	0	1	57	18	1	12	2	1	65	3	1	1	3	0	1	0	0	0	0	0	0	0	0	0	6	[3B 1C]	2	8
38	123457011	81	32	39	28	10	1	9	14	0	0	1	0	0	0	0	1	57	18	1	12	2	1	63	4	2	1	3	0	1	0	0	0	0	0	0	0	0	0	6	[3B 1C]	2	8
39	123457011	73	33	40	34	10	1	9	14	0	0	1	0	0	0	0	1	57	19	1	12	2	1	62	5	2	1	3	0	1	0	0	0	0	0	0	0	0	0	7	[3B 1C]	2	8
40	123457011	69	31	42	38	10	0	9	15	0	0	0	1	0	0	0	1	57	19	1	12	2	1	61	5	3	1	3	0	1	0	0	0	0	0	0	0	0	0	7	[3B 1C]	2	9
41	123457011	69	16	50	45	10	0	9	15	0	0	0	1	0	0	0	1	57	19	1	12	2	1	61	4	4	1	3	0	1	0	0	0	0	0	0	0	0	0	7	[3B 1C]	2	10
42	123457011	69	12	43	56	10	0	8	16	0	0	0	1	0	0	0	1	57	20	1	12	2	1	61	2	6	1	3	0	1	0	0	0	0	0	0	0	0	0	7	[3B 1C]	2	10
43	123457011	59	19	42	60	10	0	6	18	0	0	0	1	0	0	0	1	57	21	1	12	2	1	61	2	4	3	3	0	0	1	0	0	0	0	0	0	0	0	7	[3B 1C]	2	10
44	123457011	48	25	43	64	10	0	5	19	0	0	0	1	0	0	0	1	57	22	1	12	2	1	60	2	5	3	3	0	0	1	0	0	0	0	0	0	0	0	7	[3B 1C]	2	10
45	123457011	42	21	48	87	10	0	2	5	0	0	0	1	0	0	0	0	57	22	1	12	2	1	59	4	5	4	2	0	0	0	0	0	0	0	0	0	0	0	8	[1C]	1	10
46	123457011	47	20	48	101	0	0	0	0	0	0	0	0	0	0	0	0	57	22	1	12	2	1	59	5	5	5	0	0	0	0	0	0	0	0	0	0	0	0	8	[]	0	9
47	123457011	39	11	41	107	4	5	6	2	0	0	1	0	0	0	0	0	76	23	1	18	3	1	55	5	7	5	2	0	0	0	0	0	0	0	0	0	0	0	8	[3C]	1	9
48	123457011	39	10	38	111	4	5	6	2	0	0	0	1	0	0	0	0	76	25	1	18	3	1	55	4	7	6	2	0	0	0	0	0	0	0	0	0	0	0	8	[3C]	1	9
49	123457011	39	8	34	117	4	3	8	2	0	0	0	1	0	0	0	0	76	26	1	18	3	1	55	3	6	8	2	0	0	0	0	0	0	0	0	0	0	0	8	[3C]	1	9
50	123457011	37	9	32	120	4	1	10	2	0	0	0	1	0	0	0	0	76	26	1	18	3	1	52	5	6	9	2	0	0	0	0	0	0	0	0	0	0	0	8	[3C]	1	9
51	123457011	35	10	28	125	4	1	7	5	0	0	0	1	0	0	0	0	76	27	1	18	3	1	52	5	6	9	2	0	0	0	0	0	0	0	0	0	0	0	8	[3C]	1	9
52	123457011	29	12	30	127	4	0	8	5	0	0	0	1	0	0	0	0	76	29	1	18	3	1	52	4	6	10	2	0	0	0	0	0	0	0	0	0	0	0	8	[3C]	1	10
53	123457011	22	15	29	132	4	0	7	6	0	0	0	1	0	0	0	0	76	30	1	18	3	1	52	4	5	11	2	0	0	0	0	0	0	0	0	0	0	0	8	[3C]	1	10
54	123457011	19	15	30	134	4	0	7	6	0	0	0	1	0	0	0	0	76	31	1	18	3	1	52	2	6	12	2	0	0	0	0	0	0	0	0	0	0	0	8	[3C]	1	10
55	123457011	14	5	25	118	9	3	13	27	0	0	1	1	0	0	0	0	114	33	2	24	4	2	49	0	6	13	5	0	0	0	0	0	0	0	0	0	1	0	8	[3C 1D 2B]	3	10
56	123457011	14	2	23	123	9	1	15	27	0	0	0	2	0	0	0	0	114	34	2	24	4	2	49	0	4	15	5	0	0	0	0	0	0	0	0	0	1	0	8	[3C 1D 2B]	3	10
57	123457011	13	3	21	125	9	1	14	28	0	0	0	2	0	0	0	0	114	35	2	24	4	2	48	1	3	16	5	0	0	0	0	0	0	0	0	0	1	0	8	[3C 1D 2B]	3	10
58	123457011	8	7	17	130	9	1	11	31	0	0	0	2	0	0	0	0	114	35	2	24	4	2	48	0	4	16	5	0	0	0	0	0	0	0	0	0	1	0	8	[3C 1D 2B]	3	11
59	123457011	7	6	17	132	9	1	7	35	0	0	0	2	0	0	0	0	114	35	2	24	4	2	48	0	4	16	5	0	0	0	0	0	0	0	0	0	1	0	8	[3C 1D 2B]	3	11
60	123457011	6	6	18	132	9	1	5	37	0	0	0	2	0	0	0	0	114	35	2	24	4	2	47	1	4	16	5	0	0	0	0	0	0	0	0	0	1	0	8	[3C 1D 2B]	3	11
