day	seedRun	susceptible	exposed	infected	removed	susceptible-in-quarantine	exposed-in-quarantine	infected-in-quarantine	removed-in-quarantine	susceptible-in-quarantine-external-1	exposed-in-quarantine-external-1	infected-in-quarantine-external-1	removed-in-quarantine-external-1	susceptible-in-quarantine-external-2	exposed-in-quarantine-external-2	infected-in-quarantine-external-2	removed-in-quarantine-external-2	num-of-screened-agents	num-of-screened-agents-external-1	num-of-screened-agents-external-2	num-of-positive-agents	num-of-positive-agents-external-1	num-of-positive-agents-external-2	num-vaccinated-susceptible	num-vaccinated-exposed	num-vaccinated-infected	num-vaccinated-removed	num-vaccinated-susceptible-in-quarantine	num-vaccinated-exposed-in-quarantine	num-vaccinated-infected-in-quarantine	num-vaccinated-removed-in-quarantine	num-vaccinated-susceptible-in-quarantine-external-1	num-vaccinated-exposed-in-quarantine-external-1	num-vaccinated-infected-in-quarantine-external-1	num-vaccinated-removed-in-quarantine-external-1	num-vaccinated-susceptible-in-quarantine-external-2	num-vaccinated-exposed-in-quarantine-external-2	num-vaccinated-infected-in-quarantine-external-2	num-vaccinated-removed-in-quarantine-external-2	num-infected-outside	classroom-in-quarantine	num-of-classroom-in-quarantine	classroom-with-at-least-one-infected
0	123456810	240	0	0	0	0	0	0	0	0	0	0	0	0	0	0	0	0	0	0	0	0	0	50	0	0	0	0	0	0	0	0	0	0	0	0	0	0	0	0	[]	0	0
1	123456810	240	0	0	0	0	0	0	0	0	0	0	0	0	0	0	0	0	0	0	0	0	0	50	0	0	0	0	0	0	0	0	0	0	0	0	0	0	0	0	[]	0	0
2	123456810	240	0	0	0	0	0	0	0	0	0	0	0	0	0	0	0	0	1	0	0	0	0	50	0	0	0	0	0	0	0	0	0	0	0	0	0	0	0	0	[]	0	0
3	123456810	239	1	0	0	0	0	0	0	0	0	0	0	0	0	0	0	0	4	0	0	0	0	50	0	0	0	0	0	0	0	0	0	0	0	0	0	0	0	1	[]	0	0
4	123456810	239	1	0	0	0	0	0	0	0	0	0	0	0	0	0	0	0	6	0	0	0	0	50	0	0	0	0	0	0	0	0	0	0	0	0	0	0	0	1	[]	0	0
5	123456810	236	3	1	0	0	0	0	0	0	0	0	0	0	0	0	0	0	7	0	0	0	0	50	0	0	0	0	0	0	0	0	0	0	0	0	0	0	0	2	[]	0	1
6	123456810	236	3	1	0	0	0	0	0	0	0	0	0	0	0	0	0	0	8	0	0	0	0	50	0	0	0	0	0	0	0	0	0	0	0	0	0	0	0	2	[]	0	1
7	123456810	236	2	2	0	0	0	0	0	0	0	0	0	0	0	0	0	0	8	0	0	0	0	50	0	0	0	0	0	0	0	0	0	0	0	0	0	0	0	2	[]	0	1
8	123456810	235	3	2	0	0	0	0	0	0	0	0	0	0	0	0	0	0	8	0	0	0	0	50	0	0	0	0	0	0	0	0	0	0	0	0	0	0	0	2	[]	0	1
9	123456810	230	8	2	0	0	0	0	0	0	0	0	0	0	0	0	0	0	8	0	0	0	0	50	0	0	0	0	0	0	0	0	0	0	0	0	0	0	0	2	[]	0	1
10	123456810	224	11	5	0	0	0	0	0	0	0	0	0	0	0	0	0	0	8	0	0	0	0	49	1	0	0	0	0	0	0	0	0	0	0	0	0	0	0	2	[]	0	2
11	123456810	219	14	7	0	0	0	0	0	0	0	0	0	0	0	0	0	0	8	0	0	0	0	49	0	1	0	0	0	0	0	0	0	0	0	0	0	0	0	2	[]	0	2
12	123456810	210	18	11	1	0	0	0	0	0	0	0	0	0	0	0	0	0	8	0	0	0	0	49	0	1	0	0	0	0	0	0	0	0	0	0	0	0	0	2	[]	0	2
13	123456810	210	13	13	4	0	0	0	0	0	0	0	0	0	0	0	0	0	10	0	0	0	0	49	0	1	0	0	0	0	0	0	0	0	0	0	0	0	0	2	[]	0	3
14	123456810	210	9	16	5	0	0	0	0	0	0	0	0	0	0	0	0	0	10	0	0	0	0	49	0	1	0	0	0	0	0	0	0	0	0	0	0	0	0	2	[]	0	3
15	123456810	201	15	14	10	0	0	0	0	0	0	0	0	0	0	0	0	0	10	0	0	0	0	48	1	1	0	0	0	0	0	0	0	0	0	0	0	0	0	2	[]	0	3
16	123456810	190	22	18	10	0	0	0	0	0	0	0	0	0	0	0	0	0	10	0	0	0	0	47	1	2	0	0	0	0	0	0	0	0	0	0	0	0	0	3	[]	0	4
17	123456810	178	26	24	12	0	0	0	0	0	0	0	0	0	0	0	0	0	10	0	0	0	0	47	0	3	0	0	0	0	0	0	0	0	0	0	0	0	0	3	[]	0	5
18	123456810	163	32	27	18	0	0	0	0	0	0	0	0	0	0	0	0	0	11	0	0	0	0	45	2	3	0	0	0	0	0	0	0	0	0	0	0	0	0	3	[]	0	6
19	123456810	143	40	35	22	0	0	0	0	0	0	0	0	0	0	0	0	0	11	0	0	0	0	43	3	4	0	0	0	0	0	0	0	0	0	0	0	0	0	3	[]	0	7
20	123456810	143	27	39	31	0	0	0	0	0	0	0	0	0	0	0	0	0	11	0	0	0	0	43	2	3	2	0	0	0	0	0	0	0	0	0	0	0	0	3	[]	0	8
21	123456810	136	17	33	34	7	3	5	4	0	0	0	0	0	0	1	0	19	11	1	5	0	1	43	1	4	2	0	0	0	0	0	0	0	0	0	0	0	0	3	[3C]	1	8
22	123456810	115	33	34	38	7	3	5	4	0	0	0	0	0	0	1	0	19	12	1	5	0	1	39	5	3	3	0	0	0	0	0	0	0	0	0	0	0	0	5	[3C]	1	8
23	123456810	95	34	32	39	12	4	17	5	0	0	0	0	0	0	1	1	38	13	2	16	0	2	37	6	4	3	0	0	0	0	0	0	0	0	0	0	0	0	5	[3C 1A]	2	10
24	123456810	75	43	40	42	12	3	11	12	0	0	0	0	0	0	0	2	38	13	2	16	0	2	36	6	3	5	0	0	0	0	0	0	0	0	0	0	0	0	5	[3C 1A]	2	10
25	123456810	57	46	53	44	12	3	8	15	0	0	0	0	0	0	0	2	38	13	2	16	0	2	35	6	4	5	0	0	0	0	0	0	0	0	0	0	0	0	5	[3C 1A]	2	11
26	123456810	43	49	57	51	12	3	6	17	0	0	0	0	0	0	0	2	38	13	2	16	0	2	33	7	4	6	0	0	0	0	0	0	0	0	0	0	0	0	5	[3C 1A]	2	11
27	123456810	35	22	49	54	20	16	20	20	0	0	0	0	0	0	2	2	76	13	4	31	0	4	33	4	7	6	0	0	0	0	0	0	0	0	0	0	0	0	5	[3C 1A 3A 2C]	4	11
28	123456810	35	18	42	65	20	13	22	21	0	0	0	0	0	0	2	2	76	14	4	31	0	4	33	1	9	7	0	0	0	0	0	0	0	0	0	0	0	0	5	[3C 1A 3A 2C]	4	11
29	123456810	28	19	41	72	20	10	24	22	0	0	0	0	0	0	2	2	76	14	4	31	0	4	31	2	7	10	0	0	0	0	0	0	0	0	0	0	0	0	6	[3C 1A 3A 2C]	4	11
30	123456810	21	21	39	79	20	7	22	27	0	0	0	0	0	0	2	2	76	14	4	31	0	4	30	2	8	10	0	0	0	0	0	0	0	0	0	0	0	0	6	[3C 1A 3A 2C]	4	11
31	123456810	13	22	43	82	20	5	21	30	0	0	0	0	0	0	2	2	76	14	4	31	0	4	28	4	7	11	0	0	0	0	0	0	0	0	0	0	0	0	6	[3C 1A 3A 2C]	4	12
32	123456810	9	19	36	76	20	7	24	44	0	0	1	0	0	0	2	2	95	15	4	37	1	4	27	5	7	11	0	0	0	0	0	0	0	0	0	0	0	0	6	[3C 1A 3A 2C 3B]	5	12
33	123456810	5	19	34	82	20	4	26	45	0	0	1	0	0	0	2	2	95	15	4	37	1	4	27	4	6	13	0	0	0	0	0	0	0	0	0	0	0	0	6	[3C 1A 3A 2C 3B]	5	12
34	123456810	5	11	33	71	20	2	27	65	0	0	2	0	0	0	2	2	114	18	4	38	2	4	27	4	6	13	0	0	0	0	0	0	0	0	0	0	0	0	6	[3C 1A 3A 2C 3B 3D]	6	12
35	123456810	12	7	32	89	13	1	26	55	0	0	1	1	0	0	2	1	114	20	4	38	2	4	27	1	8	14	0	0	0	0	0	0	0	0	0	0	0	0	6	[1A 3A 2C 3B 3D]	5	11
36	123456810	9	7	35	89	13	1	18	63	0	0	1	1	0	0	2	1	114	20	4	38	2	4	26	2	8	14	0	0	0	0	0	0	0	0	0	0	0	0	6	[1A 3A 2C 3B 3D]	5	11
37	123456810	14	6	32	108	8	1	14	53	0	0	1	1	0	0	2	0	114	20	4	38	2	4	24	4	8	14	0	0	0	0	0	0	0	0	0	0	0	0	6	[3A 2C 3B 3D]	4	10
38	123456810	12	6	26	96	8	2	13	72	0	0	2	1	0	0	1	1	133	22	4	41	3	4	24	3	9	14	0	0	0	0	0	0	0	0	0	0	0	0	6	[3A 2C 3B 3D 1D]	5	10
39	123456810	12	4	24	100	8	2	11	74	0	0	2	1	0	0	1	1	133	23	4	41	3	4	24	1	9	16	0	0	0	0	0	0	0	0	0	0	0	0	6	[3A 2C 3B 3D 1D]	5	10
40	123456810	12	1	23	103	8	0	10	77	0	0	2	2	0	0	1	1	152	25	4	41	4	4	24	1	7	18	0	0	0	0	0	0	0	0	0	0	0	0	6	[3A 2C 3B 3D 1D]	5	9
41	123456810	20	0	21	138	0	0	4	53	0	0	2	2	0	0	0	0	152	25	4	41	4	4	24	0	7	19	0	0	0	0	0	0	0	0	0	0	0	0	6	[3B 3D 1D]	3	7
42	123456810	20	0	19	140	0	0	3	54	0	0	2	2	0	0	0	0	152	25	4	41	4	4	24	0	6	20	0	0	0	0	0	0	0	0	0	0	0	0	6	[3B 3D 1D]	3	7
43	123456810	19	1	17	142	0	0	3	54	0	0	1	3	0	0	0	0	152	25	4	41	4	4	23	1	6	20	0	0	0	0	0	0	0	0	0	0	0	0	6	[3B 3D 1D]	3	6
44	123456810	19	1	16	143	0	0	3	54	0	0	0	4	0	0	0	0	152	26	4	41	4	4	23	1	6	20	0	0	0	0	0	0	0	0	0	0	0	0	6	[3B 3D 1D]	3	6
45	123456810	19	1	16	143	0	0	3	54	0	0	0	4	0	0	0	0	171	26	4	41	4	4	22	1	7	20	0	0	0	0	0	0	0	0	0	0	0	0	6	[3B 3D 1D]	3	6
46	123456810	17	3	14	165	0	0	1	37	0	0	0	3	0	0	0	0	171	27	4	41	4	4	22	1	6	21	0	0	0	0	0	0	0	0	0	0	0	0	6	[3D 1D]	2	5
47	123456810	17	3	5	154	0	0	6	51	0	0	0	3	0	0	1	0	190	28	5	47	4	5	21	2	6	21	0	0	0	0	0	0	0	0	0	0	0	0	6	[3D 1D 2B]	3	4
48	123456810	17	3	5	174	0	0	6	32	0	0	0	2	0	0	0	1	190	28	5	47	4	5	21	0	7	22	0	0	0	0	0	0	0	0	0	0	0	0	6	[1D 2B]	2	4
49	123456810	17	0	8	174	0	0	6	32	0	0	0	2	0	0	0	1	190	28	5	47	4	5	21	0	7	22	0	0	0	0	0	0	0	0	0	0	0	0	6	[1D 2B]	2	7
50	123456810	16	1	8	174	0	0	3	35	0	0	0	2	0	0	0	1	190	29	5	47	4	5	21	0	5	24	0	0	0	0	0	0	0	0	0	0	0	0	6	[1D 2B]	2	7
51	123456810	16	1	7	175	0	0	3	35	0	0	0	2	0	0	0	1	190	29	5	47	4	5	21	0	3	26	0	0	0	0	0	0	0	0	0	0	0	0	6	[1D 2B]	2	6
52	123456810	15	1	7	196	0	0	2	17	0	0	0	1	0	0	0	1	190	30	5	47	4	5	21	0	2	27	0	0	0	0	0	0	0	0	0	0	0	0	6	[2B]	1	5
53	123456810	14	1	8	196	0	0	2	17	0	0	0	1	0	0	0	1	190	32	5	47	4	5	21	0	2	27	0	0	0	0	0	0	0	0	0	0	0	0	6	[2B]	1	5
54	123456810	14	1	5	200	0	0	1	18	0	0	0	0	0	0	0	1	190	32	5	47	4	5	21	0	2	27	0	0	0	0	0	0	0	0	0	0	0	0	6	[2B]	1	3
55	123456810	14	1	5	200	0	0	0	19	0	0	0	0	0	0	0	1	190	33	5	47	4	5	21	0	1	28	0	0	0	0	0	0	0	0	0	0	0	0	6	[2B]	1	2
56	123456810	14	1	4	201	0	0	0	19	0	0	0	0	0	0	0	1	190	33	5	47	4	5	21	0	1	28	0	0	0	0	0	0	0	0	0	0	0	0	6	[2B]	1	2
57	123456810	14	1	3	202	0	0	0	19	0	0	0	0	0	0	0	1	190	33	5	47	4	5	21	0	0	29	0	0	0	0	0	0	0	0	0	0	0	0	6	[2B]	1	2
58	123456810	13	2	2	203	0	0	0	19	0	0	0	0	0	0	0	1	190	34	5	47	4	5	21	0	0	29	0	0	0	0	0	0	0	0	0	0	0	0	6	[2B]	1	2
59	123456810	12	2	3	203	0	0	0	19	0	0	0	0	0	0	0	1	190	34	5	47	4	5	21	0	0	29	0	0	0	0	0	0	0	0	0	0	0	0	6	[2B]	1	2
60	123456810	12	1	4	203	0	0	0	19	0	0	0	0	0	0	0	1	190	35	5	47	4	5	21	0	0	29	0	0	0	0	0	0	0	0	0	0	0	0	6	[2B]	1	2
