day	seedRun	susceptible	exposed	infected	removed	susceptible-in-quarantine	exposed-in-quarantine	infected-in-quarantine	removed-in-quarantine	susceptible-in-quarantine-external-1	exposed-in-quarantine-external-1	infected-in-quarantine-external-1	removed-in-quarantine-external-1	susceptible-in-quarantine-external-2	exposed-in-quarantine-external-2	infected-in-quarantine-external-2	removed-in-quarantine-external-2	num-of-screened-agents	num-of-screened-agents-external-1	num-of-screened-agents-external-2	num-of-positive-agents	num-of-positive-agents-external-1	num-of-positive-agents-external-2	num-vaccinated-susceptible	num-vaccinated-exposed	num-vaccinated-infected	num-vaccinated-removed	num-vaccinated-susceptible-in-quarantine	num-vaccinated-exposed-in-quarantine	num-vaccinated-infected-in-quarantine	num-vaccinated-removed-in-quarantine	num-vaccinated-susceptible-in-quarantine-external-1	num-vaccinated-exposed-in-quarantine-external-1	num-vaccinated-infected-in-quarantine-external-1	num-vaccinated-removed-in-quarantine-external-1	num-vaccinated-susceptible-in-quarantine-external-2	num-vaccinated-exposed-in-quarantine-external-2	num-vaccinated-infected-in-quarantine-external-2	num-vaccinated-removed-in-quarantine-external-2	num-infected-outside	classroom-in-quarantine	num-of-classroom-in-quarantine	classroom-with-at-least-one-infected
0	123456960	240	0	0	0	0	0	0	0	0	0	0	0	0	0	0	0	0	0	0	0	0	0	50	0	0	0	0	0	0	0	0	0	0	0	0	0	0	0	0	[]	0	0
1	123456960	240	0	0	0	0	0	0	0	0	0	0	0	0	0	0	0	0	1	0	0	0	0	50	0	0	0	0	0	0	0	0	0	0	0	0	0	0	0	0	[]	0	0
2	123456960	240	0	0	0	0	0	0	0	0	0	0	0	0	0	0	0	0	2	0	0	0	0	50	0	0	0	0	0	0	0	0	0	0	0	0	0	0	0	0	[]	0	0
3	123456960	240	0	0	0	0	0	0	0	0	0	0	0	0	0	0	0	0	5	0	0	0	0	50	0	0	0	0	0	0	0	0	0	0	0	0	0	0	0	0	[]	0	0
4	123456960	240	0	0	0	0	0	0	0	0	0	0	0	0	0	0	0	0	5	0	0	0	0	50	0	0	0	0	0	0	0	0	0	0	0	0	0	0	0	0	[]	0	0
5	123456960	240	0	0	0	0	0	0	0	0	0	0	0	0	0	0	0	0	5	0	0	0	0	50	0	0	0	0	0	0	0	0	0	0	0	0	0	0	0	0	[]	0	0
6	123456960	239	1	0	0	0	0	0	0	0	0	0	0	0	0	0	0	0	5	0	0	0	0	50	0	0	0	0	0	0	0	0	0	0	0	0	0	0	0	1	[]	0	0
7	123456960	239	1	0	0	0	0	0	0	0	0	0	0	0	0	0	0	0	6	0	0	0	0	50	0	0	0	0	0	0	0	0	0	0	0	0	0	0	0	1	[]	0	0
8	123456960	238	1	1	0	0	0	0	0	0	0	0	0	0	0	0	0	0	7	0	0	0	0	50	0	0	0	0	0	0	0	0	0	0	0	0	0	0	0	1	[]	0	1
9	123456960	235	3	2	0	0	0	0	0	0	0	0	0	0	0	0	0	0	8	0	0	0	0	49	1	0	0	0	0	0	0	0	0	0	0	0	0	0	0	1	[]	0	2
10	123456960	233	4	2	1	0	0	0	0	0	0	0	0	0	0	0	0	0	9	0	0	0	0	49	1	0	0	0	0	0	0	0	0	0	0	0	0	0	0	2	[]	0	2
11	123456960	227	8	4	1	0	0	0	0	0	0	0	0	0	0	0	0	0	11	0	0	0	0	49	1	0	0	0	0	0	0	0	0	0	0	0	0	0	0	2	[]	0	2
12	123456960	219	12	8	1	0	0	0	0	0	0	0	0	0	0	0	0	0	11	0	0	0	0	48	2	0	0	0	0	0	0	0	0	0	0	0	0	0	0	2	[]	0	2
13	123456960	204	7	8	1	14	3	2	0	0	0	0	0	0	0	1	0	19	11	1	2	0	1	48	1	1	0	0	0	0	0	0	0	0	0	0	0	0	0	3	[3D]	1	2
14	123456960	204	6	8	2	14	3	2	0	0	0	0	0	0	0	1	0	19	13	1	2	0	1	48	1	0	1	0	0	0	0	0	0	0	0	0	0	0	0	3	[3D]	1	3
15	123456960	196	11	10	3	14	2	3	0	0	0	0	0	0	0	1	0	19	14	1	2	0	1	47	1	1	1	0	0	0	0	0	0	0	0	0	0	0	0	3	[3D]	1	4
16	123456960	184	20	11	5	14	1	4	0	0	0	0	0	0	0	1	0	19	15	1	2	0	1	47	1	1	1	0	0	0	0	0	0	0	0	0	0	0	0	3	[3D]	1	4
17	123456960	174	24	16	6	14	1	3	1	0	0	0	0	0	0	1	0	19	15	1	2	0	1	47	0	2	1	0	0	0	0	0	0	0	0	0	0	0	0	3	[3D]	1	5
18	123456960	166	29	16	9	14	1	3	1	0	0	0	0	0	0	1	0	19	15	1	2	0	1	45	2	2	1	0	0	0	0	0	0	0	0	0	0	0	0	3	[3D]	1	5
19	123456960	148	32	29	11	14	1	2	2	0	0	0	0	0	0	1	0	19	15	1	2	0	1	42	3	4	1	0	0	0	0	0	0	0	0	0	0	0	0	3	[3D]	1	7
20	123456960	145	17	27	11	17	6	9	6	0	0	0	0	0	0	2	0	38	15	2	10	0	2	42	2	4	2	0	0	0	0	0	0	0	0	0	0	0	0	3	[3D 1C]	2	8
21	123456960	145	16	24	15	17	4	11	6	0	0	0	0	0	0	2	0	38	16	2	10	0	2	42	1	4	3	0	0	0	0	0	0	0	0	0	0	0	0	3	[3D 1C]	2	8
22	123456960	127	28	26	19	17	3	12	6	0	0	0	0	0	0	1	1	38	16	2	10	0	2	41	2	4	3	0	0	0	0	0	0	0	0	0	0	0	0	4	[3D 1C]	2	7
23	123456960	106	38	34	22	17	1	14	6	0	0	0	0	0	0	1	1	38	16	2	10	0	2	39	3	4	4	0	0	0	0	0	0	0	0	0	0	0	0	4	[3D 1C]	2	9
24	123456960	91	38	32	19	17	5	21	14	0	0	0	0	0	0	2	1	57	17	3	17	0	3	38	3	4	5	0	0	0	0	0	0	0	0	0	0	0	0	4	[3D 1C 3A]	3	9
25	123456960	69	34	36	21	28	8	22	18	0	0	0	0	0	0	1	3	76	17	4	22	0	4	36	4	5	5	0	0	0	0	0	0	0	0	0	0	0	0	4	[3D 1C 3A 2C]	4	9
26	123456960	60	32	40	28	28	3	25	20	0	0	0	0	0	0	1	3	76	17	4	22	0	4	35	5	4	6	0	0	0	0	0	0	0	0	0	0	0	0	4	[3D 1C 3A 2C]	4	9
27	123456960	74	21	41	44	14	2	20	21	0	0	0	0	0	0	1	2	76	17	4	22	0	4	35	5	4	6	0	0	0	0	0	0	0	0	0	0	0	0	4	[1C 3A 2C]	3	9
28	123456960	74	14	47	45	14	0	20	23	0	0	0	0	0	0	1	2	76	17	4	22	0	4	35	2	7	6	0	0	0	0	0	0	0	0	0	0	0	0	4	[1C 3A 2C]	3	10
29	123456960	65	19	45	51	14	0	17	26	0	0	0	0	0	0	0	3	76	18	4	22	0	4	31	6	7	6	0	0	0	0	0	0	0	0	0	0	0	0	4	[1C 3A 2C]	3	10
30	123456960	50	26	48	56	14	0	15	28	0	0	0	0	0	0	0	3	76	19	4	22	0	4	29	4	10	7	0	0	0	0	0	0	0	0	0	0	0	0	4	[1C 3A 2C]	3	10
31	123456960	39	26	51	64	14	0	14	29	0	0	0	0	0	0	0	3	76	19	4	22	0	4	26	5	10	9	0	0	0	0	0	0	0	0	0	0	0	0	4	[1C 3A 2C]	3	12
32	123456960	27	17	44	72	20	5	19	32	0	0	0	0	0	0	1	3	95	19	5	30	0	5	25	4	12	9	0	0	0	0	0	0	0	0	0	0	0	0	4	[1C 3A 2C 1B]	4	12
33	123456960	17	21	39	63	20	4	23	48	0	0	1	0	0	0	1	3	114	21	5	34	1	5	23	6	10	11	0	0	0	0	0	0	0	0	0	0	0	0	5	[1C 3A 2C 1B 3C]	5	12
34	123456960	11	11	26	72	26	8	26	54	0	0	3	0	0	0	1	2	152	24	5	42	3	5	23	3	12	12	0	0	0	0	0	0	0	0	0	0	0	0	5	[3A 2C 1B 3C 2D 1A]	6	11
35	123456960	11	8	26	75	26	6	24	58	0	0	1	2	0	0	1	2	152	24	5	42	3	5	23	2	10	15	0	0	0	0	0	0	0	0	0	0	0	0	5	[3A 2C 1B 3C 2D 1A]	6	11
36	123456960	7	10	23	80	26	5	24	59	0	0	1	2	0	0	0	3	152	24	5	42	3	5	23	2	9	16	0	0	0	0	0	0	0	0	0	0	0	0	5	[3A 2C 1B 3C 2D 1A]	6	11
37	123456960	6	8	21	85	26	4	22	62	0	0	1	2	0	0	0	3	152	24	5	42	3	5	22	2	9	17	0	0	0	0	0	0	0	0	0	0	0	0	5	[3A 2C 1B 3C 2D 1A]	6	10
38	123456960	5	7	21	107	26	3	19	47	0	0	1	2	0	0	0	2	152	25	5	42	3	5	21	2	7	20	0	0	0	0	0	0	0	0	0	0	0	0	5	[2C 1B 3C 2D 1A]	5	8
39	123456960	14	8	20	118	15	2	18	41	0	0	1	2	0	0	0	1	152	25	5	42	3	5	20	3	7	20	0	0	0	0	0	0	0	0	0	0	0	0	5	[1B 3C 2D 1A]	4	8
40	123456960	14	6	18	122	15	2	16	43	0	0	1	2	0	0	0	1	152	25	5	42	3	5	19	2	9	20	0	0	0	0	0	0	0	0	0	0	0	0	5	[1B 3C 2D 1A]	4	8
41	123456960	14	5	13	108	15	1	16	63	0	0	1	2	0	0	1	1	171	25	6	44	3	6	19	2	8	21	0	0	0	0	0	0	0	0	0	0	0	0	5	[1B 3C 2D 1A 2A]	5	8
42	123456960	14	1	7	98	15	2	19	78	0	0	1	2	0	0	2	1	190	25	7	51	3	7	19	2	7	22	0	0	0	0	0	0	0	0	0	0	0	0	5	[1B 3C 2D 1A 2A 3D]	6	8
43	123456960	14	1	7	98	15	2	18	79	0	0	1	2	0	0	2	1	190	25	7	51	3	7	18	2	7	23	0	0	0	0	0	0	0	0	0	0	0	0	5	[1B 3C 2D 1A 2A 3D]	6	8
44	123456960	14	1	5	100	15	1	18	80	0	0	1	2	0	0	1	2	190	25	7	51	3	7	18	2	6	24	0	0	0	0	0	0	0	0	0	0	0	0	5	[1B 3C 2D 1A 2A 3D]	6	8
45	123456960	14	0	6	100	15	0	17	82	0	0	1	2	0	0	1	2	190	25	7	51	3	7	18	2	6	24	0	0	0	0	0	0	0	0	0	0	0	0	5	[1B 3C 2D 1A 2A 3D]	6	8
46	123456960	20	0	4	116	9	0	13	73	0	0	1	2	0	0	0	2	190	25	7	51	3	7	18	0	8	24	0	0	0	0	0	0	0	0	0	0	0	0	5	[3C 2D 1A 2A 3D]	5	6
47	123456960	20	0	2	138	9	0	12	55	0	0	1	1	0	0	0	2	190	25	7	51	3	7	18	0	7	25	0	0	0	0	0	0	0	0	0	0	0	0	5	[2D 1A 2A 3D]	4	5
48	123456960	29	0	2	169	0	0	7	31	0	0	0	0	0	0	0	2	190	26	7	51	3	7	18	0	5	27	0	0	0	0	0	0	0	0	0	0	0	0	5	[2A 3D]	2	3
49	123456960	29	0	2	169	0	0	7	31	0	0	0	0	0	0	0	2	190	27	7	51	3	7	18	0	4	28	0	0	0	0	0	0	0	0	0	0	0	0	5	[2A 3D]	2	3
50	123456960	29	0	2	169	0	0	6	32	0	0	0	0	0	0	0	2	190	27	7	51	3	7	18	0	3	29	0	0	0	0	0	0	0	0	0	0	0	0	5	[2A 3D]	2	2
51	123456960	29	0	1	170	0	0	6	32	0	0	0	0	0	0	0	2	190	28	7	51	3	7	18	0	3	29	0	0	0	0	0	0	0	0	0	0	0	0	5	[2A 3D]	2	2
52	123456960	29	0	1	170	0	0	6	32	0	0	0	0	0	0	0	2	190	28	7	51	3	7	18	0	2	30	0	0	0	0	0	0	0	0	0	0	0	0	5	[2A 3D]	2	2
53	123456960	29	0	1	170	0	0	4	34	0	0	0	0	0	0	0	2	190	30	7	51	3	7	18	0	1	31	0	0	0	0	0	0	0	0	0	0	0	0	5	[2A 3D]	2	2
54	123456960	29	0	1	170	0	0	4	34	0	0	0	0	0	0	0	2	190	32	7	51	3	7	18	0	0	32	0	0	0	0	0	0	0	0	0	0	0	0	5	[2A 3D]	2	2
55	123456960	29	0	0	191	0	0	4	15	0	0	0	0	0	0	0	1	190	32	7	51	3	7	18	0	0	32	0	0	0	0	0	0	0	0	0	0	0	0	5	[3D]	1	1
56	123456960	29	0	0	211	0	0	0	0	0	0	0	0	0	0	0	0	190	32	7	51	3	7	18	0	0	32	0	0	0	0	0	0	0	0	0	0	0	0	5	[]	0	0
57	123456960	29	0	0	211	0	0	0	0	0	0	0	0	0	0	0	0	190	33	7	51	3	7	18	0	0	32	0	0	0	0	0	0	0	0	0	0	0	0	5	[]	0	0
58	123456960	29	0	0	211	0	0	0	0	0	0	0	0	0	0	0	0	190	34	7	51	3	7	18	0	0	32	0	0	0	0	0	0	0	0	0	0	0	0	5	[]	0	0
59	123456960	29	0	0	211	0	0	0	0	0	0	0	0	0	0	0	0	190	35	7	51	3	7	18	0	0	32	0	0	0	0	0	0	0	0	0	0	0	0	5	[]	0	0
60	123456960	29	0	0	211	0	0	0	0	0	0	0	0	0	0	0	0	190	37	7	51	3	7	18	0	0	32	0	0	0	0	0	0	0	0	0	0	0	0	5	[]	0	0
