day	seedRun	susceptible	exposed	infected	removed	susceptible-in-quarantine	exposed-in-quarantine	infected-in-quarantine	removed-in-quarantine	susceptible-in-quarantine-external-1	exposed-in-quarantine-external-1	infected-in-quarantine-external-1	removed-in-quarantine-external-1	susceptible-in-quarantine-external-2	exposed-in-quarantine-external-2	infected-in-quarantine-external-2	removed-in-quarantine-external-2	num-of-screened-agents	num-of-screened-agents-external-1	num-of-screened-agents-external-2	num-of-positive-agents	num-of-positive-agents-external-1	num-of-positive-agents-external-2	num-vaccinated-susceptible	num-vaccinated-exposed	num-vaccinated-infected	num-vaccinated-removed	num-vaccinated-susceptible-in-quarantine	num-vaccinated-exposed-in-quarantine	num-vaccinated-infected-in-quarantine	num-vaccinated-removed-in-quarantine	num-vaccinated-susceptible-in-quarantine-external-1	num-vaccinated-exposed-in-quarantine-external-1	num-vaccinated-infected-in-quarantine-external-1	num-vaccinated-removed-in-quarantine-external-1	num-vaccinated-susceptible-in-quarantine-external-2	num-vaccinated-exposed-in-quarantine-external-2	num-vaccinated-infected-in-quarantine-external-2	num-vaccinated-removed-in-quarantine-external-2	num-infected-outside	classroom-in-quarantine	num-of-classroom-in-quarantine	classroom-with-at-least-one-infected
0	123457065	216	0	0	0	0	0	0	0	0	0	0	0	0	0	0	0	0	0	0	0	0	0	74	0	0	0	0	0	0	0	0	0	0	0	0	0	0	0	0	[]	0	0
1	123457065	205	11	0	0	0	0	0	0	0	0	0	0	0	0	0	0	0	2	0	0	0	0	74	0	0	0	0	0	0	0	0	0	0	0	0	0	0	0	11	[]	0	0
2	123457065	192	20	4	0	0	0	0	0	0	0	0	0	0	0	0	0	0	3	0	0	0	0	74	0	0	0	0	0	0	0	0	0	0	0	0	0	0	0	17	[]	0	4
3	123457065	174	34	8	0	0	0	0	0	0	0	0	0	0	0	0	0	0	4	0	0	0	0	73	1	0	0	0	0	0	0	0	0	0	0	0	0	0	0	25	[]	0	4
4	123457065	150	49	17	0	0	0	0	0	0	0	0	0	0	0	0	0	0	4	0	0	0	0	70	3	1	0	0	0	0	0	0	0	0	0	0	0	0	0	37	[]	0	8
5	123457065	123	65	25	3	0	0	0	0	0	0	0	0	0	0	0	0	0	4	0	0	0	0	69	2	3	0	0	0	0	0	0	0	0	0	0	0	0	0	46	[]	0	10
6	123457065	114	47	32	5	1	6	8	2	0	0	0	0	0	0	1	0	19	4	1	8	0	1	67	1	3	1	2	0	0	0	0	0	0	0	0	0	0	0	54	[1C]	1	12
7	123457065	112	37	38	11	1	3	10	3	0	0	0	0	0	0	1	0	19	4	1	8	0	1	67	1	3	1	2	0	0	0	0	0	0	0	0	0	0	0	56	[1C]	1	11
8	123457065	89	53	39	17	1	3	7	6	0	0	0	0	0	0	0	1	19	6	1	8	0	1	64	3	4	1	2	0	0	0	0	0	0	0	0	0	0	0	60	[1C]	1	11
9	123457065	60	68	49	21	1	3	7	6	0	0	0	0	0	0	0	1	19	6	1	8	0	1	60	6	5	1	2	0	0	0	0	0	0	0	0	0	0	0	65	[1C]	1	12
10	123457065	37	63	56	24	4	6	15	9	0	0	0	0	0	0	1	1	38	6	2	15	0	2	57	6	6	1	4	0	0	0	0	0	0	0	0	0	0	0	67	[1C 2C]	2	12
11	123457065	21	57	69	33	4	5	14	11	0	0	0	0	0	0	1	1	38	6	2	15	0	2	55	5	9	1	4	0	0	0	0	0	0	0	0	0	0	0	72	[1C 2C]	2	12
12	123457065	11	42	62	29	5	11	28	24	0	0	1	0	0	0	2	1	76	7	3	31	1	3	49	5	10	2	8	0	0	0	0	0	0	0	0	0	0	0	72	[1C 2C 3D 2B]	4	12
13	123457065	10	33	61	40	5	10	26	27	0	0	1	0	0	0	2	1	76	7	3	31	1	3	49	3	11	3	8	0	0	0	0	0	0	0	0	0	0	0	73	[1C 2C 3D 2B]	4	12
14	123457065	3	16	47	42	12	13	39	38	0	0	1	0	0	0	4	1	114	7	5	45	1	5	48	2	10	2	9	0	2	1	0	0	0	0	0	0	0	0	73	[1C 2C 3D 2B 1A 2D]	6	12
15	123457065	1	12	45	50	12	11	39	40	0	0	1	0	0	0	3	2	114	7	5	45	1	5	45	5	9	3	9	0	2	1	0	0	0	0	0	0	0	0	73	[1C 2C 3D 2B 1A 2D]	6	12
16	123457065	0	8	43	57	12	11	35	44	0	0	1	0	0	0	2	3	114	7	5	45	1	5	43	5	10	4	9	0	1	2	0	0	0	0	0	0	0	0	73	[1C 2C 3D 2B 1A 2D]	6	12
17	123457065	0	7	38	63	12	8	31	51	0	0	1	0	0	0	1	4	114	7	5	45	1	5	41	7	9	5	9	0	1	2	0	0	0	0	0	0	0	0	73	[1C 2C 3D 2B 1A 2D]	6	12
18	123457065	0	6	36	66	12	7	27	56	0	0	1	0	0	0	1	4	114	7	5	45	1	5	41	5	11	5	9	0	1	2	0	0	0	0	0	0	0	0	73	[1C 2C 3D 2B 1A 2D]	6	12
19	123457065	0	3	32	73	12	4	25	61	0	0	1	0	0	0	1	4	114	7	5	45	1	5	40	3	14	5	9	0	1	2	0	0	0	0	0	0	0	0	73	[1C 2C 3D 2B 1A 2D]	6	12
20	123457065	1	2	27	96	11	0	22	52	0	0	1	0	0	0	1	3	114	7	5	45	1	5	42	1	14	7	7	0	0	3	0	0	0	0	0	0	0	0	73	[2C 3D 2B 1A 2D]	5	11
21	123457065	1	2	22	83	11	0	20	71	0	0	1	0	0	0	2	3	133	7	6	47	1	6	41	1	13	7	8	0	1	3	0	0	0	0	0	0	0	0	73	[2C 3D 2B 1A 2D 3A]	6	11
22	123457065	1	0	22	85	11	0	16	75	0	0	1	0	0	0	2	3	133	7	6	47	1	6	40	1	12	9	8	0	1	3	0	0	0	0	0	0	0	0	73	[2C 3D 2B 1A 2D 3A]	6	11
23	123457065	1	0	20	87	11	0	15	76	0	0	1	0	0	0	2	3	133	7	6	47	1	6	40	1	10	11	8	0	1	3	0	0	0	0	0	0	0	0	73	[2C 3D 2B 1A 2D 3A]	6	11
24	123457065	4	0	15	107	8	0	13	64	0	0	1	0	0	0	1	3	133	9	6	47	1	6	42	1	9	12	6	0	1	3	0	0	0	0	0	0	0	0	73	[3D 2B 1A 2D 3A]	5	10
25	123457065	4	0	12	110	8	0	11	66	0	0	1	0	0	0	0	4	133	9	6	47	1	6	42	1	8	13	6	0	1	3	0	0	0	0	0	0	0	0	73	[3D 2B 1A 2D 3A]	5	10
26	123457065	2	3	10	147	7	0	5	39	0	0	0	0	0	0	0	3	133	10	6	47	1	6	46	1	7	14	2	0	0	4	0	0	0	0	0	0	0	0	76	[1A 2D 3A]	3	8
27	123457065	2	2	10	148	7	0	4	40	0	0	0	0	0	0	0	3	133	10	6	47	1	6	46	0	5	17	2	0	0	4	0	0	0	0	0	0	0	0	76	[1A 2D 3A]	3	9
28	123457065	9	1	11	177	0	0	1	16	0	0	0	0	0	0	0	1	133	11	6	47	1	6	47	0	5	20	1	0	0	1	0	0	0	0	0	0	0	0	76	[3A]	1	8
29	123457065	8	2	9	179	0	0	1	16	0	0	0	0	0	0	0	1	133	12	6	47	1	6	47	0	5	20	1	0	0	1	0	0	0	0	0	0	0	0	77	[3A]	1	7
30	123457065	7	2	8	181	0	0	1	16	0	0	0	0	0	0	0	1	133	13	6	47	1	6	47	0	3	22	1	0	0	1	0	0	0	0	0	0	0	0	77	[3A]	1	7
31	123457065	7	1	8	182	0	0	1	16	0	0	0	0	0	0	0	1	133	14	6	47	1	6	47	0	3	22	1	0	0	1	0	0	0	0	0	0	0	0	77	[3A]	1	7
32	123457065	7	1	8	182	0	0	1	16	0	0	0	0	0	0	0	1	133	14	6	47	1	6	46	1	3	22	1	0	0	1	0	0	0	0	0	0	0	0	78	[3A]	1	7
33	123457065	7	1	8	182	0	0	1	16	0	0	0	0	0	0	0	1	133	15	6	47	1	6	46	0	4	22	1	0	0	1	0	0	0	0	0	0	0	0	78	[3A]	1	7
34	123457065	7	1	7	183	0	0	0	17	0	0	0	0	0	0	0	1	133	16	6	47	1	6	46	0	4	22	1	0	0	1	0	0	0	0	0	0	0	0	78	[3A]	1	6
35	123457065	7	0	6	203	0	0	0	0	0	0	0	0	0	0	0	0	133	17	6	47	1	6	47	0	2	25	0	0	0	0	0	0	0	0	0	0	0	0	78	[]	0	5
36	123457065	7	0	5	204	0	0	0	0	0	0	0	0	0	0	0	0	133	17	6	47	1	6	47	0	2	25	0	0	0	0	0	0	0	0	0	0	0	0	78	[]	0	5
37	123457065	7	0	3	206	0	0	0	0	0	0	0	0	0	0	0	0	133	22	6	47	1	6	47	0	2	25	0	0	0	0	0	0	0	0	0	0	0	0	78	[]	0	4
38	123457065	7	0	2	207	0	0	0	0	0	0	0	0	0	0	0	0	133	23	6	47	1	6	47	0	1	26	0	0	0	0	0	0	0	0	0	0	0	0	78	[]	0	3
39	123457065	7	0	2	207	0	0	0	0	0	0	0	0	0	0	0	0	133	23	6	47	1	6	46	1	1	26	0	0	0	0	0	0	0	0	0	0	0	0	79	[]	0	3
40	123457065	7	0	2	207	0	0	0	0	0	0	0	0	0	0	0	0	133	23	6	47	1	6	46	1	1	26	0	0	0	0	0	0	0	0	0	0	0	0	79	[]	0	3
41	123457065	6	1	1	208	0	0	0	0	0	0	0	0	0	0	0	0	133	23	6	47	1	6	46	1	1	26	0	0	0	0	0	0	0	0	0	0	0	0	80	[]	0	2
42	123457065	6	1	1	208	0	0	0	0	0	0	0	0	0	0	0	0	133	23	6	47	1	6	46	1	1	26	0	0	0	0	0	0	0	0	0	0	0	0	80	[]	0	2
43	123457065	5	1	2	208	0	0	0	0	0	0	0	0	0	0	0	0	133	24	6	47	1	6	45	2	1	26	0	0	0	0	0	0	0	0	0	0	0	0	82	[]	0	3
44	123457065	4	2	1	209	0	0	0	0	0	0	0	0	0	0	0	0	133	24	6	47	1	6	45	1	2	26	0	0	0	0	0	0	0	0	0	0	0	0	83	[]	0	2
45	123457065	4	1	2	209	0	0	0	0	0	0	0	0	0	0	0	0	133	25	6	47	1	6	44	2	2	26	0	0	0	0	0	0	0	0	0	0	0	0	84	[]	0	3
46	123457065	4	1	1	210	0	0	0	0	0	0	0	0	0	0	0	0	133	25	6	47	1	6	43	3	2	26	0	0	0	0	0	0	0	0	0	0	0	0	85	[]	0	2
47	123457065	4	1	1	210	0	0	0	0	0	0	0	0	0	0	0	0	133	25	6	47	1	6	43	2	3	26	0	0	0	0	0	0	0	0	0	0	0	0	85	[]	0	2
48	123457065	4	0	2	210	0	0	0	0	0	0	0	0	0	0	0	0	133	25	6	47	1	6	43	1	4	26	0	0	0	0	0	0	0	0	0	0	0	0	85	[]	0	4
49	123457065	4	0	2	210	0	0	0	0	0	0	0	0	0	0	0	0	133	26	6	47	1	6	43	1	4	26	0	0	0	0	0	0	0	0	0	0	0	0	85	[]	0	4
50	123457065	4	0	0	212	0	0	0	0	0	0	0	0	0	0	0	0	133	26	6	47	1	6	43	1	4	26	0	0	0	0	0	0	0	0	0	0	0	0	85	[]	0	2
51	123457065	4	0	0	212	0	0	0	0	0	0	0	0	0	0	0	0	133	28	6	47	1	6	43	1	3	27	0	0	0	0	0	0	0	0	0	0	0	0	85	[]	0	2
52	123457065	4	0	0	212	0	0	0	0	0	0	0	0	0	0	0	0	133	30	6	47	1	6	42	2	3	27	0	0	0	0	0	0	0	0	0	0	0	0	86	[]	0	2
53	123457065	4	0	0	212	0	0	0	0	0	0	0	0	0	0	0	0	133	31	6	47	1	6	42	1	4	27	0	0	0	0	0	0	0	0	0	0	0	0	86	[]	0	2
54	123457065	4	0	0	212	0	0	0	0	0	0	0	0	0	0	0	0	133	32	6	47	1	6	42	1	3	28	0	0	0	0	0	0	0	0	0	0	0	0	86	[]	0	1
55	123457065	3	1	0	212	0	0	0	0	0	0	0	0	0	0	0	0	133	32	6	47	1	6	41	2	2	29	0	0	0	0	0	0	0	0	0	0	0	0	88	[]	0	1
56	123457065	3	1	0	212	0	0	0	0	0	0	0	0	0	0	0	0	133	32	6	47	1	6	41	2	2	29	0	0	0	0	0	0	0	0	0	0	0	0	88	[]	0	1
57	123457065	3	1	0	212	0	0	0	0	0	0	0	0	0	0	0	0	133	34	6	47	1	6	41	2	2	29	0	0	0	0	0	0	0	0	0	0	0	0	88	[]	0	1
58	123457065	3	1	0	212	0	0	0	0	0	0	0	0	0	0	0	0	133	35	6	47	1	6	41	2	1	30	0	0	0	0	0	0	0	0	0	0	0	0	88	[]	0	0
59	123457065	3	1	0	212	0	0	0	0	0	0	0	0	0	0	0	0	133	36	6	47	1	6	41	1	2	30	0	0	0	0	0	0	0	0	0	0	0	0	88	[]	0	0
60	123457065	3	1	0	212	0	0	0	0	0	0	0	0	0	0	0	0	133	36	6	47	1	6	41	1	2	30	0	0	0	0	0	0	0	0	0	0	0	0	88	[]	0	0
