day	seedRun	susceptible	exposed	infected	removed	susceptible-in-quarantine	exposed-in-quarantine	infected-in-quarantine	removed-in-quarantine	susceptible-in-quarantine-external-1	exposed-in-quarantine-external-1	infected-in-quarantine-external-1	removed-in-quarantine-external-1	susceptible-in-quarantine-external-2	exposed-in-quarantine-external-2	infected-in-quarantine-external-2	removed-in-quarantine-external-2	num-of-screened-agents	num-of-screened-agents-external-1	num-of-screened-agents-external-2	num-of-positive-agents	num-of-positive-agents-external-1	num-of-positive-agents-external-2	num-vaccinated	num-immunized	num-immunized-in-quarantine	num-immunized-in-quarantine-external-1	num-immunized-in-quarantine-external-2	num-infected-outside	classroom-in-quarantine	num-of-classroom-in-quarantine	classroom-with-at-least-one-infected
0	123457168	144	0	0	0	0	0	0	0	0	0	0	0	0	0	0	0	0	0	0	0	0	0	146	146	0	0	0	0	[]	0	0
1	123457168	144	0	0	0	0	0	0	0	0	0	0	0	0	0	0	0	0	1	0	0	0	0	146	146	0	0	0	0	[]	0	0
2	123457168	144	0	0	0	0	0	0	0	0	0	0	0	0	0	0	0	0	3	0	0	0	0	146	146	0	0	0	0	[]	0	0
3	123457168	144	0	0	0	0	0	0	0	0	0	0	0	0	0	0	0	0	7	0	0	0	0	146	146	0	0	0	0	[]	0	0
4	123457168	144	0	0	0	0	0	0	0	0	0	0	0	0	0	0	0	0	8	0	0	0	0	146	146	0	0	0	0	[]	0	0
5	123457168	144	0	0	0	0	0	0	0	0	0	0	0	0	0	0	0	0	8	0	0	0	0	146	146	0	0	0	0	[]	0	0
6	123457168	144	0	0	0	0	0	0	0	0	0	0	0	0	0	0	0	0	11	0	0	0	0	146	146	0	0	0	0	[]	0	0
7	123457168	144	0	0	0	0	0	0	0	0	0	0	0	0	0	0	0	0	13	0	0	0	0	146	146	0	0	0	0	[]	0	0
8	123457168	144	0	0	0	0	0	0	0	0	0	0	0	0	0	0	0	0	13	0	0	0	0	146	146	0	0	0	0	[]	0	0
9	123457168	144	0	0	0	0	0	0	0	0	0	0	0	0	0	0	0	0	16	0	0	0	0	146	146	0	0	0	0	[]	0	0
10	123457168	143	1	0	0	0	0	0	0	0	0	0	0	0	0	0	0	0	17	0	0	0	0	146	146	0	0	0	1	[]	0	0
11	123457168	143	1	0	0	0	0	0	0	0	0	0	0	0	0	0	0	0	18	0	0	0	0	146	146	0	0	0	1	[]	0	0
12	123457168	143	1	0	0	0	0	0	0	0	0	0	0	0	0	0	0	0	19	0	0	0	0	146	146	0	0	0	1	[]	0	0
13	123457168	143	1	0	0	0	0	0	0	0	0	0	0	0	0	0	0	0	23	0	0	0	0	146	146	0	0	0	1	[]	0	0
14	123457168	143	1	0	0	0	0	0	0	0	0	0	0	0	0	0	0	0	24	0	0	0	0	146	146	0	0	0	1	[]	0	0
15	123457168	143	1	0	0	0	0	0	0	0	0	0	0	0	0	0	0	0	28	0	0	0	0	146	146	0	0	0	1	[]	0	0
16	123457168	143	1	0	0	0	0	0	0	0	0	0	0	0	0	0	0	0	29	0	0	0	0	146	146	0	0	0	1	[]	0	0
17	123457168	142	2	0	0	0	0	0	0	0	0	0	0	0	0	0	0	0	31	0	0	0	0	146	146	0	0	0	2	[]	0	0
18	123457168	140	3	1	0	0	0	0	0	0	0	0	0	0	0	0	0	0	33	0	0	0	0	146	146	0	0	0	3	[]	0	1
19	123457168	138	5	1	0	0	0	0	0	0	0	0	0	0	0	0	0	0	37	0	0	0	0	146	146	0	0	0	3	[]	0	1
20	123457168	137	5	2	0	0	0	0	0	0	0	0	0	0	0	0	0	0	37	0	0	0	0	146	146	0	0	0	4	[]	0	1
21	123457168	137	3	4	0	0	0	0	0	0	0	0	0	0	0	0	0	0	38	0	0	0	0	146	146	0	0	0	4	[]	0	2
22	123457168	133	6	5	0	0	0	0	0	0	0	0	0	0	0	0	0	0	38	0	0	0	0	146	146	0	0	0	4	[]	0	3
23	123457168	128	8	6	2	0	0	0	0	0	0	0	0	0	0	0	0	0	39	0	0	0	0	146	146	0	0	0	5	[]	0	3
24	123457168	119	14	9	2	0	0	0	0	0	0	0	0	0	0	0	0	0	42	0	0	0	0	146	146	0	0	0	5	[]	0	4
25	123457168	113	16	12	3	0	0	0	0	0	0	0	0	0	0	0	0	0	43	0	0	0	0	146	146	0	0	0	5	[]	0	4
26	123457168	111	16	14	3	0	0	0	0	0	0	0	0	0	0	0	0	0	44	0	0	0	0	146	146	0	0	0	5	[]	0	4
27	123457168	111	10	16	6	0	0	0	0	0	0	0	0	0	0	1	0	0	46	1	0	0	1	146	146	0	0	0	5	[]	0	5
28	123457168	111	6	18	7	0	0	0	0	0	0	0	0	0	0	2	0	0	49	2	0	0	2	146	146	0	0	0	5	[]	0	5
29	123457168	105	9	17	8	0	0	0	0	0	0	0	0	0	0	5	0	0	51	5	0	0	5	146	146	0	0	0	5	[]	0	5
30	123457168	95	16	17	10	0	0	0	0	0	0	0	0	0	0	6	0	0	54	6	0	0	6	146	146	0	0	0	5	[]	0	5
31	123457168	91	12	21	12	0	0	0	0	0	0	0	0	0	0	8	0	0	54	8	0	0	8	146	146	0	0	0	5	[]	0	6
32	123457168	89	11	18	18	0	0	0	0	0	0	0	0	0	0	7	1	0	57	8	0	0	8	146	146	0	0	0	5	[]	0	6
33	123457168	84	14	16	22	0	0	0	0	0	0	0	0	0	0	6	2	0	60	8	0	0	8	146	146	0	0	0	6	[]	0	7
34	123457168	84	9	20	23	0	0	0	0	0	0	0	0	0	0	5	3	0	62	8	0	0	8	146	146	0	0	0	6	[]	0	7
35	123457168	84	6	20	25	0	0	0	0	0	0	0	0	0	0	6	3	0	64	9	0	0	9	146	146	0	0	0	6	[]	0	7
36	123457168	84	4	17	29	0	0	0	0	0	0	0	0	0	0	7	3	0	66	10	0	0	10	146	146	0	0	0	6	[]	0	7
37	123457168	79	7	16	32	0	0	0	0	0	0	0	0	0	0	8	2	0	68	11	0	0	11	146	146	0	0	0	6	[]	0	7
38	123457168	76	7	18	34	0	0	0	0	0	0	0	0	0	0	6	3	0	72	11	0	0	11	146	146	0	0	0	6	[]	0	7
39	123457168	72	7	19	39	0	0	0	0	0	0	0	0	0	0	6	1	0	73	12	0	0	12	146	146	0	0	0	6	[]	0	8
40	123457168	71	6	17	44	0	0	0	0	0	0	0	0	0	0	5	1	0	77	12	0	0	12	146	146	0	0	0	6	[]	0	8
41	123457168	71	3	18	47	0	0	0	0	0	0	0	0	0	0	3	2	0	80	13	0	0	13	146	146	0	0	0	6	[]	0	6
42	123457168	71	3	15	49	0	0	0	0	0	0	0	0	0	0	3	3	0	84	14	0	0	14	146	146	0	0	0	6	[]	0	6
43	123457168	66	8	14	50	0	0	0	0	0	0	0	0	0	0	2	4	0	86	14	0	0	14	146	146	0	0	0	6	[]	0	6
44	123457168	65	7	12	52	0	0	0	0	0	0	0	0	0	0	4	4	0	90	16	0	0	16	146	146	0	0	0	6	[]	0	6
45	123457168	63	6	10	56	0	0	0	0	0	0	1	0	0	0	4	4	0	91	17	0	1	17	146	146	0	0	0	6	[]	0	6
46	123457168	62	6	6	61	0	0	0	0	0	0	1	0	0	0	5	3	0	92	18	0	1	18	146	146	0	0	0	6	[]	0	6
47	123457168	62	4	7	62	0	0	0	0	0	0	1	0	0	0	6	2	0	95	19	0	1	19	146	146	0	0	0	6	[]	0	7
48	123457168	62	3	8	62	0	0	0	0	0	0	1	0	0	0	5	3	0	96	19	0	1	19	146	146	0	0	0	6	[]	0	7
49	123457168	62	3	7	64	0	0	0	0	0	0	0	1	0	0	5	2	0	98	19	0	1	19	146	146	0	0	0	6	[]	0	7
50	123457168	61	3	7	64	0	0	0	0	0	0	0	1	0	0	6	2	0	100	20	0	1	20	146	146	0	0	0	6	[]	0	7
51	123457168	59	4	8	65	0	0	0	0	0	0	0	1	0	0	4	3	0	102	20	0	1	20	146	146	0	0	0	6	[]	0	7
52	123457168	56	7	7	67	0	0	0	0	0	0	0	1	0	0	3	3	0	105	20	0	1	20	146	146	0	0	0	6	[]	0	6
53	123457168	55	6	9	67	0	0	0	0	0	0	0	1	0	0	3	3	0	109	20	0	1	20	146	146	0	0	0	6	[]	0	6
54	123457168	50	9	8	71	0	0	0	0	0	0	0	1	0	0	4	1	0	111	21	0	1	21	146	146	0	0	0	6	[]	0	6
55	123457168	50	7	8	74	0	0	0	0	0	0	0	0	0	0	5	0	0	115	22	0	1	22	146	146	0	0	0	6	[]	0	6
56	123457168	50	3	10	77	0	0	0	0	0	0	0	0	0	0	4	0	0	116	22	0	1	22	146	146	0	0	0	6	[]	0	5
57	123457168	47	5	10	78	0	0	0	0	0	0	0	0	0	0	3	1	0	116	23	0	1	23	146	146	0	0	0	6	[]	0	4
58	123457168	42	7	12	79	0	0	0	0	0	0	0	0	0	0	3	1	0	116	23	0	1	23	146	146	0	0	0	6	[]	0	4
59	123457168	38	10	13	79	0	0	0	0	0	0	0	0	0	0	2	2	0	116	23	0	1	23	146	146	0	0	0	6	[]	0	5
60	123457168	36	7	17	81	0	0	0	0	0	0	0	0	0	0	1	2	0	119	23	0	1	23	146	146	0	0	0	6	[]	0	5
