day	seedRun	susceptible	exposed	infected	removed	susceptible-in-quarantine	exposed-in-quarantine	infected-in-quarantine	removed-in-quarantine	susceptible-in-quarantine-external-1	exposed-in-quarantine-external-1	infected-in-quarantine-external-1	removed-in-quarantine-external-1	susceptible-in-quarantine-external-2	exposed-in-quarantine-external-2	infected-in-quarantine-external-2	removed-in-quarantine-external-2	num-of-screened-agents	num-of-screened-agents-external-1	num-of-screened-agents-external-2	num-of-positive-agents	num-of-positive-agents-external-1	num-of-positive-agents-external-2	num-vaccinated	num-immunized	num-immunized-in-quarantine	num-immunized-in-quarantine-external-1	num-immunized-in-quarantine-external-2	num-infected-outside	classroom-in-quarantine	num-of-classroom-in-quarantine	classroom-with-at-least-one-infected
0	123456872	268	0	0	0	0	0	0	0	0	0	0	0	0	0	0	0	0	0	0	0	0	0	50	22	0	0	0	0	[]	0	0
1	123456872	261	7	0	0	0	0	0	0	0	0	0	0	0	0	0	0	0	3	0	0	0	0	50	22	0	0	0	7	[]	0	0
2	123456872	253	14	1	0	0	0	0	0	0	0	0	0	0	0	0	0	0	7	0	0	0	0	50	22	0	0	0	12	[]	0	1
3	123456872	243	22	3	0	0	0	0	0	0	0	0	0	0	0	0	0	0	8	0	0	0	0	50	22	0	0	0	17	[]	0	1
4	123456872	221	34	12	1	0	0	0	0	0	0	0	0	0	0	0	0	0	10	0	0	0	0	50	22	0	0	0	22	[]	0	5
5	123456872	189	57	18	3	0	0	0	0	0	0	0	0	0	0	1	0	0	11	1	0	0	1	50	22	0	0	0	25	[]	0	7
6	123456872	185	49	27	4	0	0	0	0	0	0	1	0	0	0	2	0	0	14	2	0	1	2	50	22	0	0	0	29	[]	0	9
7	123456872	177	39	39	8	0	0	0	0	0	0	2	0	0	0	2	1	0	17	3	0	2	3	50	22	0	0	0	37	[]	0	10
8	123456872	141	68	42	11	0	0	0	0	0	0	2	0	0	0	2	2	0	17	4	0	2	4	50	22	0	0	0	41	[]	0	10
9	123456872	101	87	55	18	0	0	0	0	0	0	1	1	0	0	2	3	0	17	5	0	2	5	50	22	0	0	0	44	[]	0	12
10	123456872	67	96	74	23	0	0	0	0	0	0	1	2	0	0	2	3	0	18	5	0	3	5	50	22	0	0	0	45	[]	0	12
11	123456872	41	97	87	35	0	0	0	0	0	0	1	2	0	0	2	3	0	19	5	0	3	5	50	22	0	0	0	46	[]	0	12
12	123456872	21	84	111	43	0	0	0	0	0	0	2	2	0	0	2	3	0	21	5	0	4	5	50	22	0	0	0	49	[]	0	12
13	123456872	21	53	124	53	0	0	0	0	0	0	7	2	0	0	5	3	0	26	8	0	9	8	50	22	0	0	0	49	[]	0	12
14	123456872	20	39	118	71	0	0	0	0	0	0	5	4	0	0	6	5	0	26	11	0	9	11	50	22	0	0	0	50	[]	0	12
15	123456872	11	36	112	85	0	0	0	0	0	0	5	5	0	0	10	4	0	28	15	0	10	15	50	22	0	0	0	51	[]	0	12
16	123456872	6	32	100	104	0	0	0	0	0	0	4	5	0	0	12	5	0	30	19	0	10	19	50	22	0	0	0	51	[]	0	12
17	123456872	3	27	84	127	0	0	0	0	0	0	4	4	0	0	14	5	0	32	22	0	10	22	50	22	0	0	0	51	[]	0	12
18	123456872	3	23	76	137	0	0	0	0	0	0	4	4	0	0	16	5	0	34	25	0	10	25	50	22	0	0	0	51	[]	0	12
19	123456872	3	13	77	147	0	0	0	0	0	0	4	4	0	0	13	7	0	36	25	0	10	25	50	22	0	0	0	51	[]	0	12
20	123456872	3	8	66	162	0	0	0	0	0	0	4	4	0	0	14	7	0	37	26	0	11	26	50	22	0	0	0	51	[]	0	12
21	123456872	3	5	60	168	0	0	0	0	0	0	7	4	0	0	12	9	0	40	26	0	14	26	50	22	0	0	0	51	[]	0	12
22	123456872	2	6	55	173	0	0	0	0	0	0	7	4	0	0	12	9	0	41	26	0	15	26	50	22	0	0	0	51	[]	0	12
23	123456872	2	4	50	187	0	0	0	0	0	0	4	2	0	0	11	8	0	43	27	0	15	27	50	22	0	0	0	51	[]	0	12
24	123456872	2	4	45	193	0	0	0	0	0	0	4	2	0	0	12	6	0	43	29	0	15	29	50	22	0	0	0	51	[]	0	12
25	123456872	1	4	36	206	0	0	0	0	0	0	5	1	0	0	8	7	0	44	30	0	16	30	50	22	0	0	0	51	[]	0	12
26	123456872	1	4	26	219	0	0	0	0	0	0	3	3	0	0	6	6	0	44	31	0	16	31	50	22	0	0	0	51	[]	0	11
27	123456872	1	3	24	225	0	0	0	0	0	0	3	3	0	0	5	4	0	45	31	0	16	31	50	22	0	0	0	51	[]	0	11
28	123456872	1	3	21	231	0	0	0	0	0	0	3	3	0	0	3	3	0	49	31	0	16	31	50	22	0	0	0	51	[]	0	11
29	123456872	1	2	21	232	0	0	0	0	0	0	3	3	0	0	2	4	0	50	31	0	16	31	50	22	0	0	0	51	[]	0	9
30	123456872	1	2	16	237	0	0	0	0	0	0	3	2	0	0	4	3	0	52	33	0	16	33	50	22	0	0	0	51	[]	0	9
31	123456872	1	1	17	240	0	0	0	0	0	0	1	1	0	0	2	5	0	57	33	0	16	33	50	22	0	0	0	51	[]	0	9
32	123456872	1	1	17	241	0	0	0	0	0	0	0	1	0	0	2	5	0	57	33	0	16	33	50	22	0	0	0	51	[]	0	8
33	123456872	1	1	16	243	0	0	0	0	0	0	0	1	0	0	1	5	0	59	33	0	16	33	50	22	0	0	0	51	[]	0	8
34	123456872	1	0	15	247	0	0	0	0	0	0	0	1	0	0	1	3	0	60	33	0	16	33	50	22	0	0	0	51	[]	0	8
35	123456872	1	0	10	253	0	0	0	0	0	0	0	0	0	0	2	2	0	64	34	0	16	34	50	22	0	0	0	51	[]	0	6
36	123456872	1	0	6	258	0	0	0	0	0	0	0	0	0	0	1	2	0	65	34	0	16	34	50	22	0	0	0	51	[]	0	4
37	123456872	1	0	4	260	0	0	0	0	0	0	0	0	0	0	1	2	0	70	34	0	16	34	50	22	0	0	0	51	[]	0	3
38	123456872	1	0	4	260	0	0	0	0	0	0	0	0	0	0	1	2	0	70	34	0	16	34	50	22	0	0	0	51	[]	0	3
39	123456872	1	0	3	261	0	0	0	0	0	0	0	0	0	0	1	2	0	72	34	0	16	34	50	22	0	0	0	51	[]	0	2
40	123456872	1	0	2	264	0	0	0	0	0	0	0	0	0	0	0	1	0	75	34	0	16	34	50	22	0	0	0	51	[]	0	1
41	123456872	1	0	2	264	0	0	0	0	0	0	0	0	0	0	0	1	0	78	34	0	16	34	50	22	0	0	0	51	[]	0	1
42	123456872	1	0	1	265	0	0	0	0	0	0	0	0	0	0	0	1	0	78	34	0	16	34	50	22	0	0	0	51	[]	0	1
43	123456872	1	0	1	265	0	0	0	0	0	0	0	0	0	0	0	1	0	80	34	0	16	34	50	22	0	0	0	51	[]	0	1
44	123456872	1	0	1	265	0	0	0	0	0	0	0	0	0	0	0	1	0	82	34	0	16	34	50	22	0	0	0	51	[]	0	1
45	123456872	1	0	0	267	0	0	0	0	0	0	0	0	0	0	0	0	0	82	34	0	16	34	50	22	0	0	0	51	[]	0	0
46	123456872	1	0	0	267	0	0	0	0	0	0	0	0	0	0	0	0	0	83	34	0	16	34	50	22	0	0	0	51	[]	0	0
47	123456872	1	0	0	267	0	0	0	0	0	0	0	0	0	0	0	0	0	84	34	0	16	34	50	22	0	0	0	51	[]	0	0
48	123456872	0	1	0	267	0	0	0	0	0	0	0	0	0	0	0	0	0	86	34	0	16	34	50	22	0	0	0	52	[]	0	0
49	123456872	0	1	0	267	0	0	0	0	0	0	0	0	0	0	0	0	0	87	34	0	16	34	50	22	0	0	0	52	[]	0	0
50	123456872	0	1	0	267	0	0	0	0	0	0	0	0	0	0	0	0	0	87	34	0	16	34	50	22	0	0	0	52	[]	0	0
51	123456872	0	1	0	267	0	0	0	0	0	0	0	0	0	0	0	0	0	92	34	0	16	34	50	22	0	0	0	52	[]	0	0
52	123456872	0	1	0	267	0	0	0	0	0	0	0	0	0	0	0	0	0	94	34	0	16	34	50	22	0	0	0	52	[]	0	0
53	123456872	0	1	0	267	0	0	0	0	0	0	0	0	0	0	0	0	0	96	34	0	16	34	50	22	0	0	0	52	[]	0	0
54	123456872	0	0	1	267	0	0	0	0	0	0	0	0	0	0	0	0	0	97	34	0	16	34	50	22	0	0	0	52	[]	0	1
55	123456872	0	0	1	267	0	0	0	0	0	0	0	0	0	0	0	0	0	101	34	0	16	34	50	22	0	0	0	52	[]	0	1
56	123456872	0	0	1	267	0	0	0	0	0	0	0	0	0	0	0	0	0	103	34	0	16	34	50	22	0	0	0	52	[]	0	1
57	123456872	0	0	1	267	0	0	0	0	0	0	0	0	0	0	0	0	0	105	34	0	16	34	50	22	0	0	0	52	[]	0	1
58	123456872	0	0	1	267	0	0	0	0	0	0	0	0	0	0	0	0	0	107	34	0	16	34	50	22	0	0	0	52	[]	0	1
59	123456872	0	0	1	267	0	0	0	0	0	0	0	0	0	0	0	0	0	108	34	0	16	34	50	22	0	0	0	52	[]	0	1
60	123456872	0	0	1	267	0	0	0	0	0	0	0	0	0	0	0	0	0	110	34	0	16	34	50	22	0	0	0	52	[]	0	1
