day	seedRun	susceptible	exposed	infected	removed	susceptible-in-quarantine	exposed-in-quarantine	infected-in-quarantine	removed-in-quarantine	susceptible-in-quarantine-external-1	exposed-in-quarantine-external-1	infected-in-quarantine-external-1	removed-in-quarantine-external-1	susceptible-in-quarantine-external-2	exposed-in-quarantine-external-2	infected-in-quarantine-external-2	removed-in-quarantine-external-2	num-of-screened-agents	num-of-screened-agents-external-1	num-of-screened-agents-external-2	num-of-positive-agents	num-of-positive-agents-external-1	num-of-positive-agents-external-2	num-vaccinated	num-immunized	num-immunized-in-quarantine	num-immunized-in-quarantine-external-1	num-immunized-in-quarantine-external-2	num-infected-outside	classroom-in-quarantine	num-of-classroom-in-quarantine	classroom-with-at-least-one-infected
0	123456879	267	0	0	0	0	0	0	0	0	0	0	0	0	0	0	0	0	0	0	0	0	0	50	23	0	0	0	0	[]	0	0
1	123456879	259	8	0	0	0	0	0	0	0	0	0	0	0	0	0	0	0	3	0	0	0	0	50	23	0	0	0	8	[]	0	0
2	123456879	251	15	1	0	0	0	0	0	0	0	0	0	0	0	0	0	0	5	0	0	0	0	50	23	0	0	0	14	[]	0	1
3	123456879	241	21	5	0	0	0	0	0	0	0	0	0	0	0	0	0	0	9	0	0	0	0	50	23	0	0	0	19	[]	0	4
4	123456879	229	26	11	1	0	0	0	0	0	0	0	0	0	0	0	0	0	12	0	0	0	0	50	23	0	0	0	22	[]	0	7
5	123456879	199	50	15	3	0	0	0	0	0	0	0	0	0	0	0	0	0	14	0	0	0	0	50	23	0	0	0	27	[]	0	8
6	123456879	198	40	21	7	0	0	0	0	0	0	0	0	0	0	1	0	0	15	1	0	0	1	50	23	0	0	0	28	[]	0	9
7	123456879	194	35	30	7	0	0	0	0	0	0	0	0	0	0	1	0	0	16	1	0	0	1	50	23	0	0	0	32	[]	0	11
8	123456879	141	78	34	11	0	0	0	0	0	0	0	0	0	0	2	1	0	18	3	0	0	3	50	23	0	0	0	32	[]	0	10
9	123456879	107	91	47	16	0	0	0	0	0	0	0	0	0	0	5	1	0	19	6	0	0	6	50	23	0	0	0	33	[]	0	10
10	123456879	77	96	64	22	0	0	0	0	0	0	0	0	0	0	6	2	0	20	8	0	0	8	50	23	0	0	0	34	[]	0	11
11	123456879	58	85	78	31	0	0	0	0	0	0	2	0	0	0	11	2	0	22	13	0	2	13	50	23	0	0	0	35	[]	0	11
12	123456879	48	66	89	42	0	0	0	0	0	0	3	1	0	0	15	3	0	25	18	0	4	18	50	23	0	0	0	35	[]	0	11
13	123456879	48	47	98	49	0	0	0	0	0	0	4	1	0	0	12	8	0	28	20	0	5	20	50	23	0	0	0	35	[]	0	11
14	123456879	47	36	98	61	0	0	0	0	0	0	4	1	0	0	9	11	0	29	20	0	5	20	50	23	0	0	0	36	[]	0	12
15	123456879	39	36	90	77	0	0	0	0	0	0	3	2	0	0	9	11	0	30	20	0	5	20	50	23	0	0	0	37	[]	0	12
16	123456879	31	35	87	90	0	0	0	0	0	0	3	2	0	0	9	10	0	30	20	0	5	20	50	23	0	0	0	37	[]	0	12
17	123456879	26	27	91	98	0	0	0	0	0	0	1	4	0	0	8	12	0	30	21	0	5	21	50	23	0	0	0	37	[]	0	12
18	123456879	18	31	82	110	0	0	0	0	0	0	2	4	0	0	9	11	0	31	23	0	6	23	50	23	0	0	0	40	[]	0	12
19	123456879	15	26	78	122	0	0	0	0	0	0	1	5	0	0	10	10	0	31	26	0	6	26	50	23	0	0	0	40	[]	0	12
20	123456879	15	19	75	133	0	0	0	0	0	0	1	5	0	0	11	8	0	32	27	0	6	27	50	23	0	0	0	40	[]	0	12
21	123456879	15	11	72	147	0	0	0	0	0	0	1	3	0	0	11	7	0	34	31	0	6	31	50	23	0	0	0	40	[]	0	12
22	123456879	10	14	64	161	0	0	0	0	0	0	1	1	0	0	13	3	0	34	34	0	6	34	50	23	0	0	0	40	[]	0	12
23	123456879	9	8	63	170	0	0	0	0	0	0	1	0	0	0	12	4	0	36	36	0	6	36	50	23	0	0	0	40	[]	0	12
24	123456879	9	6	51	183	0	0	0	0	0	0	1	0	0	0	12	5	0	37	37	0	6	37	50	23	0	0	0	40	[]	0	12
25	123456879	9	3	45	192	0	0	0	0	0	0	1	0	0	0	9	8	0	39	37	0	6	37	50	23	0	0	0	40	[]	0	12
26	123456879	9	3	37	199	0	0	0	0	0	0	1	0	0	0	9	9	0	40	38	0	6	38	50	23	0	0	0	40	[]	0	12
27	123456879	8	4	32	202	0	0	0	0	0	0	1	0	0	0	11	9	0	41	41	0	6	41	50	23	0	0	0	41	[]	0	12
28	123456879	7	4	29	209	0	0	0	0	0	0	0	0	0	0	9	9	0	42	41	0	6	41	50	23	0	0	0	42	[]	0	12
29	123456879	6	4	26	215	0	0	0	0	0	0	0	0	0	0	10	6	0	43	42	0	6	42	50	23	0	0	0	42	[]	0	12
30	123456879	6	3	22	221	0	0	0	0	0	0	0	0	0	0	9	6	0	45	42	0	6	42	50	23	0	0	0	42	[]	0	11
31	123456879	6	2	22	226	0	0	0	0	0	0	0	0	0	0	7	4	0	46	42	0	6	42	50	23	0	0	0	42	[]	0	9
32	123456879	5	3	15	234	0	0	0	0	0	0	0	0	0	0	7	3	0	46	44	0	6	44	50	23	0	0	0	42	[]	0	7
33	123456879	5	3	15	236	0	0	0	0	0	0	0	0	0	0	6	2	0	48	44	0	6	44	50	23	0	0	0	42	[]	0	7
34	123456879	5	2	14	238	0	0	0	0	0	0	0	0	0	0	6	2	0	49	45	0	6	45	50	23	0	0	0	42	[]	0	7
35	123456879	5	2	11	240	0	0	0	0	0	0	0	0	0	0	7	2	0	52	46	0	6	46	50	23	0	0	0	42	[]	0	7
36	123456879	5	1	10	242	0	0	0	0	0	0	1	0	0	0	5	3	0	53	46	0	7	46	50	23	0	0	0	42	[]	0	8
37	123456879	5	1	9	246	0	0	0	0	0	0	1	0	0	0	2	3	0	53	46	0	7	46	50	23	0	0	0	42	[]	0	5
38	123456879	5	1	8	247	0	0	0	0	0	0	1	0	0	0	2	3	0	55	46	0	7	46	50	23	0	0	0	42	[]	0	5
39	123456879	5	1	8	248	0	0	0	0	0	0	1	0	0	0	0	4	0	56	46	0	7	46	50	23	0	0	0	42	[]	0	5
40	123456879	5	1	6	250	0	0	0	0	0	0	0	1	0	0	0	4	0	59	46	0	7	46	50	23	0	0	0	42	[]	0	3
41	123456879	5	1	5	251	0	0	0	0	0	0	0	1	0	0	0	4	0	60	46	0	7	46	50	23	0	0	0	42	[]	0	2
42	123456879	5	1	4	254	0	0	0	0	0	0	0	1	0	0	0	2	0	62	46	0	7	46	50	23	0	0	0	42	[]	0	2
43	123456879	5	1	4	254	0	0	0	0	0	0	0	1	0	0	0	2	0	62	46	0	7	46	50	23	0	0	0	42	[]	0	2
44	123456879	5	1	4	255	0	0	0	0	0	0	0	1	0	0	0	1	0	64	46	0	7	46	50	23	0	0	0	42	[]	0	2
45	123456879	5	1	2	257	0	0	0	0	0	0	0	1	0	0	1	0	0	66	47	0	7	47	50	23	0	0	0	42	[]	0	2
46	123456879	5	0	3	258	0	0	0	0	0	0	0	0	0	0	1	0	0	68	47	0	7	47	50	23	0	0	0	42	[]	0	2
47	123456879	5	0	3	258	0	0	0	0	0	0	0	0	0	0	1	0	0	70	47	0	7	47	50	23	0	0	0	42	[]	0	2
48	123456879	5	0	3	258	0	0	0	0	0	0	0	0	0	0	0	1	0	71	47	0	7	47	50	23	0	0	0	42	[]	0	1
49	123456879	5	0	2	259	0	0	0	0	0	0	0	0	0	0	0	1	0	71	47	0	7	47	50	23	0	0	0	42	[]	0	1
50	123456879	5	0	1	260	0	0	0	0	0	0	0	0	0	0	0	1	0	73	47	0	7	47	50	23	0	0	0	42	[]	0	0
51	123456879	5	0	1	260	0	0	0	0	0	0	0	0	0	0	0	1	0	80	47	0	7	47	50	23	0	0	0	42	[]	0	0
52	123456879	5	0	1	260	0	0	0	0	0	0	0	0	0	0	0	1	0	83	47	0	7	47	50	23	0	0	0	42	[]	0	0
53	123456879	5	0	1	260	0	0	0	0	0	0	0	0	0	0	0	1	0	84	47	0	7	47	50	23	0	0	0	42	[]	0	0
54	123456879	5	0	0	261	0	0	0	0	0	0	0	0	0	0	0	1	0	86	47	0	7	47	50	23	0	0	0	42	[]	0	0
55	123456879	4	1	0	262	0	0	0	0	0	0	0	0	0	0	0	0	0	86	47	0	7	47	50	23	0	0	0	43	[]	0	0
56	123456879	4	1	0	262	0	0	0	0	0	0	0	0	0	0	0	0	0	87	47	0	7	47	50	23	0	0	0	43	[]	0	0
57	123456879	4	0	1	262	0	0	0	0	0	0	0	0	0	0	0	0	0	88	47	0	7	47	50	23	0	0	0	43	[]	0	0
58	123456879	4	0	1	262	0	0	0	0	0	0	0	0	0	0	0	0	0	90	47	0	7	47	50	23	0	0	0	43	[]	0	0
59	123456879	4	0	1	262	0	0	0	0	0	0	0	0	0	0	0	0	0	91	47	0	7	47	50	23	0	0	0	43	[]	0	0
60	123456879	4	0	1	262	0	0	0	0	0	0	0	0	0	0	0	0	0	94	47	0	7	47	50	23	0	0	0	43	[]	0	0
