day	seedRun	susceptible	exposed	infected	removed	susceptible-in-quarantine	exposed-in-quarantine	infected-in-quarantine	removed-in-quarantine	susceptible-in-quarantine-external-1	exposed-in-quarantine-external-1	infected-in-quarantine-external-1	removed-in-quarantine-external-1	susceptible-in-quarantine-external-2	exposed-in-quarantine-external-2	infected-in-quarantine-external-2	removed-in-quarantine-external-2	num-of-screened-agents	num-of-screened-agents-external-1	num-of-screened-agents-external-2	num-of-positive-agents	num-of-positive-agents-external-1	num-of-positive-agents-external-2	num-vaccinated	num-immunized	num-immunized-in-quarantine	num-immunized-in-quarantine-external-1	num-immunized-in-quarantine-external-2	num-infected-outside	classroom-in-quarantine	num-of-classroom-in-quarantine	classroom-with-at-least-one-infected
0	123457162	138	0	0	0	0	0	0	0	0	0	0	0	0	0	0	0	0	0	0	0	0	0	218	152	0	0	0	0	[]	0	0
1	123457162	138	0	0	0	0	0	0	0	0	0	0	0	0	0	0	0	0	2	0	0	0	0	218	152	0	0	0	0	[]	0	0
2	123457162	138	0	0	0	0	0	0	0	0	0	0	0	0	0	0	0	0	4	0	0	0	0	218	152	0	0	0	0	[]	0	0
3	123457162	138	0	0	0	0	0	0	0	0	0	0	0	0	0	0	0	0	5	0	0	0	0	218	152	0	0	0	0	[]	0	0
4	123457162	138	0	0	0	0	0	0	0	0	0	0	0	0	0	0	0	0	6	0	0	0	0	218	152	0	0	0	0	[]	0	0
5	123457162	138	0	0	0	0	0	0	0	0	0	0	0	0	0	0	0	0	7	0	0	0	0	218	152	0	0	0	0	[]	0	0
6	123457162	137	1	0	0	0	0	0	0	0	0	0	0	0	0	0	0	0	12	0	0	0	0	218	152	0	0	0	1	[]	0	0
7	123457162	136	1	1	0	0	0	0	0	0	0	0	0	0	0	0	0	0	13	0	0	0	0	218	152	0	0	0	2	[]	0	1
8	123457162	133	4	1	0	0	0	0	0	0	0	0	0	0	0	0	0	0	14	0	0	0	0	218	152	0	0	0	2	[]	0	1
9	123457162	129	8	1	0	0	0	0	0	0	0	0	0	0	0	0	0	0	15	0	0	0	0	218	152	0	0	0	2	[]	0	1
10	123457162	123	11	3	1	0	0	0	0	0	0	0	0	0	0	0	0	0	17	0	0	0	0	218	152	0	0	0	3	[]	0	1
11	123457162	120	13	3	2	0	0	0	0	0	0	0	0	0	0	0	0	0	17	0	0	0	0	218	152	0	0	0	3	[]	0	1
12	123457162	115	14	7	2	0	0	0	0	0	0	0	0	0	0	0	0	0	18	0	0	0	0	218	152	0	0	0	3	[]	0	2
13	123457162	115	9	11	3	0	0	0	0	0	0	0	0	0	0	0	0	0	20	0	0	0	0	218	152	0	0	0	3	[]	0	3
14	123457162	114	8	12	4	0	0	0	0	0	0	0	0	0	0	0	0	0	21	0	0	0	0	218	152	0	0	0	4	[]	0	3
15	123457162	103	18	12	5	0	0	0	0	0	0	0	0	0	0	0	0	0	23	0	0	0	0	218	152	0	0	0	4	[]	0	3
16	123457162	99	17	16	6	0	0	0	0	0	0	0	0	0	0	0	0	0	24	0	0	1	0	218	152	0	0	0	4	[]	0	3
17	123457162	91	18	19	10	0	0	0	0	0	0	0	0	0	0	0	0	0	25	0	0	1	0	218	152	0	0	0	4	[]	0	4
18	123457162	82	22	20	14	0	0	0	0	0	0	0	0	0	0	0	0	0	29	0	0	1	0	218	152	0	0	0	4	[]	0	4
19	123457162	56	39	26	17	0	0	0	0	0	0	0	0	0	0	0	0	0	30	0	0	1	0	218	152	0	0	0	4	[]	0	7
20	123457162	56	24	37	21	0	0	0	0	0	0	0	0	0	0	0	0	0	34	2	0	1	2	218	152	0	0	0	4	[]	0	9
21	123457162	56	14	44	24	0	0	0	0	0	0	0	0	0	0	0	0	0	38	3	0	1	3	218	152	0	0	0	4	[]	0	10
22	123457162	34	33	40	31	0	0	0	0	0	0	0	0	0	0	0	0	0	38	4	0	1	4	218	152	0	0	0	4	[]	0	10
23	123457162	27	29	44	38	0	0	0	0	0	0	0	0	0	0	0	0	0	39	7	0	1	7	218	152	0	0	0	4	[]	0	10
24	123457162	24	21	46	47	0	0	0	0	0	0	0	0	0	0	0	0	0	44	8	0	2	8	218	152	0	0	0	4	[]	0	10
25	123457162	17	23	48	50	0	0	0	0	0	0	0	0	0	0	0	0	0	47	9	0	3	9	218	152	0	0	0	4	[]	0	10
26	123457162	5	29	50	54	0	0	0	0	0	0	0	0	0	0	0	0	0	49	11	0	3	11	218	152	0	0	0	4	[]	0	12
27	123457162	5	21	45	67	0	0	0	0	0	0	0	0	0	0	0	0	0	49	13	0	3	13	218	152	0	0	0	4	[]	0	11
28	123457162	5	19	40	74	0	0	0	0	0	0	0	0	0	0	0	0	0	53	14	0	5	14	218	152	0	0	0	4	[]	0	11
29	123457162	0	19	39	80	0	0	0	0	0	0	0	0	0	0	0	0	0	55	14	0	6	14	218	152	0	0	0	4	[]	0	11
30	123457162	0	15	36	87	0	0	0	0	0	0	0	0	0	0	0	0	0	56	16	0	6	16	218	152	0	0	0	4	[]	0	11
31	123457162	0	12	29	97	0	0	0	0	0	0	0	0	0	0	0	0	0	61	17	0	6	17	218	152	0	0	0	4	[]	0	11
32	123457162	0	6	32	100	0	0	0	0	0	0	0	0	0	0	0	0	0	62	17	0	6	17	218	152	0	0	0	4	[]	0	11
33	123457162	0	4	31	103	0	0	0	0	0	0	0	0	0	0	0	0	0	63	19	0	6	19	218	152	0	0	0	4	[]	0	11
34	123457162	0	2	29	107	0	0	0	0	0	0	0	0	0	0	0	0	0	65	21	0	7	21	218	152	0	0	0	4	[]	0	11
35	123457162	0	2	25	111	0	0	0	0	0	0	0	0	0	0	0	0	0	67	22	0	7	22	218	152	0	0	0	4	[]	0	10
36	123457162	0	0	24	114	0	0	0	0	0	0	0	0	0	0	0	0	0	71	22	0	7	22	218	152	0	0	0	4	[]	0	10
37	123457162	0	0	21	117	0	0	0	0	0	0	0	0	0	0	0	0	0	73	22	0	7	22	218	152	0	0	0	4	[]	0	10
38	123457162	0	0	19	119	0	0	0	0	0	0	0	0	0	0	0	0	0	74	23	0	7	23	218	152	0	0	0	4	[]	0	9
39	123457162	0	0	17	121	0	0	0	0	0	0	0	0	0	0	0	0	0	75	26	0	7	26	218	152	0	0	0	4	[]	0	9
40	123457162	0	0	16	122	0	0	0	0	0	0	0	0	0	0	0	0	0	78	26	0	7	26	218	152	0	0	0	4	[]	0	8
41	123457162	0	0	15	123	0	0	0	0	0	0	0	0	0	0	0	0	0	78	28	0	7	28	218	152	0	0	0	4	[]	0	8
42	123457162	0	0	13	125	0	0	0	0	0	0	0	0	0	0	0	0	0	81	28	0	7	28	218	152	0	0	0	4	[]	0	8
43	123457162	0	0	11	127	0	0	0	0	0	0	0	0	0	0	0	0	0	84	28	0	7	28	218	152	0	0	0	4	[]	0	6
44	123457162	0	0	10	128	0	0	0	0	0	0	0	0	0	0	0	0	0	85	28	0	7	28	218	152	0	0	0	4	[]	0	6
45	123457162	0	0	9	129	0	0	0	0	0	0	0	0	0	0	0	0	0	86	28	0	7	28	218	152	0	0	0	4	[]	0	6
46	123457162	0	0	8	130	0	0	0	0	0	0	0	0	0	0	0	0	0	90	28	0	7	28	218	152	0	0	0	4	[]	0	5
47	123457162	0	0	8	130	0	0	0	0	0	0	0	0	0	0	0	0	0	92	28	0	7	28	218	152	0	0	0	4	[]	0	5
48	123457162	0	0	6	132	0	0	0	0	0	0	0	0	0	0	0	0	0	96	28	0	7	28	218	152	0	0	0	4	[]	0	4
49	123457162	0	0	6	132	0	0	0	0	0	0	0	0	0	0	0	0	0	98	29	0	7	29	218	152	0	0	0	4	[]	0	4
50	123457162	0	0	6	132	0	0	0	0	0	0	0	0	0	0	0	0	0	99	29	0	7	29	218	152	0	0	0	4	[]	0	4
51	123457162	0	0	6	132	0	0	0	0	0	0	0	0	0	0	0	0	0	101	29	0	7	29	218	152	0	0	0	4	[]	0	4
52	123457162	0	0	6	132	0	0	0	0	0	0	0	0	0	0	0	0	0	104	29	0	7	29	218	152	0	0	0	4	[]	0	4
53	123457162	0	0	6	132	0	0	0	0	0	0	0	0	0	0	0	0	0	105	29	0	7	29	218	152	0	0	0	4	[]	0	4
54	123457162	0	0	4	134	0	0	0	0	0	0	0	0	0	0	0	0	0	106	29	0	7	29	218	152	0	0	0	4	[]	0	4
55	123457162	0	0	3	135	0	0	0	0	0	0	0	0	0	0	0	0	0	108	29	0	7	29	218	152	0	0	0	4	[]	0	3
56	123457162	0	0	3	135	0	0	0	0	0	0	0	0	0	0	0	0	0	112	29	0	7	29	218	152	0	0	0	4	[]	0	3
57	123457162	0	0	3	135	0	0	0	0	0	0	0	0	0	0	0	0	0	114	29	0	7	29	218	152	0	0	0	4	[]	0	3
58	123457162	0	0	2	136	0	0	0	0	0	0	0	0	0	0	0	0	0	116	29	0	7	29	218	152	0	0	0	4	[]	0	2
59	123457162	0	0	1	137	0	0	0	0	0	0	0	0	0	0	0	0	0	118	29	0	7	29	218	152	0	0	0	4	[]	0	1
60	123457162	0	0	0	138	0	0	0	0	0	0	0	0	0	0	0	0	0	119	29	0	7	29	218	152	0	0	0	4	[]	0	0
