day	seedRun	susceptible	exposed	infected	removed	susceptible-in-quarantine	exposed-in-quarantine	infected-in-quarantine	removed-in-quarantine	susceptible-in-quarantine-external-1	exposed-in-quarantine-external-1	infected-in-quarantine-external-1	removed-in-quarantine-external-1	susceptible-in-quarantine-external-2	exposed-in-quarantine-external-2	infected-in-quarantine-external-2	removed-in-quarantine-external-2	num-of-screened-agents	num-of-screened-agents-external-1	num-of-screened-agents-external-2	num-of-positive-agents	num-of-positive-agents-external-1	num-of-positive-agents-external-2	num-vaccinated	num-immunized	num-immunized-in-quarantine	num-immunized-in-quarantine-external-1	num-immunized-in-quarantine-external-2	num-infected-outside	classroom-in-quarantine	num-of-classroom-in-quarantine	classroom-with-at-least-one-infected
0	123456860	237	0	0	0	0	0	0	0	0	0	0	0	0	0	0	0	0	0	0	0	0	0	74	53	0	0	0	0	[]	0	0
1	123456860	236	1	0	0	0	0	0	0	0	0	0	0	0	0	0	0	0	2	0	0	0	0	74	53	0	0	0	1	[]	0	0
2	123456860	236	1	0	0	0	0	0	0	0	0	0	0	0	0	0	0	0	3	0	0	0	0	74	53	0	0	0	1	[]	0	0
3	123456860	236	1	0	0	0	0	0	0	0	0	0	0	0	0	0	0	0	4	0	0	0	0	74	53	0	0	0	1	[]	0	0
4	123456860	231	5	1	0	0	0	0	0	0	0	0	0	0	0	0	0	0	8	0	0	0	0	74	53	0	0	0	1	[]	0	1
5	123456860	231	3	0	0	0	0	2	0	0	0	1	0	0	0	0	0	19	13	0	2	1	0	74	53	0	0	0	1	[]	0	1
6	123456860	230	3	1	0	0	0	1	1	0	0	1	0	0	0	0	0	19	17	0	2	1	0	74	53	0	0	0	2	[]	0	1
7	123456860	230	3	1	0	0	0	1	1	0	0	1	0	0	0	0	0	19	20	0	2	1	0	74	53	0	0	0	2	[]	0	1
8	123456860	229	3	2	0	0	0	1	1	0	0	1	0	0	0	0	0	19	22	0	2	1	0	74	53	0	0	0	2	[]	0	1
9	123456860	229	3	2	0	0	0	1	1	0	0	1	0	0	0	0	0	19	22	0	2	1	0	74	53	0	0	0	2	[]	0	1
10	123456860	217	1	0	0	12	2	3	1	0	0	1	0	0	0	0	0	36	22	0	4	1	0	74	52	1	0	0	2	[3A]	1	1
11	123456860	217	1	0	0	12	0	4	2	0	0	1	0	0	0	0	0	36	23	0	4	1	0	74	52	1	0	0	2	[3A]	1	1
12	123456860	217	1	0	0	12	0	4	2	0	0	1	0	0	0	0	0	36	25	0	4	1	0	74	52	1	0	0	2	[3A]	1	1
13	123456860	217	1	0	0	12	0	4	2	0	0	1	0	0	0	0	0	36	26	0	4	1	0	74	52	1	0	0	2	[3A]	1	1
14	123456860	217	1	0	0	12	0	3	3	0	0	1	0	0	0	0	0	36	29	0	4	1	0	74	52	1	0	0	2	[3A]	1	1
15	123456860	216	2	0	0	12	0	3	3	0	0	1	0	0	0	0	0	36	30	0	4	1	0	74	52	1	0	0	3	[3A]	1	1
16	123456860	211	6	1	0	12	0	3	3	0	0	1	0	0	0	0	0	36	30	0	4	1	0	74	52	1	0	0	3	[3A]	1	2
17	123456860	197	17	4	0	12	0	2	4	0	0	0	1	0	0	0	0	36	31	0	4	1	0	74	52	1	0	0	3	[3A]	1	2
18	123456860	196	3	0	0	13	12	6	5	0	0	1	1	0	0	0	0	55	34	0	8	2	0	74	51	2	0	0	3	[3A 2A]	2	2
19	123456860	196	3	0	0	13	6	12	5	0	0	1	1	0	0	0	0	55	34	0	8	2	0	74	51	2	0	0	3	[3A 2A]	2	2
20	123456860	208	2	1	7	1	5	11	1	0	0	0	1	0	0	0	0	55	36	0	8	2	0	74	52	1	0	0	3	[2A]	1	1
21	123456860	208	1	2	7	1	4	11	2	0	0	0	1	0	0	0	0	55	36	0	8	2	0	74	52	1	0	0	3	[2A]	1	1
22	123456860	206	3	2	7	1	3	11	3	0	0	0	1	0	0	0	0	55	38	0	8	2	0	74	52	1	0	0	3	[2A]	1	1
23	123456860	205	4	2	7	1	1	12	4	0	0	0	1	0	0	0	0	55	38	0	8	2	0	74	52	1	0	0	3	[2A]	1	1
24	123456860	196	12	3	7	1	0	10	7	0	0	0	1	0	0	0	0	55	38	0	8	2	0	74	52	1	0	0	4	[2A]	1	2
25	123456860	161	41	8	8	1	0	7	10	0	0	0	1	0	0	0	0	55	42	0	8	2	0	74	52	1	0	0	4	[2A]	1	5
26	123456860	129	61	19	9	1	0	6	11	0	0	0	1	0	0	0	0	55	44	0	8	2	0	74	52	1	0	0	5	[2A]	1	6
27	123456860	129	37	21	12	1	10	14	11	0	0	0	1	0	0	1	0	74	45	1	16	2	1	74	51	2	0	0	5	[2A 1D]	2	6
28	123456860	129	20	19	32	1	14	18	2	0	0	0	0	0	0	2	0	93	47	2	24	2	2	74	50	3	0	0	5	[1D 1C]	2	6
29	123456860	109	28	16	29	3	17	22	10	0	0	0	0	0	0	3	0	112	51	3	29	2	3	74	48	5	0	0	5	[1D 1C 1A]	3	6
30	123456860	94	34	21	33	3	13	23	13	0	0	0	0	0	0	3	0	112	53	3	29	2	3	74	48	5	0	0	5	[1D 1C 1A]	3	7
31	123456860	84	30	19	30	3	13	30	24	0	0	0	0	0	0	4	0	131	54	4	40	2	4	74	47	6	0	0	7	[1D 1C 1A 2C]	4	7
32	123456860	65	30	18	32	4	10	42	31	0	0	0	0	0	0	5	0	150	54	5	50	2	5	74	45	8	0	0	7	[1D 1C 1A 2C 3B]	5	10
33	123456860	47	42	20	36	4	7	40	36	0	0	0	0	0	0	4	1	150	55	5	50	2	5	74	45	8	0	0	7	[1D 1C 1A 2C 3B]	5	10
34	123456860	47	27	21	32	4	6	45	49	0	0	0	0	0	0	3	3	169	57	6	58	2	6	74	43	10	0	0	7	[1D 1C 1A 2C 3B 3D]	6	10
35	123456860	47	15	22	24	4	8	47	63	0	0	0	0	0	0	3	4	188	59	7	63	2	7	74	42	11	0	0	7	[1D 1C 1A 2C 3B 3D 3A]	7	10
36	123456860	34	20	10	26	5	10	54	70	0	0	0	0	0	0	4	4	207	59	8	74	2	8	74	40	13	0	0	7	[1D 1C 1A 2C 3B 3D 3A 2D]	8	10
37	123456860	34	7	7	43	5	10	55	68	0	0	0	0	0	0	4	4	226	60	9	80	2	9	74	39	14	0	0	7	[1C 1A 2C 3B 3D 3A 2D 3C]	8	9
38	123456860	35	4	8	62	4	8	50	59	0	0	0	0	0	0	3	4	226	60	9	80	2	9	74	41	12	0	0	7	[1A 2C 3B 3D 3A 2D 3C]	7	8
39	123456860	36	5	8	78	2	5	39	58	0	0	0	0	0	0	2	4	226	60	9	80	2	9	74	43	10	0	0	7	[2C 3B 3D 3A 2D 3C]	6	7
40	123456860	31	6	10	80	2	4	35	63	0	0	0	0	0	0	1	5	226	60	9	80	2	9	74	43	10	0	0	7	[2C 3B 3D 3A 2D 3C]	6	7
41	123456860	31	5	10	100	2	2	28	54	0	0	0	0	0	0	1	4	226	60	9	80	2	9	74	44	9	0	0	7	[3B 3D 3A 2D 3C]	5	7
42	123456860	32	4	2	108	1	1	29	55	0	0	0	0	0	0	2	3	245	62	10	88	2	10	74	44	9	0	0	7	[3D 3A 2D 3C 1B]	5	6
43	123456860	25	10	3	108	1	0	29	56	0	0	0	0	0	0	2	3	245	65	10	88	2	10	74	44	9	0	0	7	[3D 3A 2D 3C 1B]	5	6
44	123456860	18	14	5	127	1	0	21	47	0	0	0	0	0	0	2	2	245	67	10	88	2	10	74	46	7	0	0	7	[3A 2D 3C 1B]	4	5
45	123456860	18	11	8	146	1	0	16	34	0	0	0	0	0	0	2	1	245	67	10	88	2	10	74	47	6	0	0	7	[2D 3C 1B]	3	4
46	123456860	19	10	8	164	0	0	11	23	0	0	0	0	0	0	1	1	245	69	10	88	2	10	74	49	4	0	0	7	[3C 1B]	2	3
47	123456860	19	7	10	183	0	0	5	12	0	0	0	0	0	0	0	1	245	70	10	88	2	10	74	51	2	0	0	7	[1B]	1	2
48	123456860	19	5	11	184	0	0	4	13	0	0	0	0	0	0	0	1	245	71	10	88	2	10	74	51	2	0	0	7	[1B]	1	2
49	123456860	19	2	13	185	0	0	4	13	0	0	0	0	0	0	0	1	245	72	10	88	2	10	74	51	2	0	0	7	[1B]	1	2
50	123456860	18	2	14	185	0	0	2	15	0	0	0	0	0	0	0	1	245	73	10	88	2	10	74	51	2	0	0	7	[1B]	1	2
51	123456860	18	0	1	181	0	0	14	21	0	0	1	0	0	0	0	1	264	78	10	101	3	10	74	50	3	0	0	7	[1B 2B]	2	2
52	123456860	17	1	1	199	0	0	10	8	0	0	1	0	0	0	0	0	264	78	10	101	3	10	74	52	1	0	0	7	[2B]	1	1
53	123456860	17	1	1	199	0	0	10	8	0	0	1	0	0	0	0	0	264	79	10	101	3	10	74	52	1	0	0	7	[2B]	1	1
54	123456860	17	0	2	199	0	0	7	11	0	0	1	0	0	0	0	0	264	79	10	101	3	10	74	52	1	0	0	7	[2B]	1	1
55	123456860	17	0	2	199	0	0	7	11	0	0	1	0	0	0	0	0	264	80	10	101	3	10	74	52	1	0	0	7	[2B]	1	1
56	123456860	17	0	2	199	0	0	5	13	0	0	1	0	0	0	0	0	264	82	10	101	3	10	74	52	1	0	0	7	[2B]	1	1
57	123456860	17	0	1	200	0	0	2	16	0	0	1	0	0	0	0	0	264	84	10	101	3	10	74	52	1	0	0	7	[2B]	1	1
58	123456860	17	0	1	200	0	0	2	16	0	0	1	0	0	0	0	0	264	89	10	101	3	10	74	52	1	0	0	7	[2B]	1	1
59	123456860	17	0	0	201	0	0	2	16	0	0	1	0	0	0	0	0	264	90	10	101	3	10	74	52	1	0	0	7	[2B]	1	1
60	123456860	17	0	0	201	0	0	1	17	0	0	1	0	0	0	0	0	264	91	10	101	3	10	74	52	1	0	0	7	[2B]	1	1
