day	seedRun	susceptible	exposed	infected	removed	susceptible-in-quarantine	exposed-in-quarantine	infected-in-quarantine	removed-in-quarantine	susceptible-in-quarantine-external-1	exposed-in-quarantine-external-1	infected-in-quarantine-external-1	removed-in-quarantine-external-1	susceptible-in-quarantine-external-2	exposed-in-quarantine-external-2	infected-in-quarantine-external-2	removed-in-quarantine-external-2	num-of-screened-agents	num-of-screened-agents-external-1	num-of-screened-agents-external-2	num-of-positive-agents	num-of-positive-agents-external-1	num-of-positive-agents-external-2	num-vaccinated	num-immunized	num-immunized-in-quarantine	num-immunized-in-quarantine-external-1	num-immunized-in-quarantine-external-2	num-infected-outside	classroom-in-quarantine	num-of-classroom-in-quarantine	classroom-with-at-least-one-infected
0	123457045	236	0	0	0	0	0	0	0	0	0	0	0	0	0	0	0	0	0	0	0	0	0	74	54	0	0	0	0	[]	0	0
1	123457045	236	0	0	0	0	0	0	0	0	0	0	0	0	0	0	0	0	4	0	0	0	0	74	54	0	0	0	0	[]	0	0
2	123457045	236	0	0	0	0	0	0	0	0	0	0	0	0	0	0	0	0	6	0	0	0	0	74	54	0	0	0	0	[]	0	0
3	123457045	236	0	0	0	0	0	0	0	0	0	0	0	0	0	0	0	0	8	0	0	0	0	74	54	0	0	0	0	[]	0	0
4	123457045	236	0	0	0	0	0	0	0	0	0	0	0	0	0	0	0	0	10	0	0	0	0	74	54	0	0	0	0	[]	0	0
5	123457045	236	0	0	0	0	0	0	0	0	0	0	0	0	0	0	0	0	12	0	0	0	0	74	54	0	0	0	0	[]	0	0
6	123457045	236	0	0	0	0	0	0	0	0	0	0	0	0	0	0	0	0	13	0	0	0	0	74	54	0	0	0	0	[]	0	0
7	123457045	236	0	0	0	0	0	0	0	0	0	0	0	0	0	0	0	0	15	0	0	0	0	74	54	0	0	0	0	[]	0	0
8	123457045	236	0	0	0	0	0	0	0	0	0	0	0	0	0	0	0	0	17	0	0	0	0	74	54	0	0	0	0	[]	0	0
9	123457045	236	0	0	0	0	0	0	0	0	0	0	0	0	0	0	0	0	20	0	0	0	0	74	54	0	0	0	0	[]	0	0
10	123457045	236	0	0	0	0	0	0	0	0	0	0	0	0	0	0	0	0	21	0	0	0	0	74	54	0	0	0	0	[]	0	0
11	123457045	235	1	0	0	0	0	0	0	0	0	0	0	0	0	0	0	0	23	0	0	0	0	74	54	0	0	0	1	[]	0	0
12	123457045	234	2	0	0	0	0	0	0	0	0	0	0	0	0	0	0	0	26	0	0	0	0	74	54	0	0	0	2	[]	0	0
13	123457045	234	2	0	0	0	0	0	0	0	0	0	0	0	0	0	0	0	27	0	0	0	0	74	54	0	0	0	2	[]	0	0
14	123457045	234	2	0	0	0	0	0	0	0	0	0	0	0	0	0	0	0	30	0	0	0	0	74	54	0	0	0	2	[]	0	0
15	123457045	215	19	2	0	0	0	0	0	0	0	0	0	0	0	0	0	0	30	0	0	0	0	74	54	0	0	0	2	[]	0	2
16	123457045	198	32	6	0	0	0	0	0	0	0	0	0	0	0	0	0	0	30	0	0	0	0	74	54	0	0	0	2	[]	0	2
17	123457045	196	23	16	1	0	0	0	0	0	0	0	0	0	0	0	0	0	34	0	0	0	0	74	54	0	0	0	2	[]	0	2
18	123457045	183	16	1	0	0	11	20	3	0	0	2	0	0	0	0	0	38	38	0	20	2	0	74	50	4	0	0	2	[2D 1B]	2	3
19	123457045	175	21	4	0	0	6	24	4	0	0	1	1	0	0	0	0	38	40	0	20	2	0	74	50	4	0	0	2	[2D 1B]	2	3
20	123457045	173	5	1	0	2	16	29	6	0	0	1	1	0	0	2	0	76	40	2	26	2	2	74	49	5	0	0	2	[2D 1B 2A]	3	4
21	123457045	173	1	5	0	2	13	31	7	0	0	1	1	0	0	2	0	76	42	2	26	2	2	74	49	5	0	0	2	[2D 1B 2A]	3	4
22	123457045	169	5	5	0	2	11	31	9	0	0	1	1	0	0	1	1	76	42	2	26	2	2	74	49	5	0	0	2	[2D 1B 2A]	3	4
23	123457045	161	10	7	1	2	3	36	12	0	0	1	1	0	0	0	2	76	42	2	26	2	2	74	49	5	0	0	3	[2D 1B 2A]	3	5
24	123457045	149	20	9	1	2	1	34	16	0	0	0	2	0	0	0	2	76	42	2	26	2	2	74	49	5	0	0	3	[2D 1B 2A]	3	5
25	123457045	134	17	5	1	3	13	39	19	0	0	0	2	0	0	1	2	113	42	3	34	2	3	74	49	5	0	0	4	[2D 1B 2A 3D]	4	7
26	123457045	123	21	6	3	3	9	42	23	0	0	1	2	0	0	1	2	132	45	3	37	3	3	74	49	5	0	0	4	[2D 1B 2A 3D]	4	7
27	123457045	111	13	11	2	3	6	39	29	12	1	3	3	0	0	1	2	132	48	3	37	4	3	74	49	5	0	0	4	[2D 1B 2A 3D 3C]	5	8
28	123457045	111	11	11	40	3	4	20	16	12	1	3	1	0	0	1	2	132	49	3	37	4	3	74	53	1	0	0	4	[2A 3D 3C]	3	6
29	123457045	85	34	13	41	3	2	19	19	12	0	4	1	0	0	1	2	132	49	3	37	4	3	74	53	1	0	0	4	[2A 3D 3C]	3	6
30	123457045	70	46	18	60	1	0	12	11	12	0	4	1	0	0	1	0	132	50	3	37	4	3	74	54	0	0	0	4	[3D 3C]	2	5
31	123457045	61	39	14	61	1	6	20	15	12	0	4	1	0	0	2	0	151	53	4	46	4	4	74	53	1	0	0	4	[3D 3C 3B]	3	6
32	123457045	51	29	15	62	5	13	22	19	12	0	4	1	0	0	3	0	170	54	5	50	4	5	74	51	3	0	0	4	[3D 3C 3B 1C]	4	7
33	123457045	51	12	12	61	5	21	28	24	12	0	3	2	0	0	5	0	206	55	7	58	4	7	74	50	4	0	0	4	[3D 3C 3B 1C 2C]	5	7
34	123457045	51	9	14	62	5	13	32	28	12	0	3	2	0	0	5	0	206	55	7	58	4	7	74	50	4	0	0	4	[3D 3C 3B 1C 2C]	5	7
35	123457045	52	6	14	86	4	9	30	14	12	0	3	2	0	0	3	1	206	57	7	58	4	7	74	50	4	0	0	4	[3C 3B 1C 2C]	4	7
36	123457045	52	6	12	88	4	6	33	14	12	0	1	4	0	0	3	1	206	57	7	58	4	7	74	50	4	0	0	4	[3C 3B 1C 2C]	4	6
37	123457045	63	5	12	98	4	3	30	17	0	0	0	0	0	0	3	1	206	58	7	58	4	7	74	50	4	0	0	4	[3B 1C 2C]	3	5
38	123457045	57	3	8	93	10	5	30	26	0	0	0	0	0	0	3	1	224	58	7	62	4	7	74	49	5	0	0	4	[3B 1C 2C 1D]	4	5
39	123457045	57	3	8	93	10	3	27	31	0	0	0	0	0	0	2	2	224	60	7	62	4	7	74	49	5	0	0	4	[3B 1C 2C 1D]	4	5
40	123457045	57	2	8	94	10	3	23	35	0	0	0	0	0	0	1	3	224	61	7	62	4	7	74	49	5	0	0	4	[3B 1C 2C 1D]	4	5
41	123457045	57	0	1	104	10	4	21	35	0	0	0	0	0	0	2	2	243	62	8	66	4	8	74	48	6	0	0	4	[1C 2C 1D 2B]	4	4
42	123457045	61	0	0	119	6	2	16	29	0	0	0	0	0	0	2	1	243	65	8	66	4	8	74	50	4	0	0	4	[2C 1D 2B]	3	3
43	123457045	61	0	0	138	6	2	9	18	0	0	0	0	0	0	1	1	243	65	8	66	4	8	74	51	3	0	0	4	[1D 2B]	2	2
44	123457045	61	0	0	138	6	2	9	18	0	0	0	0	0	0	1	1	243	65	8	66	4	8	74	51	3	0	0	4	[1D 2B]	2	2
45	123457045	61	0	0	138	6	1	7	21	0	0	0	0	0	0	1	1	243	65	8	66	4	8	74	51	3	0	0	4	[1D 2B]	2	2
46	123457045	61	0	0	138	6	0	8	21	0	0	0	0	0	0	1	1	243	65	8	66	4	8	74	51	3	0	0	4	[1D 2B]	2	2
47	123457045	61	0	0	138	6	0	7	22	0	0	0	0	0	0	1	1	243	67	8	66	4	8	74	51	3	0	0	4	[1D 2B]	2	2
48	123457045	67	0	0	151	0	0	4	13	0	0	0	0	0	0	1	0	243	69	8	66	4	8	74	52	2	0	0	4	[2B]	1	1
49	123457045	67	0	0	151	0	0	3	14	0	0	0	0	0	0	1	0	243	71	8	66	4	8	74	52	2	0	0	4	[2B]	1	1
50	123457045	67	0	0	151	0	0	3	14	0	0	0	0	0	0	1	0	243	72	8	66	4	8	74	52	2	0	0	4	[2B]	1	1
51	123457045	66	1	0	169	0	0	0	0	0	0	0	0	0	0	0	0	243	74	8	66	4	8	74	54	0	0	0	5	[]	0	0
52	123457045	55	11	1	169	0	0	0	0	0	0	0	0	0	0	0	0	243	75	8	66	4	8	74	54	0	0	0	5	[]	0	1
53	123457045	48	10	9	169	0	0	0	0	0	0	0	0	0	0	0	0	243	78	8	66	4	8	74	54	0	0	0	5	[]	0	1
54	123457045	48	7	12	169	0	0	0	0	0	0	0	0	0	0	0	0	243	79	8	66	4	8	74	54	0	0	0	5	[]	0	1
55	123457045	48	5	13	170	0	0	0	0	0	0	0	0	0	0	0	0	243	82	8	66	4	8	74	54	0	0	0	5	[]	0	1
56	123457045	48	2	15	171	0	0	0	0	0	0	0	0	0	0	0	0	243	84	8	66	4	8	74	54	0	0	0	5	[]	0	1
57	123457045	48	0	1	169	0	2	11	4	0	0	0	0	0	0	1	0	262	87	9	77	4	9	74	52	2	0	0	5	[1A]	1	1
58	123457045	48	0	1	169	0	2	10	5	0	0	0	0	0	0	1	0	262	88	9	77	4	9	74	52	2	0	0	5	[1A]	1	1
59	123457045	48	0	1	169	0	1	7	9	0	0	0	0	0	0	1	0	262	89	9	77	4	9	74	52	2	0	0	5	[1A]	1	1
60	123457045	48	0	1	169	0	0	7	10	0	0	0	0	0	0	1	0	262	92	9	77	4	9	74	52	2	0	0	5	[1A]	1	1
