day	seedRun	susceptible	exposed	infected	removed	susceptible-in-quarantine	exposed-in-quarantine	infected-in-quarantine	removed-in-quarantine	susceptible-in-quarantine-external-1	exposed-in-quarantine-external-1	infected-in-quarantine-external-1	removed-in-quarantine-external-1	susceptible-in-quarantine-external-2	exposed-in-quarantine-external-2	infected-in-quarantine-external-2	removed-in-quarantine-external-2	num-of-screened-agents	num-of-screened-agents-external-1	num-of-screened-agents-external-2	num-of-positive-agents	num-of-positive-agents-external-1	num-of-positive-agents-external-2	num-vaccinated	num-immunized	num-immunized-in-quarantine	num-immunized-in-quarantine-external-1	num-immunized-in-quarantine-external-2	num-infected-outside	classroom-in-quarantine	num-of-classroom-in-quarantine	classroom-with-at-least-one-infected
0	123457071	242	0	0	0	0	0	0	0	0	0	0	0	0	0	0	0	0	0	0	0	0	0	74	48	0	0	0	0	[]	0	0
1	123457071	242	0	0	0	0	0	0	0	0	0	0	0	0	0	0	0	0	4	0	0	0	0	74	48	0	0	0	0	[]	0	0
2	123457071	242	0	0	0	0	0	0	0	0	0	0	0	0	0	0	0	0	4	0	0	0	0	74	48	0	0	0	0	[]	0	0
3	123457071	241	1	0	0	0	0	0	0	0	0	0	0	0	0	0	0	0	5	0	0	0	0	74	48	0	0	0	1	[]	0	0
4	123457071	241	1	0	0	0	0	0	0	0	0	0	0	0	0	0	0	0	7	0	0	0	0	74	48	0	0	0	1	[]	0	0
5	123457071	241	1	0	0	0	0	0	0	0	0	0	0	0	0	0	0	0	9	0	0	0	0	74	48	0	0	0	1	[]	0	0
6	123457071	241	1	0	0	0	0	0	0	0	0	0	0	0	0	0	0	0	11	0	0	0	0	74	48	0	0	0	1	[]	0	0
7	123457071	241	1	0	0	0	0	0	0	0	0	0	0	0	0	0	0	0	13	0	0	0	0	74	48	0	0	0	1	[]	0	0
8	123457071	237	4	1	0	0	0	0	0	0	0	0	0	0	0	0	0	0	13	0	0	0	0	74	48	0	0	0	1	[]	0	1
9	123457071	232	9	1	0	0	0	0	0	0	0	0	0	0	0	0	0	0	15	0	0	0	0	74	48	0	0	0	1	[]	0	1
10	123457071	223	14	5	0	0	0	0	0	0	0	0	0	0	0	0	0	0	19	0	0	0	0	74	48	0	0	0	1	[]	0	1
11	123457071	220	14	8	0	0	0	0	0	0	0	0	0	0	0	0	0	0	20	0	0	0	0	74	48	0	0	0	1	[]	0	1
12	123457071	210	21	10	1	0	0	0	0	0	0	0	0	0	0	0	0	0	20	0	0	0	0	74	48	0	0	0	1	[]	0	2
13	123457071	209	17	14	2	0	0	0	0	0	0	0	0	0	0	0	0	0	21	0	0	0	0	74	48	0	0	0	2	[]	0	3
14	123457071	208	7	8	1	0	4	11	2	0	0	0	0	0	0	1	0	19	26	1	11	0	1	74	46	2	0	0	3	[3B]	1	3
15	123457071	193	19	11	1	0	4	8	5	0	0	0	0	0	0	1	0	19	26	1	11	0	1	74	46	2	0	0	4	[3B]	1	3
16	123457071	171	34	17	2	0	3	8	6	0	0	0	0	0	0	1	0	19	28	1	11	0	1	74	46	2	0	0	4	[3B]	1	4
17	123457071	160	36	26	2	0	3	8	6	0	0	0	0	0	0	1	0	19	31	1	11	0	1	74	46	2	0	0	5	[3B]	1	4
18	123457071	146	27	13	1	0	17	23	12	0	0	1	0	0	0	2	0	57	33	2	26	1	2	74	43	5	0	0	5	[3B 3A 3C]	3	5
19	123457071	121	35	12	0	0	20	35	15	0	0	1	0	0	0	3	0	76	37	3	36	1	3	74	42	6	0	0	5	[3B 3A 3C 3D]	4	7
20	123457071	121	15	7	1	0	25	44	23	0	0	2	0	0	0	4	0	114	39	4	45	2	4	74	42	6	0	0	5	[3B 3A 3C 3D 1D]	5	8
21	123457071	121	9	13	1	0	12	53	27	0	0	2	0	0	0	4	0	114	39	4	45	2	4	74	42	6	0	0	5	[3B 3A 3C 3D 1D]	5	8
22	123457071	107	23	12	2	0	7	52	33	0	0	2	0	0	0	4	0	114	39	4	45	2	4	74	42	6	0	0	5	[3B 3A 3C 3D 1D]	5	8
23	123457071	104	21	13	3	0	7	46	41	0	0	1	1	0	0	5	0	133	41	5	47	2	5	74	42	6	0	0	5	[3B 3A 3C 3D 1D]	5	8
24	123457071	101	19	16	23	0	5	38	34	0	0	1	1	0	0	4	0	133	42	5	47	2	5	74	44	4	0	0	5	[3A 3C 3D 1D]	4	7
25	123457071	94	13	15	22	6	5	40	41	0	0	1	1	0	0	4	0	149	42	5	52	2	5	74	43	5	0	0	5	[3A 3C 3D 1D 2B]	5	7
26	123457071	86	20	14	24	6	4	37	45	0	0	0	2	0	0	3	1	149	44	5	52	2	5	74	43	5	0	0	5	[3A 3C 3D 1D 2B]	5	8
27	123457071	75	6	7	20	17	8	46	55	0	0	1	2	0	0	3	2	184	46	6	65	3	6	74	42	6	0	0	5	[3A 3C 3D 1D 2B 1B 2D]	7	8
28	123457071	75	6	6	58	17	6	29	39	0	0	1	1	0	0	3	1	184	47	6	65	3	6	74	45	3	0	0	5	[3D 1D 2B 1B 2D]	5	6
29	123457071	67	13	6	78	17	4	21	31	0	0	1	1	0	0	2	1	184	49	6	65	3	6	74	46	2	0	0	5	[1D 2B 1B 2D]	4	5
30	123457071	63	9	14	98	17	2	14	21	0	0	0	2	0	0	1	1	184	49	6	65	3	6	74	46	2	0	0	5	[2B 1B 2D]	3	4
31	123457071	63	3	18	100	17	2	13	22	0	0	0	2	0	0	1	1	184	52	6	65	3	6	74	46	2	0	0	5	[2B 1B 2D]	3	4
32	123457071	63	3	15	103	17	0	12	25	0	0	0	2	0	0	1	1	184	53	6	65	3	6	74	46	2	0	0	5	[2B 1B 2D]	3	4
33	123457071	63	2	13	106	17	0	12	25	0	0	0	2	0	0	1	1	184	54	6	65	3	6	74	46	2	0	0	5	[2B 1B 2D]	3	4
34	123457071	63	1	14	106	17	0	9	28	0	0	0	2	0	0	1	1	184	55	6	65	3	6	74	46	2	0	0	5	[2B 1B 2D]	3	4
35	123457071	69	1	11	122	11	0	4	21	0	0	0	1	0	0	1	1	184	55	6	65	3	6	74	47	1	0	0	5	[1B 2D]	2	3
36	123457071	69	1	9	124	11	0	3	22	0	0	0	1	0	0	0	2	184	57	6	65	3	6	74	47	1	0	0	5	[1B 2D]	2	2
37	123457071	78	3	7	154	0	0	0	0	0	0	0	0	0	0	0	0	184	59	6	65	3	6	74	48	0	0	0	5	[]	0	1
38	123457071	78	2	7	155	0	0	0	0	0	0	0	0	0	0	0	0	184	60	6	65	3	6	74	48	0	0	0	5	[]	0	1
39	123457071	74	5	8	155	0	0	0	0	0	0	0	0	0	0	0	0	184	62	6	65	3	6	74	48	0	0	0	5	[]	0	2
40	123457071	69	9	3	157	0	0	3	0	0	0	0	0	0	0	1	0	203	63	7	68	3	7	74	48	0	0	0	6	[]	0	3
41	123457071	69	8	1	158	0	0	3	1	0	0	0	0	0	0	2	0	222	65	8	69	3	8	74	48	0	0	0	6	[]	0	3
42	123457071	69	7	2	158	0	0	3	1	0	0	0	0	0	0	2	0	222	65	8	69	3	8	74	48	0	0	0	6	[]	0	4
43	123457071	55	19	4	158	0	0	3	1	0	0	0	0	0	0	1	1	222	65	8	69	3	8	74	48	0	0	0	7	[]	0	4
44	123457071	52	19	6	159	0	0	2	2	0	0	0	0	0	0	1	1	222	69	8	69	3	8	74	48	0	0	0	7	[]	0	3
45	123457071	48	16	12	160	0	0	2	2	0	0	0	0	0	0	1	1	238	70	8	69	3	8	74	48	0	0	0	7	[]	0	3
46	123457071	48	5	6	159	0	8	10	3	0	0	0	0	0	0	2	1	257	76	9	77	3	9	74	46	2	0	0	7	[1A]	1	4
47	123457071	46	6	7	159	0	5	9	7	0	0	0	0	0	0	1	2	257	79	9	77	3	9	74	46	2	0	0	7	[1A]	1	4
48	123457071	46	4	6	159	0	3	11	9	0	0	0	0	0	0	2	2	276	80	10	79	3	10	74	46	2	0	0	7	[1A]	1	3
49	123457071	45	5	4	161	0	3	10	10	0	0	0	0	0	0	2	2	276	80	10	79	3	10	74	46	2	0	0	8	[1A]	1	3
50	123457071	36	13	4	166	0	0	12	8	0	0	0	0	0	0	2	1	276	82	10	79	3	10	74	46	2	0	0	8	[1A]	1	4
51	123457071	28	19	6	168	0	0	10	9	0	0	0	0	0	0	1	1	276	83	10	79	3	10	74	46	2	0	0	8	[1A]	1	4
52	123457071	23	17	11	170	0	0	8	11	0	0	0	0	0	0	1	1	276	86	10	79	3	10	74	46	2	0	0	8	[1A]	1	4
53	123457071	21	16	13	171	0	0	8	11	0	0	0	0	0	0	1	1	293	87	10	79	3	10	74	46	2	0	0	8	[1A]	1	4
54	123457071	14	8	9	170	0	9	13	16	0	0	1	0	0	0	1	1	312	89	10	86	4	10	74	46	2	0	0	8	[1A 1C]	2	5
55	123457071	4	0	8	171	10	9	18	18	0	0	1	0	0	0	2	1	331	89	11	90	4	11	74	44	4	0	0	8	[1A 1C 2C]	3	5
56	123457071	4	0	5	192	10	7	16	5	0	0	1	0	0	0	2	0	331	89	11	90	4	11	74	46	2	0	0	8	[1C 2C]	2	4
57	123457071	4	0	3	194	10	4	17	7	0	0	1	0	0	0	2	0	331	95	11	90	4	11	74	46	2	0	0	8	[1C 2C]	2	3
58	123457071	4	0	2	198	10	3	16	7	0	0	1	0	0	0	1	0	331	95	11	90	4	11	74	46	2	0	0	8	[1C 2C]	2	2
59	123457071	4	0	2	198	10	3	14	9	0	0	1	0	0	0	1	0	331	96	11	90	4	11	74	46	2	0	0	8	[1C 2C]	2	2
60	123457071	4	0	2	198	10	1	15	10	0	0	1	0	0	0	1	0	331	97	11	90	4	11	74	46	2	0	0	8	[1C 2C]	2	2
