day	seedRun	susceptible	exposed	infected	removed	susceptible-in-quarantine	exposed-in-quarantine	infected-in-quarantine	removed-in-quarantine	susceptible-in-quarantine-external-1	exposed-in-quarantine-external-1	infected-in-quarantine-external-1	removed-in-quarantine-external-1	susceptible-in-quarantine-external-2	exposed-in-quarantine-external-2	infected-in-quarantine-external-2	removed-in-quarantine-external-2	num-of-screened-agents	num-of-screened-agents-external-1	num-of-screened-agents-external-2	num-of-positive-agents	num-of-positive-agents-external-1	num-of-positive-agents-external-2	num-vaccinated	num-immunized	num-immunized-in-quarantine	num-immunized-in-quarantine-external-1	num-immunized-in-quarantine-external-2	num-infected-outside	classroom-in-quarantine	num-of-classroom-in-quarantine	classroom-with-at-least-one-infected
0	123456877	240	0	0	0	0	0	0	0	0	0	0	0	0	0	0	0	0	0	0	0	0	0	50	50	0	0	0	0	[]	0	0
1	123456877	240	0	0	0	0	0	0	0	0	0	0	0	0	0	0	0	0	3	0	0	0	0	50	50	0	0	0	0	[]	0	0
2	123456877	240	0	0	0	0	0	0	0	0	0	0	0	0	0	0	0	0	5	0	0	0	0	50	50	0	0	0	0	[]	0	0
3	123456877	240	0	0	0	0	0	0	0	0	0	0	0	0	0	0	0	0	6	0	0	0	0	50	50	0	0	0	0	[]	0	0
4	123456877	240	0	0	0	0	0	0	0	0	0	0	0	0	0	0	0	0	7	0	0	0	0	50	50	0	0	0	0	[]	0	0
5	123456877	240	0	0	0	0	0	0	0	0	0	0	0	0	0	0	0	0	7	0	0	0	0	50	50	0	0	0	0	[]	0	0
6	123456877	240	0	0	0	0	0	0	0	0	0	0	0	0	0	0	0	0	9	0	0	0	0	50	50	0	0	0	0	[]	0	0
7	123456877	240	0	0	0	0	0	0	0	0	0	0	0	0	0	0	0	0	11	0	0	0	0	50	50	0	0	0	0	[]	0	0
8	123456877	240	0	0	0	0	0	0	0	0	0	0	0	0	0	0	0	0	14	0	0	0	0	50	50	0	0	0	0	[]	0	0
9	123456877	240	0	0	0	0	0	0	0	0	0	0	0	0	0	0	0	0	15	0	0	0	0	50	50	0	0	0	0	[]	0	0
10	123456877	240	0	0	0	0	0	0	0	0	0	0	0	0	0	0	0	0	18	0	0	0	0	50	50	0	0	0	0	[]	0	0
11	123456877	240	0	0	0	0	0	0	0	0	0	0	0	0	0	0	0	0	20	0	0	0	0	50	50	0	0	0	0	[]	0	0
12	123456877	240	0	0	0	0	0	0	0	0	0	0	0	0	0	0	0	0	20	0	0	0	0	50	50	0	0	0	0	[]	0	0
13	123456877	239	1	0	0	0	0	0	0	0	0	0	0	0	0	0	0	0	22	0	0	0	0	50	50	0	0	0	1	[]	0	0
14	123456877	239	1	0	0	0	0	0	0	0	0	0	0	0	0	0	0	0	25	0	0	0	0	50	50	0	0	0	1	[]	0	0
15	123456877	236	4	0	0	0	0	0	0	0	0	0	0	0	0	0	0	0	29	0	0	0	0	50	50	0	0	0	4	[]	0	0
16	123456877	230	9	1	0	0	0	0	0	0	0	0	0	0	0	0	0	0	30	0	0	0	0	50	50	0	0	0	6	[]	0	1
17	123456877	224	13	2	1	0	0	0	0	0	0	0	0	0	0	0	0	0	33	0	0	0	0	50	50	0	0	0	9	[]	0	2
18	123456877	214	21	4	1	0	0	0	0	0	0	0	0	0	0	0	0	0	34	0	0	0	0	50	50	0	0	0	11	[]	0	3
19	123456877	202	29	8	1	0	0	0	0	0	0	0	0	0	0	0	0	0	35	0	0	0	0	50	50	0	0	0	11	[]	0	4
20	123456877	202	26	11	1	0	0	0	0	0	0	0	0	0	0	0	0	0	39	0	0	0	0	50	50	0	0	0	11	[]	0	4
21	123456877	202	19	15	3	0	0	0	0	0	0	0	0	0	0	1	0	0	41	1	0	0	1	50	50	0	0	0	11	[]	0	4
22	123456877	184	29	19	6	0	0	0	0	0	0	1	0	0	0	0	1	0	45	1	0	1	1	50	50	0	0	0	12	[]	0	5
23	123456877	166	40	24	8	0	0	0	0	0	0	1	0	0	0	0	1	0	47	1	0	1	1	50	50	0	0	0	12	[]	0	6
24	123456877	149	50	28	10	0	0	0	0	0	0	1	0	0	0	1	1	0	50	2	0	1	2	50	50	0	0	0	12	[]	0	6
25	123456877	128	60	34	15	0	0	0	0	0	0	1	0	0	0	1	1	0	51	2	0	1	2	50	50	0	0	0	12	[]	0	8
26	123456877	108	62	43	21	0	0	0	0	0	0	2	0	0	0	3	1	0	52	4	0	2	4	50	50	0	0	0	12	[]	0	8
27	123456877	108	46	51	27	0	0	0	0	0	0	2	0	0	0	4	2	0	52	6	0	2	6	50	50	0	0	0	12	[]	0	9
28	123456877	108	34	49	38	0	0	0	0	0	0	3	0	0	0	5	3	0	55	8	0	3	8	50	50	0	0	0	12	[]	0	9
29	123456877	85	46	50	45	0	0	0	0	0	0	4	0	0	0	7	3	0	57	10	0	4	10	50	50	0	0	0	12	[]	0	10
30	123456877	80	40	50	53	0	0	0	0	0	0	3	1	0	0	10	3	0	59	13	0	4	13	50	50	0	0	0	12	[]	0	11
31	123456877	69	43	51	61	0	0	0	0	0	0	2	2	0	0	9	3	0	59	13	0	4	13	50	50	0	0	0	12	[]	0	11
32	123456877	52	52	46	71	0	0	0	0	0	0	2	2	0	0	11	4	0	62	16	0	5	16	50	50	0	0	0	13	[]	0	12
33	123456877	40	53	48	79	0	0	0	0	0	0	2	2	0	0	11	5	0	64	17	0	5	17	50	50	0	0	0	13	[]	0	12
34	123456877	40	44	51	85	0	0	0	0	0	0	3	2	0	0	11	4	0	67	17	0	6	17	50	50	0	0	0	13	[]	0	12
35	123456877	40	28	59	93	0	0	0	0	0	0	2	3	0	0	8	7	0	70	17	0	6	17	50	50	0	0	0	13	[]	0	12
36	123456877	26	33	62	101	0	0	0	0	0	0	2	2	0	0	7	7	0	71	18	0	6	18	50	50	0	0	0	13	[]	0	12
37	123456877	15	35	66	106	0	0	0	0	0	0	4	2	0	0	6	6	0	74	18	0	8	18	50	50	0	0	0	13	[]	0	12
38	123456877	7	30	67	119	0	0	0	0	0	0	4	2	0	0	5	6	0	77	19	0	9	19	50	50	0	0	0	13	[]	0	11
39	123456877	5	22	68	128	0	0	0	0	0	0	4	1	0	0	8	4	0	81	22	0	9	22	50	50	0	0	0	13	[]	0	11
40	123456877	4	17	67	138	0	0	0	0	0	0	3	2	0	0	5	4	0	84	22	0	9	22	50	50	0	0	0	13	[]	0	10
41	123456877	4	15	58	147	0	0	0	0	0	0	3	2	0	0	7	4	0	86	24	0	9	24	50	50	0	0	0	13	[]	0	10
42	123456877	4	9	51	162	0	0	0	0	0	0	3	2	0	0	5	4	0	89	25	0	10	25	50	50	0	0	0	13	[]	0	10
43	123456877	3	9	51	164	0	0	0	0	0	0	1	4	0	0	5	3	0	91	25	0	10	25	50	50	0	0	0	13	[]	0	10
44	123456877	2	8	44	173	0	0	0	0	0	0	1	3	0	0	4	5	0	92	26	0	10	26	50	50	0	0	0	13	[]	0	9
45	123456877	2	7	38	179	0	0	0	0	0	0	1	3	0	0	5	5	0	94	27	0	10	27	50	50	0	0	0	13	[]	0	9
46	123456877	1	6	34	185	0	0	0	0	0	0	0	4	0	0	4	6	0	96	28	0	10	28	50	50	0	0	0	13	[]	0	10
47	123456877	1	4	28	192	0	0	0	0	0	0	1	2	0	0	5	7	0	97	30	0	11	30	50	50	0	0	0	13	[]	0	10
48	123456877	1	4	24	197	0	0	0	0	0	0	2	1	0	0	5	6	0	99	30	0	12	30	50	50	0	0	0	13	[]	0	10
49	123456877	1	4	18	205	0	0	0	0	0	0	3	1	0	0	4	4	0	102	30	0	13	30	50	50	0	0	0	13	[]	0	8
50	123456877	1	3	15	209	0	0	0	0	0	0	3	1	0	0	3	5	0	104	30	0	13	30	50	50	0	0	0	13	[]	0	7
51	123456877	1	3	11	214	0	0	0	0	0	0	3	2	0	0	3	3	0	107	30	0	14	30	50	50	0	0	0	13	[]	0	7
52	123456877	1	2	11	217	0	0	0	0	0	0	2	2	0	0	3	2	0	107	30	0	14	30	50	50	0	0	0	13	[]	0	7
53	123456877	1	1	12	217	0	0	0	0	0	0	2	2	0	0	3	2	0	109	30	0	14	30	50	50	0	0	0	13	[]	0	7
54	123456877	1	1	12	218	0	0	0	0	0	0	2	2	0	0	2	2	0	110	30	0	14	30	50	50	0	0	0	13	[]	0	7
55	123456877	1	1	11	220	0	0	0	0	0	0	2	2	0	0	2	1	0	113	30	0	14	30	50	50	0	0	0	13	[]	0	7
56	123456877	1	1	9	223	0	0	0	0	0	0	2	2	0	0	1	1	0	116	30	0	14	30	50	50	0	0	0	13	[]	0	5
57	123456877	1	1	9	226	0	0	0	0	0	0	2	1	0	0	0	0	0	119	30	0	14	30	50	50	0	0	0	13	[]	0	4
58	123456877	1	0	9	228	0	0	0	0	0	0	2	0	0	0	0	0	0	120	30	0	14	30	50	50	0	0	0	13	[]	0	4
59	123456877	1	0	6	231	0	0	0	0	0	0	0	1	0	0	1	0	0	123	31	0	14	31	50	50	0	0	0	13	[]	0	3
60	123456877	1	0	5	231	0	0	0	0	0	0	0	1	0	0	2	0	0	126	32	0	14	32	50	50	0	0	0	13	[]	0	3
