day	seedRun	susceptible	exposed	infected	removed	susceptible-in-quarantine	exposed-in-quarantine	infected-in-quarantine	removed-in-quarantine	susceptible-in-quarantine-external-1	exposed-in-quarantine-external-1	infected-in-quarantine-external-1	removed-in-quarantine-external-1	susceptible-in-quarantine-external-2	exposed-in-quarantine-external-2	infected-in-quarantine-external-2	removed-in-quarantine-external-2	num-of-screened-agents	num-of-screened-agents-external-1	num-of-screened-agents-external-2	num-of-positive-agents	num-of-positive-agents-external-1	num-of-positive-agents-external-2	num-vaccinated	num-immunized	num-immunized-in-quarantine	num-immunized-in-quarantine-external-1	num-immunized-in-quarantine-external-2	num-infected-outside	classroom-in-quarantine	num-of-classroom-in-quarantine	classroom-with-at-least-one-infected
0	123457002	179	0	0	0	0	0	0	0	0	0	0	0	0	0	0	0	0	0	0	0	0	0	218	111	0	0	0	0	[]	0	0
1	123457002	179	0	0	0	0	0	0	0	0	0	0	0	0	0	0	0	0	2	0	0	0	0	218	111	0	0	0	0	[]	0	0
2	123457002	179	0	0	0	0	0	0	0	0	0	0	0	0	0	0	0	0	5	0	0	0	0	218	111	0	0	0	0	[]	0	0
3	123457002	179	0	0	0	0	0	0	0	0	0	0	0	0	0	0	0	0	5	0	0	0	0	218	111	0	0	0	0	[]	0	0
4	123457002	179	0	0	0	0	0	0	0	0	0	0	0	0	0	0	0	0	10	0	0	0	0	218	111	0	0	0	0	[]	0	0
5	123457002	179	0	0	0	0	0	0	0	0	0	0	0	0	0	0	0	0	11	0	0	0	0	218	111	0	0	0	0	[]	0	0
6	123457002	178	1	0	0	0	0	0	0	0	0	0	0	0	0	0	0	0	14	0	0	0	0	218	111	0	0	0	1	[]	0	0
7	123457002	178	1	0	0	0	0	0	0	0	0	0	0	0	0	0	0	0	14	0	0	0	0	218	111	0	0	0	1	[]	0	0
8	123457002	178	1	0	0	0	0	0	0	0	0	0	0	0	0	0	0	0	15	0	0	0	0	218	111	0	0	0	1	[]	0	0
9	123457002	177	2	0	0	0	0	0	0	0	0	0	0	0	0	0	0	0	20	0	0	0	0	218	111	0	0	0	2	[]	0	0
10	123457002	176	2	1	0	0	0	0	0	0	0	0	0	0	0	0	0	0	21	0	0	0	0	218	111	0	0	0	2	[]	0	1
11	123457002	174	3	2	0	0	0	0	0	0	0	0	0	0	0	0	0	0	25	0	0	0	0	218	111	0	0	0	2	[]	0	1
12	123457002	173	3	3	0	0	0	0	0	0	0	0	0	0	0	0	0	0	27	0	0	0	0	218	111	0	0	0	2	[]	0	1
13	123457002	173	1	5	0	0	0	0	0	0	0	0	0	0	0	0	0	0	28	0	0	0	0	218	111	0	0	0	2	[]	0	1
14	123457002	173	0	5	1	0	0	0	0	0	0	0	0	0	0	0	0	0	32	0	0	0	0	218	111	0	0	0	2	[]	0	1
15	123457002	169	4	4	2	0	0	0	0	0	0	0	0	0	0	0	0	0	35	0	0	0	0	218	111	0	0	0	2	[]	0	1
16	123457002	168	4	2	5	0	0	0	0	0	0	0	0	0	0	0	0	0	37	0	0	0	0	218	111	0	0	0	2	[]	0	1
17	123457002	165	6	3	5	0	0	0	0	0	0	0	0	0	0	0	0	0	37	0	0	0	0	218	111	0	0	0	2	[]	0	1
18	123457002	161	6	7	5	0	0	0	0	0	0	0	0	0	0	0	0	0	38	0	0	0	0	218	111	0	0	0	2	[]	0	2
19	123457002	156	9	7	7	0	0	0	0	0	0	0	0	0	0	0	0	0	39	0	0	0	0	218	111	0	0	0	3	[]	0	2
20	123457002	155	7	9	7	0	0	0	0	0	0	0	0	0	0	1	0	0	40	1	0	0	1	218	111	0	0	0	4	[]	0	3
21	123457002	155	7	8	8	0	0	0	0	0	0	0	0	0	0	1	0	0	41	1	0	0	1	218	111	0	0	0	4	[]	0	3
22	123457002	149	11	10	8	0	0	0	0	0	0	0	0	0	0	1	0	0	42	1	0	0	1	218	111	0	0	0	4	[]	0	3
23	123457002	136	19	14	9	0	0	0	0	0	0	0	0	0	0	1	0	0	43	1	0	0	1	218	111	0	0	0	4	[]	0	6
24	123457002	130	20	17	11	0	0	0	0	0	0	0	0	0	0	1	0	0	46	1	0	0	1	218	111	0	0	0	4	[]	0	6
25	123457002	118	28	16	15	0	0	0	0	0	0	0	0	0	0	2	0	0	49	2	0	0	2	218	111	0	0	0	4	[]	0	6
26	123457002	106	30	25	16	0	0	0	0	0	0	0	0	0	0	2	0	0	49	2	0	0	2	218	111	0	0	0	4	[]	0	8
27	123457002	106	22	29	19	0	0	0	0	0	0	0	0	0	0	3	0	0	51	3	0	0	3	218	111	0	0	0	4	[]	0	10
28	123457002	106	18	29	23	0	0	0	0	0	0	0	0	0	0	3	0	0	53	3	0	0	3	218	111	0	0	0	4	[]	0	10
29	123457002	94	25	28	26	0	0	0	0	0	0	0	0	0	0	4	2	0	57	6	0	0	6	218	111	0	0	0	4	[]	0	11
30	123457002	85	30	26	31	0	0	0	0	0	0	0	0	0	0	4	3	0	62	8	0	0	8	218	111	0	0	0	4	[]	0	10
31	123457002	73	33	32	33	0	0	0	0	0	0	0	0	0	0	4	4	0	63	9	0	0	9	218	111	0	0	0	5	[]	0	10
32	123457002	64	33	36	37	0	0	0	0	0	0	0	0	0	0	5	4	0	68	10	0	0	10	218	111	0	0	0	5	[]	0	10
33	123457002	55	33	44	38	0	0	0	0	0	0	0	0	0	0	5	4	0	70	10	0	0	10	218	111	0	0	0	5	[]	0	11
34	123457002	55	20	53	41	0	0	0	0	0	0	0	0	0	0	6	4	0	73	11	0	0	11	218	111	0	0	0	5	[]	0	11
35	123457002	55	14	52	49	0	0	0	0	0	0	0	0	0	0	6	3	0	74	11	0	0	11	218	111	0	0	0	5	[]	0	11
36	123457002	43	24	43	59	0	0	0	0	0	0	0	0	0	0	7	3	0	76	12	0	0	12	218	111	0	0	0	5	[]	0	10
37	123457002	36	25	40	66	0	0	0	0	0	0	2	0	0	0	7	3	0	80	13	0	2	13	218	111	0	0	0	5	[]	0	11
38	123457002	30	24	40	73	0	0	0	0	0	0	2	0	0	0	6	4	0	82	13	0	2	13	218	111	0	0	0	5	[]	0	11
39	123457002	27	21	39	82	0	0	0	0	0	0	2	0	0	0	5	3	0	84	14	0	2	14	218	111	0	0	0	5	[]	0	11
40	123457002	25	18	37	88	0	0	0	0	0	0	3	0	0	0	5	3	0	87	16	0	3	16	218	111	0	0	0	5	[]	0	11
41	123457002	25	14	35	95	0	0	0	0	0	0	3	0	0	0	5	2	0	88	16	0	3	16	218	111	0	0	0	5	[]	0	11
42	123457002	25	7	38	99	0	0	0	0	0	0	3	0	0	0	6	1	0	89	17	0	3	17	218	111	0	0	0	5	[]	0	11
43	123457002	21	10	32	106	0	0	0	0	0	0	3	0	0	0	6	1	0	91	17	0	3	17	218	111	0	0	0	5	[]	0	11
44	123457002	18	9	32	111	0	0	0	0	0	0	3	0	0	0	4	2	0	93	17	0	3	17	218	111	0	0	0	5	[]	0	11
45	123457002	15	8	31	116	0	0	0	0	0	0	3	0	0	0	4	2	0	95	17	0	3	17	218	111	0	0	0	5	[]	0	10
46	123457002	11	10	30	120	0	0	0	0	0	0	2	1	0	0	3	2	0	95	17	0	3	17	218	111	0	0	0	5	[]	0	10
47	123457002	10	8	28	128	0	0	0	0	0	0	0	1	0	0	2	2	0	97	17	0	3	17	218	111	0	0	0	5	[]	0	10
48	123457002	10	5	26	130	0	0	0	0	0	0	0	1	0	0	4	3	0	98	20	0	3	20	218	111	0	0	0	5	[]	0	8
49	123457002	9	2	21	139	0	0	0	0	0	0	0	1	0	0	3	4	0	100	21	0	3	21	218	111	0	0	0	6	[]	0	6
50	123457002	8	3	18	144	0	0	0	0	0	0	0	0	0	0	4	2	0	103	22	0	3	22	218	111	0	0	0	6	[]	0	6
51	123457002	7	4	12	150	0	0	0	0	0	0	0	0	0	0	3	3	0	105	22	0	3	22	218	111	0	0	0	6	[]	0	4
52	123457002	6	4	10	154	0	0	0	0	0	0	0	0	0	0	3	2	0	106	22	0	3	22	218	111	0	0	0	6	[]	0	4
53	123457002	5	4	10	155	0	0	0	0	0	0	0	0	0	0	3	2	0	111	22	0	3	22	218	111	0	0	0	6	[]	0	4
54	123457002	5	4	10	155	0	0	0	0	0	0	0	0	0	0	3	2	0	112	22	0	3	22	218	111	0	0	0	6	[]	0	4
55	123457002	5	2	12	155	0	0	0	0	0	0	0	0	0	0	3	2	0	115	22	0	3	22	218	111	0	0	0	6	[]	0	5
56	123457002	5	1	10	157	0	0	0	0	0	0	0	0	0	0	4	2	0	117	23	0	3	23	218	111	0	0	0	6	[]	0	5
57	123457002	5	1	9	158	0	0	0	0	0	0	0	0	0	0	3	3	0	117	23	0	3	23	218	111	0	0	0	6	[]	0	4
58	123457002	5	0	9	162	0	0	0	0	0	0	0	0	0	0	1	2	0	121	23	0	3	23	218	111	0	0	0	6	[]	0	3
59	123457002	3	2	6	166	0	0	0	0	0	0	0	0	0	0	1	1	0	123	23	0	3	23	218	111	0	0	0	6	[]	0	3
60	123457002	3	2	4	169	0	0	0	0	0	0	0	0	0	0	0	1	0	124	23	0	3	23	218	111	0	0	0	6	[]	0	2
