day	seedRun	susceptible	exposed	infected	removed	susceptible-in-quarantine	exposed-in-quarantine	infected-in-quarantine	removed-in-quarantine	susceptible-in-quarantine-external-1	exposed-in-quarantine-external-1	infected-in-quarantine-external-1	removed-in-quarantine-external-1	susceptible-in-quarantine-external-2	exposed-in-quarantine-external-2	infected-in-quarantine-external-2	removed-in-quarantine-external-2	num-of-screened-agents	num-of-screened-agents-external-1	num-of-screened-agents-external-2	num-of-positive-agents	num-of-positive-agents-external-1	num-of-positive-agents-external-2	num-vaccinated	num-immunized	num-immunized-in-quarantine	num-immunized-in-quarantine-external-1	num-immunized-in-quarantine-external-2	num-infected-outside	classroom-in-quarantine	num-of-classroom-in-quarantine	classroom-with-at-least-one-infected
0	123457265	72	0	0	0	0	0	0	0	0	0	0	0	0	0	0	0	0	0	0	0	0	0	218	218	0	0	0	0	[]	0	0
1	123457265	69	3	0	0	0	0	0	0	0	0	0	0	0	0	0	0	0	1	0	0	0	0	218	218	0	0	0	3	[]	0	0
2	123457265	67	5	0	0	0	0	0	0	0	0	0	0	0	0	0	0	0	3	0	0	0	0	218	218	0	0	0	5	[]	0	0
3	123457265	59	10	3	0	0	0	0	0	0	0	0	0	0	0	0	0	0	4	0	0	0	0	218	218	0	0	0	6	[]	0	3
4	123457265	49	16	7	0	0	0	0	0	0	0	0	0	0	0	0	0	0	5	1	0	0	1	218	218	0	0	0	8	[]	0	4
5	123457265	43	16	12	1	0	0	0	0	0	0	0	0	0	0	0	0	0	6	1	0	0	1	218	218	0	0	0	10	[]	0	5
6	123457265	42	12	16	2	0	0	0	0	0	0	0	0	0	0	0	0	0	8	2	0	0	2	218	218	0	0	0	11	[]	0	6
7	123457265	41	9	18	4	0	0	0	0	0	0	0	0	0	0	0	0	0	10	3	0	1	3	218	218	0	0	0	12	[]	0	7
8	123457265	28	17	19	8	0	0	0	0	0	0	0	0	0	0	0	0	0	11	3	0	1	3	218	218	0	0	0	12	[]	0	8
9	123457265	25	17	20	10	0	0	0	0	0	0	0	0	0	0	0	0	0	13	3	0	2	3	218	218	0	0	0	13	[]	0	8
10	123457265	19	20	18	15	0	0	0	0	0	0	0	0	0	0	0	0	0	14	5	0	2	5	218	218	0	0	0	14	[]	0	10
11	123457265	16	19	19	18	0	0	0	0	0	0	0	0	0	0	0	0	0	14	5	0	2	5	218	218	0	0	0	14	[]	0	10
12	123457265	13	17	19	23	0	0	0	0	0	0	0	0	0	0	0	0	0	15	6	0	2	6	218	218	0	0	0	14	[]	0	11
13	123457265	13	12	24	23	0	0	0	0	0	0	0	0	0	0	0	0	0	16	6	0	2	6	218	218	0	0	0	14	[]	0	11
14	123457265	13	10	24	25	0	0	0	0	0	0	0	0	0	0	0	0	0	16	6	0	2	6	218	218	0	0	0	14	[]	0	10
15	123457265	10	11	23	28	0	0	0	0	0	0	0	0	0	0	0	0	0	19	7	0	3	7	218	218	0	0	0	14	[]	0	9
16	123457265	8	9	22	33	0	0	0	0	0	0	0	0	0	0	0	0	0	21	9	0	4	9	218	218	0	0	0	14	[]	0	9
17	123457265	7	9	20	36	0	0	0	0	0	0	0	0	0	0	0	0	0	22	9	0	4	9	218	218	0	0	0	15	[]	0	9
18	123457265	7	6	22	37	0	0	0	0	0	0	0	0	0	0	0	0	0	25	10	0	4	10	218	218	0	0	0	15	[]	0	11
19	123457265	6	6	19	41	0	0	0	0	0	0	0	0	0	0	0	0	0	27	10	0	4	10	218	218	0	0	0	15	[]	0	10
20	123457265	6	5	18	43	0	0	0	0	0	0	0	0	0	0	0	0	0	32	11	0	5	11	218	218	0	0	0	15	[]	0	11
21	123457265	6	5	14	47	0	0	0	0	0	0	0	0	0	0	0	0	0	33	12	0	5	12	218	218	0	0	0	15	[]	0	10
22	123457265	3	7	12	50	0	0	0	0	0	0	0	0	0	0	0	0	0	34	13	0	5	13	218	218	0	0	0	15	[]	0	10
23	123457265	0	7	11	54	0	0	0	0	0	0	0	0	0	0	0	0	0	35	14	0	5	14	218	218	0	0	0	15	[]	0	6
24	123457265	0	7	9	56	0	0	0	0	0	0	0	0	0	0	0	0	0	38	14	0	5	14	218	218	0	0	0	15	[]	0	6
25	123457265	0	5	11	56	0	0	0	0	0	0	0	0	0	0	0	0	0	39	15	0	5	15	218	218	0	0	0	15	[]	0	6
26	123457265	0	4	11	57	0	0	0	0	0	0	0	0	0	0	0	0	0	40	15	0	5	15	218	218	0	0	0	15	[]	0	6
27	123457265	0	3	12	57	0	0	0	0	0	0	0	0	0	0	0	0	0	41	15	0	5	15	218	218	0	0	0	15	[]	0	7
28	123457265	0	3	10	59	0	0	0	0	0	0	0	0	0	0	0	0	0	42	15	0	5	15	218	218	0	0	0	15	[]	0	7
29	123457265	0	3	9	60	0	0	0	0	0	0	0	0	0	0	0	0	0	45	15	0	5	15	218	218	0	0	0	15	[]	0	7
30	123457265	0	3	8	61	0	0	0	0	0	0	0	0	0	0	0	0	0	45	15	0	5	15	218	218	0	0	0	15	[]	0	6
31	123457265	0	2	9	61	0	0	0	0	0	0	0	0	0	0	0	0	0	45	15	0	5	15	218	218	0	0	0	15	[]	0	6
32	123457265	0	2	8	62	0	0	0	0	0	0	0	0	0	0	0	0	0	49	15	0	5	15	218	218	0	0	0	15	[]	0	5
33	123457265	0	0	8	64	0	0	0	0	0	0	0	0	0	0	0	0	0	50	15	0	5	15	218	218	0	0	0	15	[]	0	6
34	123457265	0	0	8	64	0	0	0	0	0	0	0	0	0	0	0	0	0	51	16	0	5	16	218	218	0	0	0	15	[]	0	6
35	123457265	0	0	8	64	0	0	0	0	0	0	0	0	0	0	0	0	0	52	16	0	5	16	218	218	0	0	0	15	[]	0	6
36	123457265	0	0	5	67	0	0	0	0	0	0	0	0	0	0	0	0	0	53	16	0	5	16	218	218	0	0	0	15	[]	0	4
37	123457265	0	0	5	67	0	0	0	0	0	0	0	0	0	0	0	0	0	55	16	0	5	16	218	218	0	0	0	15	[]	0	4
38	123457265	0	0	4	68	0	0	0	0	0	0	0	0	0	0	0	0	0	57	16	0	5	16	218	218	0	0	0	15	[]	0	4
39	123457265	0	0	4	68	0	0	0	0	0	0	0	0	0	0	0	0	0	61	16	0	5	16	218	218	0	0	0	15	[]	0	4
40	123457265	0	0	3	69	0	0	0	0	0	0	0	0	0	0	0	0	0	61	16	0	5	16	218	218	0	0	0	15	[]	0	3
41	123457265	0	0	3	69	0	0	0	0	0	0	0	0	0	0	0	0	0	66	16	0	5	16	218	218	0	0	0	15	[]	0	3
42	123457265	0	0	2	70	0	0	0	0	0	0	0	0	0	0	0	0	0	69	16	0	5	16	218	218	0	0	0	15	[]	0	2
43	123457265	0	0	2	70	0	0	0	0	0	0	0	0	0	0	0	0	0	69	16	0	5	16	218	218	0	0	0	15	[]	0	2
44	123457265	0	0	1	71	0	0	0	0	0	0	0	0	0	0	0	0	0	70	16	0	5	16	218	218	0	0	0	15	[]	0	1
45	123457265	0	0	0	72	0	0	0	0	0	0	0	0	0	0	0	0	0	72	16	0	5	16	218	218	0	0	0	15	[]	0	0
46	123457265	0	0	0	72	0	0	0	0	0	0	0	0	0	0	0	0	0	72	16	0	5	16	218	218	0	0	0	15	[]	0	0
47	123457265	0	0	0	72	0	0	0	0	0	0	0	0	0	0	0	0	0	77	16	0	5	16	218	218	0	0	0	15	[]	0	0
48	123457265	0	0	0	72	0	0	0	0	0	0	0	0	0	0	0	0	0	78	16	0	5	16	218	218	0	0	0	15	[]	0	0
49	123457265	0	0	0	72	0	0	0	0	0	0	0	0	0	0	0	0	0	79	16	0	5	16	218	218	0	0	0	15	[]	0	0
50	123457265	0	0	0	72	0	0	0	0	0	0	0	0	0	0	0	0	0	83	16	0	5	16	218	218	0	0	0	15	[]	0	0
51	123457265	0	0	0	72	0	0	0	0	0	0	0	0	0	0	0	0	0	88	16	0	5	16	218	218	0	0	0	15	[]	0	0
52	123457265	0	0	0	72	0	0	0	0	0	0	0	0	0	0	0	0	0	93	16	0	5	16	218	218	0	0	0	15	[]	0	0
53	123457265	0	0	0	72	0	0	0	0	0	0	0	0	0	0	0	0	0	96	16	0	5	16	218	218	0	0	0	15	[]	0	0
54	123457265	0	0	0	72	0	0	0	0	0	0	0	0	0	0	0	0	0	98	16	0	5	16	218	218	0	0	0	15	[]	0	0
55	123457265	0	0	0	72	0	0	0	0	0	0	0	0	0	0	0	0	0	99	16	0	5	16	218	218	0	0	0	15	[]	0	0
56	123457265	0	0	0	72	0	0	0	0	0	0	0	0	0	0	0	0	0	101	16	0	5	16	218	218	0	0	0	15	[]	0	0
57	123457265	0	0	0	72	0	0	0	0	0	0	0	0	0	0	0	0	0	101	16	0	5	16	218	218	0	0	0	15	[]	0	0
58	123457265	0	0	0	72	0	0	0	0	0	0	0	0	0	0	0	0	0	103	16	0	5	16	218	218	0	0	0	15	[]	0	0
59	123457265	0	0	0	72	0	0	0	0	0	0	0	0	0	0	0	0	0	104	16	0	5	16	218	218	0	0	0	15	[]	0	0
60	123457265	0	0	0	72	0	0	0	0	0	0	0	0	0	0	0	0	0	107	16	0	5	16	218	218	0	0	0	15	[]	0	0
