day	seedRun	susceptible	exposed	infected	removed	susceptible-in-quarantine	exposed-in-quarantine	infected-in-quarantine	removed-in-quarantine	susceptible-in-quarantine-external-1	exposed-in-quarantine-external-1	infected-in-quarantine-external-1	removed-in-quarantine-external-1	susceptible-in-quarantine-external-2	exposed-in-quarantine-external-2	infected-in-quarantine-external-2	removed-in-quarantine-external-2	num-of-screened-agents	num-of-screened-agents-external-1	num-of-screened-agents-external-2	num-of-positive-agents	num-of-positive-agents-external-1	num-of-positive-agents-external-2	num-vaccinated	num-immunized	num-immunized-in-quarantine	num-immunized-in-quarantine-external-1	num-immunized-in-quarantine-external-2	num-infected-outside	classroom-in-quarantine	num-of-classroom-in-quarantine	classroom-with-at-least-one-infected
0	123456961	263	0	0	0	0	0	0	0	0	0	0	0	0	0	0	0	0	0	0	0	0	0	50	27	0	0	0	0	[]	0	0
1	123456961	262	1	0	0	0	0	0	0	0	0	0	0	0	0	0	0	0	2	0	0	0	0	50	27	0	0	0	1	[]	0	0
2	123456961	262	1	0	0	0	0	0	0	0	0	0	0	0	0	0	0	0	4	0	0	0	0	50	27	0	0	0	1	[]	0	0
3	123456961	261	2	0	0	0	0	0	0	0	0	0	0	0	0	0	0	0	7	0	0	0	0	50	27	0	0	0	2	[]	0	0
4	123456961	261	2	0	0	0	0	0	0	0	0	0	0	0	0	0	0	0	7	0	0	0	0	50	27	0	0	0	2	[]	0	0
5	123456961	261	2	0	0	0	0	0	0	0	0	0	0	0	0	0	0	0	8	0	0	0	0	50	27	0	0	0	2	[]	0	0
6	123456961	261	2	0	0	0	0	0	0	0	0	0	0	0	0	0	0	0	12	0	0	0	0	50	27	0	0	0	2	[]	0	0
7	123456961	261	2	0	0	0	0	0	0	0	0	0	0	0	0	0	0	0	15	0	0	0	0	50	27	0	0	0	2	[]	0	0
8	123456961	261	1	1	0	0	0	0	0	0	0	0	0	0	0	0	0	0	15	0	0	0	0	50	27	0	0	0	2	[]	0	0
9	123456961	261	1	1	0	0	0	0	0	0	0	0	0	0	0	0	0	0	18	0	0	0	0	50	27	0	0	0	2	[]	0	0
10	123456961	252	9	2	0	0	0	0	0	0	0	0	0	0	0	0	0	0	19	0	0	0	0	50	27	0	0	0	2	[]	0	1
11	123456961	241	1	1	0	11	3	5	0	0	0	0	0	0	0	1	0	19	22	1	5	0	1	50	27	0	0	0	2	[1C]	1	1
12	123456961	240	1	2	0	11	2	6	0	0	0	0	0	0	0	1	0	19	22	1	5	0	1	50	27	0	0	0	2	[1C]	1	1
13	123456961	239	2	2	0	11	2	5	1	0	0	0	0	0	0	1	0	19	26	1	5	0	1	50	27	0	0	0	3	[1C]	1	1
14	123456961	239	1	3	0	11	2	3	3	0	0	0	0	0	0	1	0	19	28	1	5	0	1	50	27	0	0	0	3	[1C]	1	2
15	123456961	223	17	3	0	11	2	2	4	0	0	0	0	0	0	1	0	19	29	1	5	0	1	50	27	0	0	0	3	[1C]	1	2
16	123456961	217	17	7	2	11	2	2	4	0	0	0	0	0	0	1	0	19	30	1	5	0	1	50	27	0	0	0	3	[1C]	1	2
17	123456961	205	15	2	1	11	12	10	5	0	0	0	0	0	0	2	0	38	32	2	13	0	2	50	27	0	0	0	3	[1C 1B]	2	3
18	123456961	163	51	8	1	11	8	13	6	0	0	0	0	0	0	1	1	38	33	2	13	0	2	50	27	0	0	0	4	[1C 1B]	2	6
19	123456961	138	58	26	1	11	6	14	7	0	0	0	0	0	0	1	1	38	36	2	13	0	2	50	27	0	0	0	4	[1C 1B]	2	6
20	123456961	135	34	31	3	14	9	25	9	0	0	0	0	0	0	2	1	57	37	3	22	0	3	50	27	0	0	0	4	[1C 1B 2B]	3	6
21	123456961	146	25	37	15	3	5	22	8	0	0	0	0	0	0	1	1	57	38	3	22	0	3	50	27	0	0	0	4	[1B 2B]	2	6
22	123456961	134	27	26	16	3	6	36	12	0	0	0	0	0	0	2	1	76	39	4	37	0	4	50	27	0	0	0	4	[1B 2B 3A]	3	6
23	123456961	114	40	28	21	3	5	33	16	0	0	0	0	0	0	1	2	76	42	4	37	0	4	50	27	0	0	0	4	[1B 2B 3A]	3	7
24	123456961	102	31	27	23	3	13	41	19	0	0	0	0	0	0	2	2	95	42	5	43	0	5	50	27	0	0	0	4	[1B 2B 3A 2C]	4	7
25	123456961	90	32	19	22	3	14	50	28	0	0	1	0	0	0	2	2	114	46	5	54	1	5	50	27	0	0	0	4	[1B 2B 3A 2C 3C]	5	9
26	123456961	57	52	30	24	3	10	48	34	0	0	1	0	0	0	2	2	114	48	5	54	1	5	50	27	0	0	0	4	[1B 2B 3A 2C 3C]	5	11
27	123456961	48	30	35	50	12	13	44	26	0	0	1	0	0	0	3	1	133	48	6	58	1	6	50	27	0	0	0	4	[2B 3A 2C 3C 3D]	5	10
28	123456961	48	20	32	43	12	10	47	45	0	0	1	0	0	0	4	1	152	49	7	63	1	7	50	27	0	0	0	4	[2B 3A 2C 3C 3D 1C]	6	10
29	123456961	28	29	24	42	12	9	54	58	0	0	1	0	0	0	4	2	171	50	8	74	1	8	50	27	0	0	0	5	[2B 3A 2C 3C 3D 1C 2A]	7	11
30	123456961	15	30	18	60	9	10	51	63	0	0	1	0	0	0	4	2	190	51	9	84	1	9	50	27	0	0	0	5	[3A 2C 3C 3D 1C 2A 2D]	7	10
31	123456961	14	19	13	57	9	18	54	71	0	0	1	0	0	0	5	2	209	53	10	90	1	10	50	27	0	0	0	5	[3A 2C 3C 3D 1C 2A 2D 1A]	8	10
32	123456961	14	11	16	82	9	10	55	59	0	0	1	0	0	0	2	4	209	55	10	90	1	10	50	27	0	0	0	5	[2C 3C 3D 1C 2A 2D 1A]	7	9
33	123456961	14	9	18	82	9	7	54	63	0	0	1	0	0	0	2	4	209	56	10	90	1	10	50	27	0	0	0	5	[2C 3C 3D 1C 2A 2D 1A]	7	9
34	123456961	14	2	6	101	9	7	61	56	0	0	1	0	0	0	2	4	228	59	11	103	1	11	50	27	0	0	0	5	[3C 3D 1C 2A 2D 1A 1D]	7	8
35	123456961	14	1	7	121	9	5	46	54	0	0	0	0	0	0	2	4	228	61	11	103	1	11	50	27	0	0	0	5	[3D 1C 2A 2D 1A 1D]	6	7
36	123456961	14	0	8	121	9	5	39	61	0	0	0	0	0	0	2	4	228	61	11	103	1	11	50	27	0	0	0	5	[3D 1C 2A 2D 1A 1D]	6	7
37	123456961	22	1	5	133	0	3	30	63	0	0	0	0	0	0	3	3	247	62	12	104	1	12	50	27	0	0	0	5	[1C 2A 2D 1A 1D]	5	6
38	123456961	22	1	5	153	0	3	23	51	0	0	0	0	0	0	3	2	247	63	12	104	1	12	50	27	0	0	0	5	[2A 2D 1A 1D]	4	5
39	123456961	22	1	5	173	0	0	24	34	0	0	0	0	0	0	2	2	247	65	12	104	1	12	50	27	0	0	0	5	[2D 1A 1D]	3	4
40	123456961	22	1	4	194	0	0	15	24	0	0	0	0	0	0	2	1	247	66	12	104	1	12	50	27	0	0	0	5	[1A 1D]	2	3
41	123456961	22	0	4	215	0	0	5	15	0	0	0	0	0	0	2	0	247	66	12	104	1	12	50	27	0	0	0	5	[1D]	1	3
42	123456961	22	0	4	215	0	0	5	15	0	0	0	0	0	0	2	0	265	67	12	104	1	12	50	27	0	0	0	5	[1D]	1	3
43	123456961	17	5	3	216	0	0	5	15	0	0	0	0	0	0	2	0	265	71	12	104	1	12	50	27	0	0	0	5	[1D]	1	3
44	123456961	14	6	4	237	0	0	0	1	0	0	0	0	0	0	1	0	265	71	12	104	1	12	50	27	0	0	0	5	[]	0	2
45	123456961	13	5	6	237	0	0	0	1	0	0	0	0	0	0	1	0	265	71	12	104	1	12	50	27	0	0	0	5	[]	0	2
46	123456961	13	3	6	239	0	0	0	1	0	0	0	0	0	0	1	0	265	72	12	104	1	12	50	27	0	0	0	5	[]	0	2
47	123456961	13	1	8	241	0	0	0	0	0	0	0	0	0	0	0	0	265	75	12	104	1	12	50	27	0	0	0	5	[]	0	1
48	123456961	13	0	9	241	0	0	0	0	0	0	0	0	0	0	0	0	265	80	12	104	1	12	50	27	0	0	0	5	[]	0	1
49	123456961	13	0	2	228	0	0	6	13	0	0	0	0	0	0	1	0	284	81	13	110	1	13	50	27	0	0	0	5	[3D]	1	1
50	123456961	13	0	2	228	0	0	4	15	0	0	0	0	0	0	1	0	284	84	13	110	1	13	50	27	0	0	0	5	[3D]	1	1
51	123456961	13	0	2	228	0	0	3	16	0	0	0	0	0	0	1	0	284	85	13	110	1	13	50	27	0	0	0	5	[3D]	1	1
52	123456961	13	0	2	228	0	0	3	16	0	0	0	0	0	0	1	0	284	86	13	110	1	13	50	27	0	0	0	5	[3D]	1	1
53	123456961	13	0	2	228	0	0	3	16	0	0	0	0	0	0	1	0	284	87	13	110	1	13	50	27	0	0	0	5	[3D]	1	1
54	123456961	13	0	2	228	0	0	2	17	0	0	0	0	0	0	1	0	284	90	13	110	1	13	50	27	0	0	0	5	[3D]	1	1
55	123456961	13	0	2	228	0	0	2	17	0	0	0	0	0	0	1	0	284	91	13	110	1	13	50	27	0	0	0	5	[3D]	1	1
56	123456961	13	0	2	228	0	0	2	17	0	0	0	0	0	0	1	0	284	92	13	110	1	13	50	27	0	0	0	5	[3D]	1	1
57	123456961	13	0	1	229	0	0	1	18	0	0	0	0	0	0	0	1	284	96	13	110	1	13	50	27	0	0	0	5	[3D]	1	1
58	123456961	13	0	1	229	0	0	1	18	0	0	0	0	0	0	0	1	284	98	13	110	1	13	50	27	0	0	0	5	[3D]	1	1
59	123456961	12	1	1	249	0	0	0	0	0	0	0	0	0	0	0	0	284	99	13	110	1	13	50	27	0	0	0	5	[]	0	0
60	123456961	12	1	1	249	0	0	0	0	0	0	0	0	0	0	0	0	284	100	13	110	1	13	50	27	0	0	0	5	[]	0	0
