day	seedRun	susceptible	exposed	infected	removed	susceptible-in-quarantine	exposed-in-quarantine	infected-in-quarantine	removed-in-quarantine	susceptible-in-quarantine-external-1	exposed-in-quarantine-external-1	infected-in-quarantine-external-1	removed-in-quarantine-external-1	susceptible-in-quarantine-external-2	exposed-in-quarantine-external-2	infected-in-quarantine-external-2	removed-in-quarantine-external-2	num-of-screened-agents	num-of-screened-agents-external-1	num-of-screened-agents-external-2	num-of-positive-agents	num-of-positive-agents-external-1	num-of-positive-agents-external-2	num-vaccinated	num-immunized	num-immunized-in-quarantine	num-immunized-in-quarantine-external-1	num-immunized-in-quarantine-external-2	num-infected-outside	classroom-in-quarantine	num-of-classroom-in-quarantine	classroom-with-at-least-one-infected
0	123457255	136	0	0	0	0	0	0	0	0	0	0	0	0	0	0	0	0	0	0	0	0	0	218	154	0	0	0	0	[]	0	0
1	123457255	136	0	0	0	0	0	0	0	0	0	0	0	0	0	0	0	0	2	0	0	0	0	218	154	0	0	0	0	[]	0	0
2	123457255	136	0	0	0	0	0	0	0	0	0	0	0	0	0	0	0	0	6	0	0	0	0	218	154	0	0	0	0	[]	0	0
3	123457255	136	0	0	0	0	0	0	0	0	0	0	0	0	0	0	0	0	8	0	0	0	0	218	154	0	0	0	0	[]	0	0
4	123457255	136	0	0	0	0	0	0	0	0	0	0	0	0	0	0	0	0	8	0	0	0	0	218	154	0	0	0	0	[]	0	0
5	123457255	136	0	0	0	0	0	0	0	0	0	0	0	0	0	0	0	0	10	0	0	0	0	218	154	0	0	0	0	[]	0	0
6	123457255	136	0	0	0	0	0	0	0	0	0	0	0	0	0	0	0	0	10	0	0	0	0	218	154	0	0	0	0	[]	0	0
7	123457255	136	0	0	0	0	0	0	0	0	0	0	0	0	0	0	0	0	11	0	0	0	0	218	154	0	0	0	0	[]	0	0
8	123457255	136	0	0	0	0	0	0	0	0	0	0	0	0	0	0	0	0	11	0	0	0	0	218	154	0	0	0	0	[]	0	0
9	123457255	136	0	0	0	0	0	0	0	0	0	0	0	0	0	0	0	0	12	0	0	0	0	218	154	0	0	0	0	[]	0	0
10	123457255	135	1	0	0	0	0	0	0	0	0	0	0	0	0	0	0	0	15	0	0	0	0	218	154	0	0	0	1	[]	0	0
11	123457255	135	1	0	0	0	0	0	0	0	0	0	0	0	0	0	0	0	16	0	0	0	0	218	154	0	0	0	1	[]	0	0
12	123457255	135	1	0	0	0	0	0	0	0	0	0	0	0	0	0	0	0	18	0	0	0	0	218	154	0	0	0	1	[]	0	0
13	123457255	135	1	0	0	0	0	0	0	0	0	0	0	0	0	0	0	0	19	0	0	0	0	218	154	0	0	0	1	[]	0	0
14	123457255	135	1	0	0	0	0	0	0	0	0	0	0	0	0	0	0	0	20	0	0	0	0	218	154	0	0	0	1	[]	0	0
15	123457255	135	0	0	0	0	0	0	0	0	0	0	0	0	0	1	0	0	21	1	0	0	1	218	154	0	0	0	1	[]	0	1
16	123457255	134	1	0	0	0	0	0	0	0	0	0	0	0	0	1	0	0	23	1	0	0	1	218	154	0	0	0	2	[]	0	1
17	123457255	134	1	0	0	0	0	0	0	0	0	0	0	0	0	1	0	0	23	1	0	0	1	218	154	0	0	0	2	[]	0	1
18	123457255	132	3	0	0	0	0	0	0	0	0	0	0	0	0	1	0	0	25	1	0	0	1	218	154	0	0	0	4	[]	0	1
19	123457255	132	3	0	0	0	0	0	0	0	0	0	0	0	0	1	0	0	28	1	0	0	1	218	154	0	0	0	4	[]	0	1
20	123457255	132	3	0	0	0	0	0	0	0	0	0	0	0	0	1	0	0	30	1	0	0	1	218	154	0	0	0	4	[]	0	1
21	123457255	132	3	0	0	0	0	0	0	0	0	0	0	0	0	1	0	0	31	1	0	0	1	218	154	0	0	0	4	[]	0	1
22	123457255	131	3	1	0	0	0	0	0	0	0	0	0	0	0	1	0	0	33	1	0	0	1	218	154	0	0	0	4	[]	0	2
23	123457255	131	2	1	1	0	0	0	0	0	0	0	0	0	0	1	0	0	34	1	0	0	1	218	154	0	0	0	4	[]	0	2
24	123457255	130	3	1	1	0	0	0	0	0	0	0	0	0	0	1	0	0	37	1	0	0	1	218	154	0	0	0	4	[]	0	2
25	123457255	126	5	3	2	0	0	0	0	0	0	0	0	0	0	0	0	0	39	1	0	0	1	218	154	0	0	0	4	[]	0	3
26	123457255	123	5	6	2	0	0	0	0	0	0	0	0	0	0	0	0	0	39	1	0	0	1	218	154	0	0	0	4	[]	0	3
27	123457255	123	3	8	2	0	0	0	0	0	0	0	0	0	0	0	0	0	41	1	0	0	1	218	154	0	0	0	4	[]	0	3
28	123457255	123	3	6	4	0	0	0	0	0	0	0	0	0	0	0	0	0	45	1	0	0	1	218	154	0	0	0	4	[]	0	3
29	123457255	119	7	6	4	0	0	0	0	0	0	0	0	0	0	0	0	0	47	1	0	0	1	218	154	0	0	0	4	[]	0	3
30	123457255	115	9	5	5	0	0	0	0	0	0	0	0	0	0	2	0	0	51	3	0	0	3	218	154	0	0	0	4	[]	0	3
31	123457255	112	9	7	6	0	0	0	0	0	0	0	0	0	0	2	0	0	52	3	0	0	3	218	154	0	0	0	4	[]	0	3
32	123457255	106	14	8	6	0	0	0	0	0	0	0	0	0	0	1	1	0	53	3	0	0	3	218	154	0	0	0	5	[]	0	3
33	123457255	100	16	10	7	0	0	0	0	0	0	0	0	0	0	2	1	0	55	4	0	0	4	218	154	0	0	0	5	[]	0	3
34	123457255	100	10	16	7	0	0	0	0	0	0	0	0	0	0	2	1	0	56	4	0	0	4	218	154	0	0	0	5	[]	0	4
35	123457255	100	7	17	9	0	0	0	0	0	0	0	0	0	0	2	1	0	58	4	0	0	4	218	154	0	0	0	5	[]	0	5
36	123457255	97	9	13	11	0	0	0	0	0	0	1	0	0	0	4	1	0	60	6	0	1	6	218	154	0	0	0	5	[]	0	5
37	123457255	95	8	11	16	0	0	0	0	0	0	1	0	0	0	4	1	0	61	6	0	1	6	218	154	0	0	0	5	[]	0	5
38	123457255	93	8	11	17	0	0	0	0	0	0	0	1	0	0	5	1	0	62	7	0	1	7	218	154	0	0	0	5	[]	0	5
39	123457255	92	7	11	18	0	0	0	0	0	0	0	1	0	0	5	2	0	62	8	0	1	8	218	154	0	0	0	5	[]	0	5
40	123457255	91	7	11	21	0	0	0	0	0	0	0	1	0	0	3	2	0	64	8	0	1	8	218	154	0	0	0	5	[]	0	4
41	123457255	91	5	13	21	0	0	0	0	0	0	0	1	0	0	3	2	0	64	8	0	1	8	218	154	0	0	0	5	[]	0	5
42	123457255	91	4	13	22	0	0	0	0	0	0	0	1	0	0	3	2	0	66	8	0	1	8	218	154	0	0	0	5	[]	0	5
43	123457255	89	5	13	24	0	0	0	0	0	0	0	1	0	0	3	1	0	67	8	0	1	8	218	154	0	0	0	5	[]	0	5
44	123457255	89	5	10	26	0	0	0	0	0	0	1	1	0	0	2	2	0	72	8	0	2	8	218	154	0	0	0	5	[]	0	5
45	123457255	88	5	8	29	0	0	0	0	0	0	1	1	0	0	2	2	0	73	8	0	2	8	218	154	0	0	0	5	[]	0	4
46	123457255	87	6	7	33	0	0	0	0	0	0	1	0	0	0	0	2	0	75	8	0	2	8	218	154	0	0	0	5	[]	0	3
47	123457255	85	4	9	35	0	0	0	0	0	0	1	0	0	0	0	2	0	76	8	0	2	8	218	154	0	0	0	5	[]	0	5
48	123457255	85	4	6	38	0	0	0	0	0	0	1	0	0	0	1	1	0	77	9	0	2	9	218	154	0	0	0	5	[]	0	3
49	123457255	85	3	6	40	0	0	0	0	0	0	1	0	0	0	1	0	0	78	9	0	2	9	218	154	0	0	0	5	[]	0	4
50	123457255	85	3	5	40	0	0	0	0	0	0	1	0	0	0	2	0	0	80	10	0	2	10	218	154	0	0	0	5	[]	0	4
51	123457255	85	3	4	41	0	0	0	0	0	0	1	0	0	0	2	0	0	83	10	0	2	10	218	154	0	0	0	5	[]	0	4
52	123457255	83	5	4	41	0	0	0	0	0	0	1	0	0	0	1	1	0	84	10	0	2	10	218	154	0	0	0	5	[]	0	3
53	123457255	81	5	4	43	0	0	0	0	0	0	1	0	0	0	1	1	0	87	10	0	2	10	218	154	0	0	0	5	[]	0	4
54	123457255	79	6	5	44	0	0	0	0	0	0	0	0	0	0	1	1	0	91	10	0	2	10	218	154	0	0	0	6	[]	0	4
55	123457255	79	5	6	44	0	0	0	0	0	0	0	0	0	0	1	1	0	96	10	0	2	10	218	154	0	0	0	6	[]	0	5
56	123457255	79	5	5	45	0	0	0	0	0	0	0	0	0	0	1	1	0	96	10	0	2	10	218	154	0	0	0	6	[]	0	4
57	123457255	76	6	6	46	0	0	0	0	0	0	0	0	0	0	1	1	0	99	10	0	2	10	218	154	0	0	0	6	[]	0	5
58	123457255	75	3	9	47	0	0	0	0	0	0	0	0	0	0	2	0	0	100	11	0	2	11	218	154	0	0	0	6	[]	0	6
59	123457255	74	4	7	49	0	0	0	0	0	0	0	0	0	0	2	0	0	103	11	0	2	11	218	154	0	0	0	6	[]	0	6
60	123457255	70	6	8	51	0	0	0	0	0	0	0	0	0	0	1	0	0	103	11	0	2	11	218	154	0	0	0	6	[]	0	4
