day	seedRun	susceptible	exposed	infected	removed	susceptible-in-quarantine	exposed-in-quarantine	infected-in-quarantine	removed-in-quarantine	susceptible-in-quarantine-external-1	exposed-in-quarantine-external-1	infected-in-quarantine-external-1	removed-in-quarantine-external-1	susceptible-in-quarantine-external-2	exposed-in-quarantine-external-2	infected-in-quarantine-external-2	removed-in-quarantine-external-2	num-of-screened-agents	num-of-screened-agents-external-1	num-of-screened-agents-external-2	num-of-positive-agents	num-of-positive-agents-external-1	num-of-positive-agents-external-2	num-vaccinated	num-immunized	num-immunized-in-quarantine	num-immunized-in-quarantine-external-1	num-immunized-in-quarantine-external-2	num-infected-outside	classroom-in-quarantine	num-of-classroom-in-quarantine	classroom-with-at-least-one-infected
0	123456827	254	0	0	0	0	0	0	0	0	0	0	0	0	0	0	0	0	0	0	0	0	0	50	36	0	0	0	0	[]	0	0
1	123456827	250	4	0	0	0	0	0	0	0	0	0	0	0	0	0	0	0	4	0	0	0	0	50	36	0	0	0	4	[]	0	0
2	123456827	238	15	1	0	0	0	0	0	0	0	0	0	0	0	0	0	0	5	0	0	0	0	50	36	0	0	0	10	[]	0	1
3	123456827	195	52	7	0	0	0	0	0	0	0	0	0	0	0	0	0	0	7	0	0	0	0	50	36	0	0	0	16	[]	0	3
4	123456827	130	102	22	0	0	0	0	0	0	0	0	0	0	0	0	0	0	8	0	0	0	0	50	36	0	0	0	22	[]	0	5
5	123456827	68	115	29	2	2	20	12	4	0	0	1	0	0	0	1	0	38	10	1	12	1	1	50	36	0	0	0	22	[1A 2A]	2	9
6	123456827	64	47	41	2	6	44	39	6	0	0	1	0	0	0	4	0	95	11	4	34	1	4	50	36	0	0	0	22	[1A 2A 3C 2C 1C]	5	10
7	123456827	57	27	38	8	11	37	59	10	0	0	1	1	0	0	4	1	133	13	5	47	2	5	50	36	0	0	0	24	[1A 2A 3C 2C 1C 2B]	6	10
8	123456827	32	40	31	7	12	33	73	18	0	0	1	1	0	0	3	3	152	13	6	56	2	6	50	36	0	0	0	25	[1A 2A 3C 2C 1C 2B 2D]	7	11
9	123456827	6	52	26	6	12	25	85	33	0	0	1	1	0	0	3	4	171	15	7	70	2	7	50	36	0	0	0	25	[1A 2A 3C 2C 1C 2B 2D 1D]	8	12
10	123456827	2	45	31	12	12	19	81	43	0	0	1	1	0	0	3	4	171	15	7	70	2	7	50	36	0	0	0	25	[1A 2A 3C 2C 1C 2B 2D 1D]	8	12
11	123456827	1	13	14	6	13	25	94	61	0	7	10	1	0	0	3	6	209	16	9	86	3	9	50	36	0	0	0	25	[1A 2A 3C 2C 1C 2B 2D 1D 3B 3D 3A]	11	12
12	123456827	0	2	4	8	13	19	102	78	0	5	11	2	0	0	3	7	228	16	10	98	3	10	50	36	0	0	0	26	[1A 2A 3C 2C 1C 2B 2D 1D 3B 3D 3A 1B]	12	12
13	123456827	0	1	4	9	13	10	95	94	0	4	10	4	0	0	3	7	228	16	10	98	3	10	50	36	0	0	0	26	[1A 2A 3C 2C 1C 2B 2D 1D 3B 3D 3A 1B]	12	12
14	123456827	0	1	3	10	13	5	85	109	0	4	8	6	0	0	2	8	228	16	10	98	3	10	50	36	0	0	0	26	[1A 2A 3C 2C 1C 2B 2D 1D 3B 3D 3A 1B]	12	12
15	123456827	2	1	3	48	11	3	64	96	0	2	10	5	0	0	1	8	228	16	10	98	3	10	50	36	0	0	0	26	[3C 2C 1C 2B 2D 1D 3B 3D 3A 1B]	10	10
16	123456827	6	0	4	104	7	3	38	69	0	1	9	7	0	0	1	5	228	17	10	98	3	10	50	36	0	0	0	26	[2B 2D 1D 3B 3D 3A 1B]	7	7
17	123456827	9	2	3	120	2	1	33	62	0	1	9	7	0	0	1	4	228	18	10	98	3	10	50	36	0	0	0	28	[2D 1D 3B 3D 3A 1B]	6	6
18	123456827	9	2	4	139	1	0	23	55	0	1	8	8	0	0	1	3	228	20	10	98	3	10	50	36	0	0	0	28	[1D 3B 3D 3A 1B]	5	6
19	123456827	9	2	2	160	1	0	15	44	0	1	7	9	0	0	1	3	247	22	11	98	3	11	50	36	0	0	0	28	[3B 3D 3A 1B]	4	5
20	123456827	9	2	2	160	1	0	10	49	0	0	6	11	0	0	1	3	247	23	11	98	3	11	50	36	0	0	0	28	[3B 3D 3A 1B]	4	4
21	123456827	10	1	3	219	0	0	5	14	0	0	0	0	0	0	1	1	247	23	11	98	3	11	50	36	0	0	0	28	[1B]	1	3
22	123456827	9	1	4	239	0	0	0	0	0	0	0	0	0	0	1	0	247	23	11	98	3	11	50	36	0	0	0	28	[]	0	2
23	123456827	8	2	4	239	0	0	0	0	0	0	0	0	0	0	1	0	247	24	11	98	3	11	50	36	0	0	0	28	[]	0	2
24	123456827	8	2	2	239	0	0	1	0	0	0	0	0	0	0	2	0	285	25	12	99	3	12	50	36	0	0	0	28	[]	0	2
25	123456827	6	3	3	239	0	0	1	0	0	0	0	0	0	0	2	0	285	27	12	99	3	12	50	36	0	0	0	28	[]	0	2
26	123456827	6	2	3	240	0	0	1	0	0	0	0	0	0	0	2	0	285	29	12	99	3	12	50	36	0	0	0	28	[]	0	2
27	123456827	6	1	4	240	0	0	1	0	0	0	0	0	0	0	2	0	285	31	12	99	3	12	50	36	0	0	0	28	[]	0	2
28	123456827	4	3	4	240	0	0	1	0	0	0	0	0	0	0	2	0	285	32	12	99	3	12	50	36	0	0	0	30	[]	0	2
29	123456827	4	2	3	241	0	0	3	0	0	0	0	0	0	0	1	0	304	36	12	101	3	12	50	36	0	0	0	30	[]	0	3
30	123456827	3	1	3	242	0	0	3	0	0	0	0	0	0	0	1	1	320	38	13	101	3	13	50	36	0	0	0	30	[]	0	4
31	123456827	3	1	3	242	0	0	3	0	0	0	0	0	0	0	1	1	320	40	13	101	3	13	50	36	0	0	0	30	[]	0	4
32	123456827	3	1	2	243	0	0	1	2	0	0	0	0	0	0	1	1	320	42	13	101	3	13	50	36	0	0	0	30	[]	0	3
33	123456827	3	0	3	243	0	0	1	2	0	0	0	0	0	0	0	2	320	44	13	101	3	13	50	36	0	0	0	30	[]	0	2
34	123456827	3	0	2	246	0	0	0	2	0	0	0	0	0	0	0	1	320	45	13	101	3	13	50	36	0	0	0	30	[]	0	1
35	123456827	3	0	2	246	0	0	0	2	0	0	0	0	0	0	0	1	320	46	13	101	3	13	50	36	0	0	0	30	[]	0	1
36	123456827	3	0	2	246	0	0	0	2	0	0	0	0	0	0	0	1	320	48	13	101	3	13	50	36	0	0	0	30	[]	0	1
37	123456827	3	0	1	247	0	0	0	2	0	0	0	0	0	0	0	1	320	49	13	101	3	13	50	36	0	0	0	30	[]	0	1
38	123456827	3	0	1	247	0	0	0	2	0	0	0	0	0	0	0	1	320	51	13	101	3	13	50	36	0	0	0	30	[]	0	1
39	123456827	3	0	1	249	0	0	0	0	0	0	0	0	0	0	0	1	320	54	13	101	3	13	50	36	0	0	0	30	[]	0	1
40	123456827	3	0	1	250	0	0	0	0	0	0	0	0	0	0	0	0	320	55	13	101	3	13	50	36	0	0	0	30	[]	0	1
41	123456827	3	0	1	250	0	0	0	0	0	0	0	0	0	0	0	0	320	63	13	101	3	13	50	36	0	0	0	30	[]	0	1
42	123456827	3	0	1	250	0	0	0	0	0	0	0	0	0	0	0	0	320	65	13	101	3	13	50	36	0	0	0	30	[]	0	1
43	123456827	3	0	1	250	0	0	0	0	0	0	0	0	0	0	0	0	320	66	13	101	3	13	50	36	0	0	0	30	[]	0	1
44	123456827	3	0	1	250	0	0	0	0	0	0	0	0	0	0	0	0	320	67	13	101	3	13	50	36	0	0	0	30	[]	0	1
45	123456827	3	0	0	251	0	0	0	0	0	0	0	0	0	0	0	0	320	68	13	101	3	13	50	36	0	0	0	30	[]	0	0
46	123456827	3	0	0	251	0	0	0	0	0	0	0	0	0	0	0	0	320	69	13	101	3	13	50	36	0	0	0	30	[]	0	0
47	123456827	3	0	0	251	0	0	0	0	0	0	0	0	0	0	0	0	320	71	13	101	3	13	50	36	0	0	0	30	[]	0	0
48	123456827	3	0	0	251	0	0	0	0	0	0	0	0	0	0	0	0	320	75	13	101	3	13	50	36	0	0	0	30	[]	0	0
49	123456827	3	0	0	251	0	0	0	0	0	0	0	0	0	0	0	0	320	79	13	101	3	13	50	36	0	0	0	30	[]	0	0
50	123456827	3	0	0	251	0	0	0	0	0	0	0	0	0	0	0	0	320	80	13	101	3	13	50	36	0	0	0	30	[]	0	0
51	123456827	3	0	0	251	0	0	0	0	0	0	0	0	0	0	0	0	320	81	13	101	3	13	50	36	0	0	0	30	[]	0	0
52	123456827	3	0	0	251	0	0	0	0	0	0	0	0	0	0	0	0	320	81	13	101	3	13	50	36	0	0	0	30	[]	0	0
53	123456827	3	0	0	251	0	0	0	0	0	0	0	0	0	0	0	0	320	82	13	101	3	13	50	36	0	0	0	30	[]	0	0
54	123456827	3	0	0	251	0	0	0	0	0	0	0	0	0	0	0	0	320	82	13	101	3	13	50	36	0	0	0	30	[]	0	0
55	123456827	3	0	0	251	0	0	0	0	0	0	0	0	0	0	0	0	320	85	13	101	3	13	50	36	0	0	0	30	[]	0	0
56	123456827	3	0	0	251	0	0	0	0	0	0	0	0	0	0	0	0	320	87	13	101	3	13	50	36	0	0	0	30	[]	0	0
57	123456827	3	0	0	251	0	0	0	0	0	0	0	0	0	0	0	0	320	89	13	101	3	13	50	36	0	0	0	30	[]	0	0
58	123456827	3	0	0	251	0	0	0	0	0	0	0	0	0	0	0	0	320	89	13	101	3	13	50	36	0	0	0	30	[]	0	0
59	123456827	3	0	0	251	0	0	0	0	0	0	0	0	0	0	0	0	320	94	13	101	3	13	50	36	0	0	0	30	[]	0	0
60	123456827	3	0	0	251	0	0	0	0	0	0	0	0	0	0	0	0	320	98	13	101	3	13	50	36	0	0	0	30	[]	0	0
