day	seedRun	susceptible	exposed	infected	removed	susceptible-in-quarantine	exposed-in-quarantine	infected-in-quarantine	removed-in-quarantine	susceptible-in-quarantine-external-1	exposed-in-quarantine-external-1	infected-in-quarantine-external-1	removed-in-quarantine-external-1	susceptible-in-quarantine-external-2	exposed-in-quarantine-external-2	infected-in-quarantine-external-2	removed-in-quarantine-external-2	num-of-screened-agents	num-of-screened-agents-external-1	num-of-screened-agents-external-2	num-of-positive-agents	num-of-positive-agents-external-1	num-of-positive-agents-external-2	num-vaccinated	num-immunized	num-immunized-in-quarantine	num-immunized-in-quarantine-external-1	num-immunized-in-quarantine-external-2	num-infected-outside	classroom-in-quarantine	num-of-classroom-in-quarantine	classroom-with-at-least-one-infected
0	123456892	252	0	0	0	0	0	0	0	0	0	0	0	0	0	0	0	0	0	0	0	0	0	50	38	0	0	0	0	[]	0	0
1	123456892	246	6	0	0	0	0	0	0	0	0	0	0	0	0	0	0	0	0	0	0	0	0	50	38	0	0	0	6	[]	0	0
2	123456892	232	19	1	0	0	0	0	0	0	0	0	0	0	0	0	0	0	2	0	0	0	0	50	38	0	0	0	11	[]	0	1
3	123456892	211	36	5	0	0	0	0	0	0	0	0	0	0	0	0	0	0	3	0	0	0	0	50	38	0	0	0	14	[]	0	2
4	123456892	148	75	9	0	2	7	9	1	0	0	1	0	0	0	0	0	19	7	0	9	1	0	50	38	0	0	0	17	[3B]	1	7
5	123456892	97	107	28	0	2	5	10	2	0	0	1	0	0	0	0	0	19	8	0	9	1	0	50	38	0	0	0	21	[3B]	1	8
6	123456892	96	53	41	2	2	16	32	7	0	0	2	0	0	0	1	0	57	9	1	33	2	1	50	38	0	0	0	22	[3B 1C 2A]	3	10
7	123456892	89	26	30	4	6	26	50	15	0	0	3	0	0	0	3	0	114	12	3	52	3	3	50	38	0	0	0	25	[3B 1C 2A 2B 3D]	5	11
8	123456892	42	66	31	10	6	17	51	23	0	0	3	0	0	0	2	1	114	12	3	52	3	3	50	38	0	0	0	27	[3B 1C 2A 2B 3D]	5	11
9	123456892	8	73	37	9	6	14	59	38	0	0	4	0	0	0	3	1	152	13	4	61	4	4	50	38	0	0	0	29	[3B 1C 2A 2B 3D 2C]	6	12
10	123456892	3	54	43	7	6	14	68	48	0	0	4	0	0	0	3	2	171	14	5	72	4	5	50	38	0	0	0	29	[3B 1C 2A 2B 3D 2C 3A]	7	12
11	123456892	2	43	52	10	6	10	67	53	0	0	4	0	0	0	2	3	171	14	5	72	4	5	50	38	0	0	0	30	[3B 1C 2A 2B 3D 2C 3A]	7	12
12	123456892	2	17	39	14	6	15	82	67	0	0	4	0	0	0	2	4	205	14	6	93	4	6	50	38	0	0	0	30	[3B 1C 2A 2B 3D 2C 3A 3C 2D]	9	12
13	123456892	2	12	40	18	6	12	75	77	0	0	4	0	0	0	2	4	205	14	6	93	4	6	50	38	0	0	0	30	[3B 1C 2A 2B 3D 2C 3A 3C 2D]	9	12
14	123456892	4	9	36	43	4	7	66	74	0	0	3	0	0	0	2	4	205	15	6	93	4	6	50	38	0	0	0	30	[1C 2A 2B 3D 2C 3A 3C 2D]	8	11
15	123456892	4	8	34	46	4	4	57	86	0	0	1	2	0	0	2	4	205	15	6	93	4	6	50	38	0	0	0	30	[1C 2A 2B 3D 2C 3A 3C 2D]	8	11
16	123456892	2	7	20	83	4	4	47	77	0	0	0	2	0	0	3	3	224	17	7	101	4	7	50	38	0	0	0	30	[2B 3D 2C 3A 3C 2D 1B]	7	9
17	123456892	2	10	18	122	0	3	33	58	0	0	0	1	0	0	2	3	224	17	7	101	4	7	50	38	0	0	0	30	[2C 3A 3C 2D 1B]	5	7
18	123456892	2	8	19	123	0	3	31	60	0	0	0	1	0	0	1	4	224	18	7	101	4	7	50	38	0	0	0	30	[2C 3A 3C 2D 1B]	5	9
19	123456892	2	5	10	135	0	3	32	59	0	0	0	0	0	0	2	4	243	19	8	109	4	8	50	38	0	0	0	30	[3A 3C 2D 1B 1D]	5	9
20	123456892	2	4	9	157	0	2	26	47	0	0	0	0	0	0	2	3	243	20	8	109	4	8	50	38	0	0	0	30	[3C 2D 1B 1D]	4	8
21	123456892	2	3	10	157	0	1	24	50	0	0	0	0	0	0	1	4	243	20	8	109	4	8	50	38	0	0	0	30	[3C 2D 1B 1D]	4	8
22	123456892	2	3	9	198	0	1	13	24	0	0	0	0	0	0	1	1	243	22	8	109	4	8	50	38	0	0	0	30	[1B 1D]	2	6
23	123456892	2	2	7	201	0	1	11	26	0	0	0	0	0	0	1	1	243	26	8	109	4	8	50	38	0	0	0	30	[1B 1D]	2	6
24	123456892	2	1	6	203	0	1	10	27	0	0	0	0	0	0	1	1	243	26	8	109	4	8	50	38	0	0	0	30	[1B 1D]	2	6
25	123456892	2	1	4	205	0	0	9	29	0	0	0	0	0	0	1	1	243	27	8	109	4	8	50	38	0	0	0	30	[1B 1D]	2	5
26	123456892	2	1	2	227	0	0	6	13	0	0	0	0	0	0	0	1	243	29	8	109	4	8	50	38	0	0	0	30	[1D]	1	3
27	123456892	2	0	2	228	0	0	6	13	0	0	0	0	0	0	0	1	243	30	8	109	4	8	50	38	0	0	0	30	[1D]	1	2
28	123456892	2	0	2	228	0	0	4	15	0	0	0	0	0	0	0	1	243	30	8	109	4	8	50	38	0	0	0	30	[1D]	1	2
29	123456892	1	1	1	249	0	0	0	0	0	0	0	0	0	0	0	0	243	30	8	109	4	8	50	38	0	0	0	31	[]	0	1
30	123456892	1	1	0	250	0	0	0	0	0	0	0	0	0	0	0	0	243	33	8	109	4	8	50	38	0	0	0	31	[]	0	0
31	123456892	1	1	0	250	0	0	0	0	0	0	0	0	0	0	0	0	243	34	8	109	4	8	50	38	0	0	0	31	[]	0	0
32	123456892	1	1	0	250	0	0	0	0	0	0	0	0	0	0	0	0	243	35	8	109	4	8	50	38	0	0	0	31	[]	0	0
33	123456892	1	0	1	250	0	0	0	0	0	0	0	0	0	0	0	0	243	38	8	109	4	8	50	38	0	0	0	31	[]	0	0
34	123456892	1	0	1	250	0	0	0	0	0	0	0	0	0	0	0	0	243	39	8	109	4	8	50	38	0	0	0	31	[]	0	0
35	123456892	1	0	1	250	0	0	0	0	0	0	0	0	0	0	0	0	243	40	8	109	4	8	50	38	0	0	0	31	[]	0	0
36	123456892	1	0	0	251	0	0	0	0	0	0	0	0	0	0	0	0	243	41	8	109	4	8	50	38	0	0	0	31	[]	0	0
37	123456892	1	0	0	251	0	0	0	0	0	0	0	0	0	0	0	0	243	42	8	109	4	8	50	38	0	0	0	31	[]	0	0
38	123456892	1	0	0	251	0	0	0	0	0	0	0	0	0	0	0	0	243	44	8	109	4	8	50	38	0	0	0	31	[]	0	0
39	123456892	1	0	0	251	0	0	0	0	0	0	0	0	0	0	0	0	243	46	8	109	4	8	50	38	0	0	0	31	[]	0	0
40	123456892	1	0	0	251	0	0	0	0	0	0	0	0	0	0	0	0	243	46	8	109	4	8	50	38	0	0	0	31	[]	0	0
41	123456892	1	0	0	251	0	0	0	0	0	0	0	0	0	0	0	0	243	48	8	109	4	8	50	38	0	0	0	31	[]	0	0
42	123456892	1	0	0	251	0	0	0	0	0	0	0	0	0	0	0	0	243	52	8	109	4	8	50	38	0	0	0	31	[]	0	0
43	123456892	1	0	0	251	0	0	0	0	0	0	0	0	0	0	0	0	243	52	8	109	4	8	50	38	0	0	0	31	[]	0	0
44	123456892	1	0	0	251	0	0	0	0	0	0	0	0	0	0	0	0	243	53	8	109	4	8	50	38	0	0	0	31	[]	0	0
45	123456892	1	0	0	251	0	0	0	0	0	0	0	0	0	0	0	0	243	57	8	109	4	8	50	38	0	0	0	31	[]	0	0
46	123456892	1	0	0	251	0	0	0	0	0	0	0	0	0	0	0	0	243	57	8	109	4	8	50	38	0	0	0	31	[]	0	0
47	123456892	1	0	0	251	0	0	0	0	0	0	0	0	0	0	0	0	243	58	8	109	4	8	50	38	0	0	0	31	[]	0	0
48	123456892	1	0	0	251	0	0	0	0	0	0	0	0	0	0	0	0	243	61	8	109	4	8	50	38	0	0	0	31	[]	0	0
49	123456892	1	0	0	251	0	0	0	0	0	0	0	0	0	0	0	0	243	62	8	109	4	8	50	38	0	0	0	31	[]	0	0
50	123456892	1	0	0	251	0	0	0	0	0	0	0	0	0	0	0	0	243	65	8	109	4	8	50	38	0	0	0	31	[]	0	0
51	123456892	1	0	0	251	0	0	0	0	0	0	0	0	0	0	0	0	243	66	8	109	4	8	50	38	0	0	0	31	[]	0	0
52	123456892	1	0	0	251	0	0	0	0	0	0	0	0	0	0	0	0	243	68	8	109	4	8	50	38	0	0	0	31	[]	0	0
53	123456892	1	0	0	251	0	0	0	0	0	0	0	0	0	0	0	0	243	70	8	109	4	8	50	38	0	0	0	31	[]	0	0
54	123456892	1	0	0	251	0	0	0	0	0	0	0	0	0	0	0	0	243	70	8	109	4	8	50	38	0	0	0	31	[]	0	0
55	123456892	1	0	0	251	0	0	0	0	0	0	0	0	0	0	0	0	243	72	8	109	4	8	50	38	0	0	0	31	[]	0	0
56	123456892	1	0	0	251	0	0	0	0	0	0	0	0	0	0	0	0	243	72	8	109	4	8	50	38	0	0	0	31	[]	0	0
57	123456892	1	0	0	251	0	0	0	0	0	0	0	0	0	0	0	0	243	72	8	109	4	8	50	38	0	0	0	31	[]	0	0
58	123456892	1	0	0	251	0	0	0	0	0	0	0	0	0	0	0	0	243	75	8	109	4	8	50	38	0	0	0	31	[]	0	0
59	123456892	1	0	0	251	0	0	0	0	0	0	0	0	0	0	0	0	243	75	8	109	4	8	50	38	0	0	0	31	[]	0	0
60	123456892	1	0	0	251	0	0	0	0	0	0	0	0	0	0	0	0	243	76	8	109	4	8	50	38	0	0	0	31	[]	0	0
