day	seedRun	susceptible	exposed	infected	removed	susceptible-in-quarantine	exposed-in-quarantine	infected-in-quarantine	removed-in-quarantine	susceptible-in-quarantine-external-1	exposed-in-quarantine-external-1	infected-in-quarantine-external-1	removed-in-quarantine-external-1	susceptible-in-quarantine-external-2	exposed-in-quarantine-external-2	infected-in-quarantine-external-2	removed-in-quarantine-external-2	num-of-screened-agents	num-of-screened-agents-external-1	num-of-screened-agents-external-2	num-of-positive-agents	num-of-positive-agents-external-1	num-of-positive-agents-external-2	num-vaccinated	num-immunized	num-immunized-in-quarantine	num-immunized-in-quarantine-external-1	num-immunized-in-quarantine-external-2	num-infected-outside	classroom-in-quarantine	num-of-classroom-in-quarantine	classroom-with-at-least-one-infected
0	123457060	144	0	0	0	0	0	0	0	0	0	0	0	0	0	0	0	0	0	0	0	0	0	146	146	0	0	0	0	[]	0	0
1	123457060	141	3	0	0	0	0	0	0	0	0	0	0	0	0	0	0	0	0	0	0	0	0	146	146	0	0	0	3	[]	0	0
2	123457060	131	12	1	0	0	0	0	0	0	0	0	0	0	0	0	0	0	5	0	0	0	0	146	146	0	0	0	5	[]	0	1
3	123457060	127	5	0	0	3	3	5	0	0	0	0	0	0	0	1	0	19	5	1	5	0	1	146	138	8	0	0	6	[3C]	1	1
4	123457060	119	12	1	0	3	3	5	0	0	0	0	0	0	0	1	0	19	6	1	5	0	1	146	138	8	0	0	7	[3C]	1	2
5	123457060	100	26	6	0	3	3	3	2	0	0	0	0	0	0	1	0	19	6	1	5	0	1	146	138	8	0	0	9	[3C]	1	4
6	123457060	99	18	14	1	3	2	4	2	0	0	0	0	0	0	1	0	19	8	1	5	0	1	146	138	8	0	0	10	[3C]	1	4
7	123457060	96	16	17	3	3	2	4	2	0	0	0	0	0	0	1	0	19	9	1	5	0	1	146	138	8	0	0	13	[3C]	1	5
8	123457060	83	24	8	5	4	3	11	4	0	0	1	0	0	0	1	0	38	10	1	11	1	1	146	130	16	0	0	15	[3C 1C]	2	5
9	123457060	83	17	10	7	4	2	12	6	0	0	1	0	0	0	2	0	57	12	2	13	1	2	146	130	16	0	0	15	[3C 1C]	2	5
10	123457060	77	14	7	5	4	4	15	13	0	0	1	0	0	0	3	1	95	13	4	20	1	4	146	122	24	0	0	17	[3C 1C 1A]	3	7
11	123457060	66	19	10	8	4	4	13	15	0	0	1	0	0	0	2	2	95	13	4	20	1	4	146	122	24	0	0	17	[3C 1C 1A]	3	9
12	123457060	53	26	15	9	4	3	9	20	0	0	1	0	0	0	2	2	95	14	4	20	1	4	146	122	24	0	0	19	[3C 1C 1A]	3	8
13	123457060	54	16	11	19	2	8	11	17	0	0	3	0	0	0	1	2	133	17	4	26	3	4	146	122	24	0	0	20	[1C 1A 2A]	3	8
14	123457060	52	9	12	18	4	10	14	19	0	0	3	0	0	0	1	2	150	18	4	28	3	4	146	114	32	0	0	20	[1C 1A 2A 2B]	4	8
15	123457060	38	21	13	19	4	6	14	23	0	0	2	1	0	0	1	2	168	18	4	28	3	4	146	114	32	0	0	20	[1C 1A 2A 2B]	4	10
16	123457060	22	33	15	21	4	2	16	25	0	0	2	1	0	0	0	3	168	19	4	28	3	4	146	114	32	0	0	21	[1C 1A 2A 2B]	4	10
17	123457060	18	30	21	22	4	1	14	28	0	0	2	1	0	0	0	3	168	19	4	28	3	4	146	114	32	0	0	21	[1C 1A 2A 2B]	4	10
18	123457060	16	13	19	34	6	8	15	27	0	0	1	1	0	0	1	3	204	19	5	35	3	5	146	106	40	0	0	21	[1A 2A 2B 1B 3A]	5	9
19	123457060	15	4	15	36	6	6	26	29	0	0	1	1	0	0	2	3	223	19	6	44	3	6	146	98	48	0	0	21	[1A 2A 2B 1B 3A 1D]	6	9
20	123457060	15	3	12	50	6	4	27	21	0	0	1	1	0	0	2	2	242	20	7	47	3	7	146	106	40	0	0	21	[2A 2B 1B 3A 1D]	5	9
21	123457060	15	3	10	52	6	3	26	23	0	0	1	1	0	0	2	2	242	21	7	47	3	7	146	106	40	0	0	21	[2A 2B 1B 3A 1D]	5	9
22	123457060	11	7	10	52	6	2	25	25	0	0	1	1	0	0	2	2	242	22	7	47	3	7	146	106	40	0	0	21	[2A 2B 1B 3A 1D]	5	9
23	123457060	7	9	13	63	5	1	16	25	0	0	1	0	0	0	1	3	242	23	7	47	3	7	146	114	32	0	0	21	[2B 1B 3A 1D]	4	8
24	123457060	7	6	15	76	3	1	11	21	0	0	1	0	0	0	0	3	242	24	7	47	3	7	146	122	24	0	0	21	[1B 3A 1D]	3	7
25	123457060	7	3	16	70	3	0	11	30	0	0	1	0	0	0	0	3	258	24	7	48	3	7	146	114	32	0	0	21	[1B 3A 1D 2D]	4	7
26	123457060	7	0	9	68	3	2	16	34	0	0	1	0	0	0	1	3	277	25	8	54	3	8	146	106	40	0	0	21	[1B 3A 1D 2D 3B]	5	7
27	123457060	7	0	9	68	3	1	15	36	0	0	1	0	0	0	1	3	277	25	8	54	3	8	146	106	40	0	0	21	[1B 3A 1D 2D 3B]	5	7
28	123457060	9	1	6	92	0	1	10	22	0	0	0	0	0	0	1	2	277	26	8	54	3	8	146	122	24	0	0	22	[1D 2D 3B]	3	5
29	123457060	8	2	5	105	0	0	6	16	0	0	0	0	0	0	1	1	277	26	8	54	3	8	146	130	16	0	0	23	[2D 3B]	2	4
30	123457060	7	3	4	106	0	0	5	17	0	0	0	0	0	0	1	1	277	28	8	54	3	8	146	130	16	0	0	24	[2D 3B]	2	4
31	123457060	7	3	3	107	0	0	5	17	0	0	0	0	0	0	1	1	277	29	8	54	3	8	146	130	16	0	0	24	[2D 3B]	2	4
32	123457060	7	2	4	107	0	0	3	19	0	0	0	0	0	0	1	1	277	30	8	54	3	8	146	130	16	0	0	24	[2D 3B]	2	4
33	123457060	7	2	3	108	0	0	3	19	0	0	0	0	0	0	1	1	277	31	8	54	3	8	146	130	16	0	0	24	[2D 3B]	2	4
34	123457060	7	0	5	108	0	0	2	20	0	0	0	0	0	0	1	1	277	32	8	54	3	8	146	130	16	0	0	24	[2D 3B]	2	6
35	123457060	7	0	4	121	0	0	1	10	0	0	0	0	0	0	1	0	277	32	8	54	3	8	146	138	8	0	0	24	[3B]	1	5
36	123457060	7	0	4	133	0	0	0	0	0	0	0	0	0	0	0	0	277	35	8	54	3	8	146	146	0	0	0	24	[]	0	4
37	123457060	7	0	4	133	0	0	0	0	0	0	0	0	0	0	0	0	277	36	8	54	3	8	146	146	0	0	0	24	[]	0	4
38	123457060	7	0	2	134	0	0	0	0	0	0	1	0	0	0	0	0	296	37	8	54	4	8	146	146	0	0	0	24	[]	0	3
39	123457060	7	0	1	135	0	0	0	0	0	0	1	0	0	0	0	0	296	38	8	54	4	8	146	146	0	0	0	24	[]	0	2
40	123457060	6	1	1	135	0	0	0	0	0	0	1	0	0	0	0	0	296	40	8	54	4	8	146	146	0	0	0	25	[]	0	2
41	123457060	6	1	1	135	0	0	0	0	0	0	1	0	0	0	0	0	296	40	8	54	4	8	146	146	0	0	0	25	[]	0	2
42	123457060	6	1	1	135	0	0	0	0	0	0	1	0	0	0	0	0	296	45	8	54	4	8	146	146	0	0	0	25	[]	0	2
43	123457060	6	0	2	135	0	0	0	0	0	0	1	0	0	0	0	0	315	45	8	54	4	8	146	146	0	0	0	25	[]	0	3
44	123457060	5	1	2	135	0	0	0	0	0	0	1	0	0	0	0	0	315	47	8	54	4	8	146	146	0	0	0	25	[]	0	3
45	123457060	5	1	2	135	0	0	0	0	0	0	1	0	0	0	0	0	315	50	8	54	4	8	146	146	0	0	0	25	[]	0	3
46	123457060	5	1	2	135	0	0	0	0	0	0	1	0	0	0	0	0	315	52	8	54	4	8	146	146	0	0	0	25	[]	0	3
47	123457060	5	1	1	135	0	0	0	0	0	0	2	0	0	0	0	0	334	54	8	54	5	8	146	146	0	0	0	25	[]	0	3
48	123457060	4	2	1	136	0	0	0	0	0	0	1	0	0	0	0	0	334	60	8	54	5	8	146	146	0	0	0	26	[]	0	2
49	123457060	4	2	1	136	0	0	0	0	0	0	1	0	0	0	0	0	334	62	8	54	5	8	146	146	0	0	0	26	[]	0	2
50	123457060	4	2	1	136	0	0	0	0	0	0	1	0	0	0	0	0	334	64	8	54	5	8	146	146	0	0	0	26	[]	0	2
51	123457060	4	1	2	136	0	0	0	0	0	0	1	0	0	0	0	0	334	66	8	54	5	8	146	146	0	0	0	26	[]	0	3
52	123457060	4	1	1	137	0	0	0	0	0	0	1	0	0	0	0	0	334	67	8	54	5	8	146	146	0	0	0	26	[]	0	2
53	123457060	4	1	1	137	0	0	0	0	0	0	1	0	0	0	0	0	334	69	8	54	5	8	146	146	0	0	0	26	[]	0	2
54	123457060	4	1	1	137	0	0	0	0	0	0	1	0	0	0	0	0	334	72	8	54	5	8	146	146	0	0	0	26	[]	0	2
55	123457060	3	1	1	138	0	0	0	0	0	0	1	0	0	0	0	0	334	72	8	54	5	8	146	146	0	0	0	27	[]	0	2
56	123457060	3	1	0	139	0	0	0	0	0	0	1	0	0	0	0	0	334	74	8	54	5	8	146	146	0	0	0	27	[]	0	1
57	123457060	3	0	1	140	0	0	0	0	0	0	0	0	0	0	0	0	334	76	8	54	5	8	146	146	0	0	0	27	[]	0	1
58	123457060	3	0	1	140	0	0	0	0	0	0	0	0	0	0	0	0	334	77	8	54	5	8	146	146	0	0	0	27	[]	0	1
59	123457060	3	0	1	140	0	0	0	0	0	0	0	0	0	0	0	0	334	81	8	54	5	8	146	146	0	0	0	27	[]	0	1
60	123457060	3	0	1	140	0	0	0	0	0	0	0	0	0	0	0	0	334	82	8	54	5	8	146	146	0	0	0	27	[]	0	1
