day	seedRun	susceptible	exposed	infected	removed	susceptible-in-quarantine	exposed-in-quarantine	infected-in-quarantine	removed-in-quarantine	susceptible-in-quarantine-external-1	exposed-in-quarantine-external-1	infected-in-quarantine-external-1	removed-in-quarantine-external-1	susceptible-in-quarantine-external-2	exposed-in-quarantine-external-2	infected-in-quarantine-external-2	removed-in-quarantine-external-2	num-of-screened-agents	num-of-screened-agents-external-1	num-of-screened-agents-external-2	num-of-positive-agents	num-of-positive-agents-external-1	num-of-positive-agents-external-2	num-vaccinated-susceptible	num-vaccinated-exposed	num-vaccinated-infected	num-vaccinated-removed	num-vaccinated-susceptible-in-quarantine	num-vaccinated-exposed-in-quarantine	num-vaccinated-infected-in-quarantine	num-vaccinated-removed-in-quarantine	num-vaccinated-susceptible-in-quarantine-external-1	num-vaccinated-exposed-in-quarantine-external-1	num-vaccinated-infected-in-quarantine-external-1	num-vaccinated-removed-in-quarantine-external-1	num-vaccinated-susceptible-in-quarantine-external-2	num-vaccinated-exposed-in-quarantine-external-2	num-vaccinated-infected-in-quarantine-external-2	num-vaccinated-removed-in-quarantine-external-2	num-infected-outside	classroom-in-quarantine	num-of-classroom-in-quarantine	classroom-with-at-least-one-infected
0	123457091	216	0	0	0	0	0	0	0	0	0	0	0	0	0	0	0	0	0	0	0	0	0	0	0	0	74	0	0	0	0	0	0	0	0	0	0	0	0	0	[]	0	0
1	123457091	216	0	0	0	0	0	0	0	0	0	0	0	0	0	0	0	60	2	0	0	0	0	0	0	0	74	0	0	0	0	0	0	0	0	0	0	0	0	0	[]	0	0
2	123457091	216	0	0	0	0	0	0	0	0	0	0	0	0	0	0	0	60	2	0	0	0	0	0	0	0	74	0	0	0	0	0	0	0	0	0	0	0	0	0	[]	0	0
3	123457091	216	0	0	0	0	0	0	0	0	0	0	0	0	0	0	0	60	3	0	0	0	0	0	0	0	74	0	0	0	0	0	0	0	0	0	0	0	0	0	[]	0	0
4	123457091	215	1	0	0	0	0	0	0	0	0	0	0	0	0	0	0	60	4	0	0	0	0	0	0	0	74	0	0	0	0	0	0	0	0	0	0	0	0	1	[]	0	0
5	123457091	215	0	1	0	0	0	0	0	0	0	0	0	0	0	0	0	60	6	0	0	0	0	0	0	0	74	0	0	0	0	0	0	0	0	0	0	0	0	1	[]	0	1
6	123457091	215	0	1	0	0	0	0	0	0	0	0	0	0	0	0	0	60	6	0	0	0	0	0	0	0	74	0	0	0	0	0	0	0	0	0	0	0	0	1	[]	0	1
7	123457091	215	0	1	0	0	0	0	0	0	0	0	0	0	0	0	0	60	6	0	0	0	0	0	0	0	74	0	0	0	0	0	0	0	0	0	0	0	0	1	[]	0	1
8	123457091	214	1	0	1	0	0	0	0	0	0	0	0	0	0	0	0	120	7	0	0	0	0	0	0	0	74	0	0	0	0	0	0	0	0	0	0	0	0	2	[]	0	0
9	123457091	214	1	0	1	0	0	0	0	0	0	0	0	0	0	0	0	120	7	0	0	0	0	0	0	0	74	0	0	0	0	0	0	0	0	0	0	0	0	2	[]	0	0
10	123457091	214	1	0	1	0	0	0	0	0	0	0	0	0	0	0	0	120	8	0	0	0	0	0	0	0	74	0	0	0	0	0	0	0	0	0	0	0	0	2	[]	0	0
11	123457091	214	1	0	1	0	0	0	0	0	0	0	0	0	0	0	0	120	10	0	0	0	0	0	0	0	74	0	0	0	0	0	0	0	0	0	0	0	0	2	[]	0	0
12	123457091	214	1	0	1	0	0	0	0	0	0	0	0	0	0	0	0	120	10	0	0	0	0	0	0	0	74	0	0	0	0	0	0	0	0	0	0	0	0	2	[]	0	0
13	123457091	213	2	0	1	0	0	0	0	0	0	0	0	0	0	0	0	120	11	0	0	0	0	0	0	0	74	0	0	0	0	0	0	0	0	0	0	0	0	3	[]	0	0
14	123457091	213	1	1	1	0	0	0	0	0	0	0	0	0	0	0	0	120	12	0	0	0	0	0	0	0	74	0	0	0	0	0	0	0	0	0	0	0	0	3	[]	0	1
15	123457091	213	1	0	2	0	0	0	0	0	0	0	0	0	0	0	0	180	14	0	0	0	0	0	0	0	74	0	0	0	0	0	0	0	0	0	0	0	0	3	[]	0	0
16	123457091	213	1	0	2	0	0	0	0	0	0	0	0	0	0	0	0	180	15	0	0	0	0	0	0	0	74	0	0	0	0	0	0	0	0	0	0	0	0	3	[]	0	0
17	123457091	212	1	1	2	0	0	0	0	0	0	0	0	0	0	0	0	180	15	0	0	0	0	0	0	0	74	0	0	0	0	0	0	0	0	0	0	0	0	3	[]	0	1
18	123457091	208	4	2	2	0	0	0	0	0	0	0	0	0	0	0	0	180	15	0	0	0	0	0	0	0	74	0	0	0	0	0	0	0	0	0	0	0	0	3	[]	0	1
19	123457091	205	6	3	2	0	0	0	0	0	0	0	0	0	0	0	0	180	15	0	0	0	0	0	0	0	74	0	0	0	0	0	0	0	0	0	0	0	0	3	[]	0	1
20	123457091	205	4	5	2	0	0	0	0	0	0	0	0	0	0	0	0	180	18	0	0	0	0	0	0	0	74	0	0	0	0	0	0	0	0	0	0	0	0	3	[]	0	1
21	123457091	197	0	0	1	8	3	5	1	0	0	1	0	0	0	0	0	199	21	0	5	1	0	0	0	0	72	0	0	0	2	0	0	0	0	0	0	0	0	3	[2C]	1	1
22	123457091	196	1	0	1	8	2	6	1	0	0	1	0	0	0	0	0	254	22	0	5	1	0	0	0	0	72	0	0	0	2	0	0	0	0	0	0	0	0	4	[2C]	1	1
23	123457091	196	1	0	1	8	1	7	1	0	0	1	0	0	0	0	0	254	23	0	5	1	0	0	0	0	72	0	0	0	2	0	0	0	0	0	0	0	0	4	[2C]	1	1
24	123457091	196	1	0	1	8	1	5	3	0	0	1	0	0	0	0	0	254	23	0	5	1	0	0	0	0	72	0	0	0	2	0	0	0	0	0	0	0	0	4	[2C]	1	1
25	123457091	196	1	0	1	8	0	5	4	0	0	1	0	0	0	0	0	254	24	0	5	1	0	0	0	0	72	0	0	0	2	0	0	0	0	0	0	0	0	4	[2C]	1	1
26	123457091	196	1	0	1	8	0	5	4	0	0	1	0	0	0	0	0	254	25	0	5	1	0	0	0	0	72	0	0	0	2	0	0	0	0	0	0	0	0	4	[2C]	1	1
27	123457091	196	1	0	1	8	0	5	4	0	0	1	0	0	0	0	0	254	25	0	5	1	0	0	0	0	72	0	0	0	2	0	0	0	0	0	0	0	0	4	[2C]	1	1
28	123457091	196	0	1	1	8	0	4	5	0	0	1	0	0	0	0	0	254	27	0	5	1	0	0	0	0	72	0	0	0	2	0	0	0	0	0	0	0	0	4	[2C]	1	2
29	123457091	196	0	0	1	8	0	5	5	0	0	0	1	0	0	0	0	328	27	0	6	1	0	0	0	0	72	0	0	0	2	0	0	0	0	0	0	0	0	4	[2C]	1	2
30	123457091	196	0	0	1	8	0	5	5	0	0	0	1	0	0	0	0	328	27	0	6	1	0	0	0	0	72	0	0	0	2	0	0	0	0	0	0	0	0	4	[2C]	1	2
31	123457091	196	0	0	1	8	0	5	5	0	0	0	1	0	0	0	0	328	27	0	6	1	0	0	0	0	72	0	0	0	2	0	0	0	0	0	0	0	0	4	[2C]	1	2
32	123457091	196	0	0	1	8	0	5	5	0	0	0	1	0	0	0	0	328	27	0	6	1	0	0	0	0	72	0	0	0	2	0	0	0	0	0	0	0	0	4	[2C]	1	2
33	123457091	196	0	0	1	8	0	2	8	0	0	0	1	0	0	0	0	328	27	0	6	1	0	0	0	0	72	0	0	0	2	0	0	0	0	0	0	0	0	4	[2C]	1	1
34	123457091	196	0	0	1	8	0	1	9	0	0	0	1	0	0	0	0	347	28	0	6	1	0	0	0	0	72	0	0	0	2	0	0	0	0	0	0	0	0	4	[2C]	1	1
35	123457091	203	1	0	11	0	0	0	1	0	0	0	0	0	0	0	0	347	28	0	6	1	0	0	0	0	74	0	0	0	0	0	0	0	0	0	0	0	0	5	[]	0	0
36	123457091	203	1	0	11	0	0	0	1	0	0	0	0	0	0	0	0	406	28	0	6	1	0	0	0	0	74	0	0	0	0	0	0	0	0	0	0	0	0	5	[]	0	0
37	123457091	203	0	1	11	0	0	0	1	0	0	0	0	0	0	0	0	406	29	0	6	1	0	0	0	0	74	0	0	0	0	0	0	0	0	0	0	0	0	5	[]	0	1
38	123457091	203	0	1	11	0	0	0	1	0	0	0	0	0	0	0	0	406	29	0	6	1	0	0	0	0	74	0	0	0	0	0	0	0	0	0	0	0	0	5	[]	0	1
39	123457091	202	1	1	11	0	0	0	1	0	0	0	0	0	0	0	0	406	30	0	6	1	0	0	0	0	74	0	0	0	0	0	0	0	0	0	0	0	0	5	[]	0	1
40	123457091	201	2	1	11	0	0	0	1	0	0	0	0	0	0	0	0	406	33	0	6	1	0	0	0	0	74	0	0	0	0	0	0	0	0	0	0	0	0	6	[]	0	1
41	123457091	201	1	2	11	0	0	0	1	0	0	0	0	0	0	0	0	406	33	0	6	1	0	0	0	0	74	0	0	0	0	0	0	0	0	0	0	0	0	6	[]	0	1
42	123457091	200	2	2	11	0	0	0	1	0	0	0	0	0	0	0	0	406	35	0	6	1	0	0	0	0	74	0	0	0	0	0	0	0	0	0	0	0	0	7	[]	0	1
43	123457091	194	2	0	2	6	0	2	10	0	0	0	0	0	0	0	0	485	35	0	8	1	0	0	0	0	72	0	0	0	2	0	0	0	0	0	0	0	0	7	[2C]	1	1
44	123457091	193	3	0	2	6	0	2	10	0	0	0	0	0	0	0	0	485	37	0	8	1	0	0	0	0	72	0	0	0	2	0	0	0	0	0	0	0	0	8	[2C]	1	1
45	123457091	193	3	0	2	6	0	2	10	0	0	0	0	0	0	0	0	485	39	0	8	1	0	0	0	0	72	0	0	0	2	0	0	0	0	0	0	0	0	8	[2C]	1	1
46	123457091	193	3	0	2	6	0	2	10	0	0	0	0	0	0	0	0	485	40	0	8	1	0	0	0	0	72	0	0	0	2	0	0	0	0	0	0	0	0	8	[2C]	1	1
47	123457091	193	3	0	2	6	0	2	10	0	0	0	0	0	0	0	0	485	40	0	8	1	0	0	0	0	72	0	0	0	2	0	0	0	0	0	0	0	0	8	[2C]	1	1
48	123457091	193	1	2	2	6	0	2	10	0	0	0	0	0	0	0	0	485	42	0	8	1	0	0	0	0	72	0	0	0	2	0	0	0	0	0	0	0	0	8	[2C]	1	3
49	123457091	193	1	2	2	6	0	2	10	0	0	0	0	0	0	0	0	485	43	0	8	1	0	0	0	0	72	0	0	0	2	0	0	0	0	0	0	0	0	8	[2C]	1	3
50	123457091	192	2	1	3	6	0	2	10	0	0	0	0	0	0	0	0	540	45	0	8	1	0	0	0	0	72	0	0	0	2	0	0	0	0	0	0	0	0	8	[2C]	1	2
51	123457091	188	5	2	3	6	0	2	10	0	0	0	0	0	0	0	0	540	45	0	8	1	0	0	0	0	72	0	0	0	2	0	0	0	0	0	0	0	0	8	[2C]	1	3
52	123457091	182	10	3	3	6	0	2	10	0	0	0	0	0	0	0	0	540	45	0	8	1	0	0	0	0	72	0	0	0	2	0	0	0	0	0	0	0	0	9	[2C]	1	4
53	123457091	163	11	3	3	20	1	4	10	0	0	0	0	0	0	1	0	559	45	1	10	1	1	0	0	0	70	0	0	0	4	0	0	0	0	0	0	0	0	9	[2C 3A]	2	4
54	123457091	159	12	5	4	20	0	5	10	0	0	0	0	0	0	1	0	559	47	1	10	1	1	0	0	0	70	0	0	0	4	0	0	0	0	0	0	0	0	9	[2C 3A]	2	4
55	123457091	158	12	3	7	20	0	5	10	0	0	0	0	0	0	1	0	559	49	1	10	1	1	0	0	0	70	0	0	0	4	0	0	0	0	0	0	0	0	10	[2C 3A]	2	4
56	123457091	158	9	6	7	20	0	5	10	0	0	0	0	0	0	0	1	559	49	1	10	1	1	0	0	0	70	0	0	0	4	0	0	0	0	0	0	0	0	10	[2C 3A]	2	5
57	123457091	158	3	1	17	20	3	8	5	0	0	0	0	0	0	0	1	652	50	1	16	1	1	0	0	0	70	0	0	0	4	0	0	0	0	0	0	0	0	10	[3A 1C]	2	4
58	123457091	158	3	1	17	20	3	8	5	0	0	0	0	0	0	0	1	652	50	1	16	1	1	0	0	0	70	0	0	0	4	0	0	0	0	0	0	0	0	10	[3A 1C]	2	4
59	123457091	156	3	3	17	20	3	7	6	0	0	0	0	0	0	0	1	652	52	1	16	1	1	0	0	0	70	0	0	0	4	0	0	0	0	0	0	0	0	10	[3A 1C]	2	5
60	123457091	152	6	3	18	20	1	8	7	0	0	0	0	0	0	0	1	652	52	1	16	1	1	0	0	0	70	0	0	0	4	0	0	0	0	0	0	0	0	10	[3A 1C]	2	5
