day	seedRun	susceptible	exposed	infected	removed	susceptible-in-quarantine	exposed-in-quarantine	infected-in-quarantine	removed-in-quarantine	susceptible-in-quarantine-external-1	exposed-in-quarantine-external-1	infected-in-quarantine-external-1	removed-in-quarantine-external-1	susceptible-in-quarantine-external-2	exposed-in-quarantine-external-2	infected-in-quarantine-external-2	removed-in-quarantine-external-2	num-of-screened-agents	num-of-screened-agents-external-1	num-of-screened-agents-external-2	num-of-positive-agents	num-of-positive-agents-external-1	num-of-positive-agents-external-2	num-vaccinated	num-immunized	num-immunized-in-quarantine	num-immunized-in-quarantine-external-1	num-immunized-in-quarantine-external-2	num-infected-outside	classroom-in-quarantine	num-of-classroom-in-quarantine	classroom-with-at-least-one-infected
0	123456891	240	0	0	0	0	0	0	0	0	0	0	0	0	0	0	0	0	0	0	0	0	0	50	50	0	0	0	0	[]	0	0
1	123456891	228	12	0	0	0	0	0	0	0	0	0	0	0	0	0	0	0	3	0	0	0	0	50	50	0	0	0	12	[]	0	0
2	123456891	210	24	6	0	0	0	0	0	0	0	0	0	0	0	0	0	0	5	0	0	0	0	50	50	0	0	0	21	[]	0	3
3	123456891	191	39	9	1	0	0	0	0	0	0	0	0	0	0	0	0	0	5	0	0	0	0	50	50	0	0	0	30	[]	0	5
4	123456891	156	65	13	3	0	0	2	0	0	0	0	0	0	0	1	0	19	5	1	2	0	1	50	50	0	0	0	40	[]	0	6
5	123456891	118	58	17	4	15	10	13	2	0	0	0	0	0	0	2	1	57	6	3	13	0	3	50	50	0	0	0	48	[3B 3D]	2	11
6	123456891	109	48	35	5	15	7	14	4	0	0	0	0	0	0	2	1	57	6	3	13	0	3	50	50	0	0	0	57	[3B 3D]	2	11
7	123456891	97	29	42	9	23	8	23	5	0	0	0	0	0	0	3	1	76	6	4	20	0	4	50	50	0	0	0	61	[3B 3D 1D]	3	12
8	123456891	56	61	46	14	23	5	26	5	0	0	0	0	0	0	3	1	76	6	4	20	0	4	50	50	0	0	0	68	[3B 3D 1D]	3	12
9	123456891	28	63	39	10	29	9	41	16	0	0	0	0	0	0	4	1	112	9	5	35	0	5	50	50	0	0	0	73	[3B 3D 1D 3A 1B]	5	12
10	123456891	8	43	37	12	35	20	53	25	0	0	0	0	0	0	5	2	150	9	7	50	0	7	50	50	0	0	0	75	[3B 3D 1D 3A 1B 2D 1C]	7	12
11	123456891	4	37	41	18	35	10	53	35	0	0	0	0	0	0	5	2	150	10	7	50	0	7	50	50	0	0	0	75	[3B 3D 1D 3A 1B 2D 1C]	7	12
12	123456891	3	24	31	22	35	11	60	46	0	0	0	0	0	0	5	3	169	10	8	59	0	8	50	50	0	0	0	75	[3B 3D 1D 3A 1B 2D 1C 1A]	8	12
13	123456891	3	20	28	29	35	8	58	51	0	0	0	0	0	0	5	3	169	11	8	59	0	8	50	50	0	0	0	75	[3B 3D 1D 3A 1B 2D 1C 1A]	8	12
14	123456891	2	15	32	31	35	6	58	53	0	0	0	0	0	0	5	3	169	11	8	59	0	8	50	50	0	0	0	76	[3B 3D 1D 3A 1B 2D 1C 1A]	8	12
15	123456891	16	12	31	61	20	5	47	42	0	0	0	0	0	0	3	3	169	11	8	59	0	8	50	50	0	0	0	77	[1D 3A 1B 2D 1C 1A]	6	10
16	123456891	15	12	26	67	20	3	44	47	0	0	0	0	0	0	3	3	169	13	8	59	0	8	50	50	0	0	0	77	[1D 3A 1B 2D 1C 1A]	6	10
17	123456891	21	11	28	80	12	2	34	47	0	0	0	0	0	0	2	3	169	13	8	59	0	8	50	50	0	0	0	78	[3A 1B 2D 1C 1A]	5	10
18	123456891	20	11	24	85	12	1	30	52	0	0	0	0	0	0	2	3	169	15	8	59	0	8	50	50	0	0	0	79	[3A 1B 2D 1C 1A]	5	10
19	123456891	23	11	16	110	6	0	27	43	0	0	0	0	0	0	3	1	188	16	9	66	0	9	50	50	0	0	0	81	[2D 1C 1A 2C]	4	8
20	123456891	26	11	17	146	0	0	8	30	0	0	0	0	0	0	1	1	188	16	9	66	0	9	50	50	0	0	0	84	[1A 2C]	2	7
21	123456891	24	8	13	135	0	2	13	42	0	0	1	0	0	0	1	1	207	18	9	71	1	9	50	50	0	0	0	86	[1A 2C 2B]	3	8
22	123456891	21	9	7	157	0	1	14	27	0	0	2	0	0	0	1	1	245	19	10	75	2	10	50	50	0	0	0	88	[2C 2B]	2	8
23	123456891	19	10	7	158	0	1	11	30	0	0	2	0	0	0	1	1	245	20	10	75	2	10	50	50	0	0	0	89	[2C 2B]	2	8
24	123456891	17	7	6	159	0	1	11	33	0	0	2	0	0	0	3	1	283	21	12	78	2	12	50	50	0	0	0	89	[2C 2B]	2	10
25	123456891	16	6	7	160	0	0	11	34	0	0	2	0	0	0	3	1	283	21	12	78	2	12	50	50	0	0	0	90	[2C 2B]	2	10
26	123456891	15	6	8	160	0	0	9	36	0	0	2	0	0	0	3	1	283	23	12	78	2	12	50	50	0	0	0	90	[2C 2B]	2	10
27	123456891	14	4	9	146	0	0	9	52	0	0	1	1	0	0	2	2	317	25	12	79	2	12	50	50	0	0	0	91	[2C 2B 2A]	3	10
28	123456891	14	3	8	148	0	0	7	54	0	0	1	1	0	0	2	2	317	26	12	79	2	12	50	50	0	0	0	91	[2C 2B 2A]	3	10
29	123456891	11	5	7	168	0	0	6	38	0	0	1	1	0	0	2	1	352	29	12	81	2	12	50	50	0	0	0	91	[2B 2A]	2	9
30	123456891	11	3	9	168	0	0	2	42	0	0	1	1	0	0	2	1	352	31	12	81	2	12	50	50	0	0	0	91	[2B 2A]	2	7
31	123456891	11	3	9	188	0	0	2	23	0	0	1	0	0	0	2	1	352	36	12	81	2	12	50	50	0	0	0	91	[2A]	1	7
32	123456891	11	1	8	193	0	0	2	22	0	0	1	0	0	0	1	1	352	40	12	81	2	12	50	50	0	0	0	91	[2A]	1	5
33	123456891	10	2	7	194	0	0	1	23	0	0	1	0	0	0	1	1	352	42	12	81	2	12	50	50	0	0	0	92	[2A]	1	5
34	123456891	10	2	1	200	0	0	3	21	0	0	2	0	0	0	1	0	390	44	13	84	3	13	50	50	0	0	0	92	[2A]	1	4
35	123456891	10	1	2	200	0	0	3	21	0	0	1	1	0	0	0	1	390	46	13	84	3	13	50	50	0	0	0	92	[2A]	1	3
36	123456891	10	0	3	200	0	0	3	21	0	0	0	2	0	0	0	1	390	49	13	84	3	13	50	50	0	0	0	92	[2A]	1	4
37	123456891	10	0	2	221	0	0	3	2	0	0	0	1	0	0	0	1	390	49	13	84	3	13	50	50	0	0	0	92	[]	0	3
38	123456891	10	0	1	222	0	0	2	3	0	0	0	1	0	0	0	1	390	49	13	84	3	13	50	50	0	0	0	92	[]	0	2
39	123456891	7	3	0	225	0	0	2	1	0	0	0	1	0	0	0	1	425	50	13	84	3	13	50	50	0	0	0	95	[]	0	1
40	123456891	7	3	0	225	0	0	2	1	0	0	0	1	0	0	0	1	425	52	13	84	3	13	50	50	0	0	0	95	[]	0	1
41	123456891	6	3	1	225	0	0	1	2	0	0	0	1	0	0	0	1	425	53	13	84	3	13	50	50	0	0	0	96	[]	0	2
42	123456891	5	4	1	225	0	0	1	2	0	0	0	1	0	0	0	1	425	55	13	84	3	13	50	50	0	0	0	97	[]	0	2
43	123456891	5	3	2	225	0	0	1	2	0	0	0	1	0	0	0	1	425	55	13	84	3	13	50	50	0	0	0	97	[]	0	3
44	123456891	5	3	2	230	0	0	0	0	0	0	0	0	0	0	0	0	425	58	13	84	3	13	50	50	0	0	0	97	[]	0	2
45	123456891	5	3	2	230	0	0	0	0	0	0	0	0	0	0	0	0	425	61	13	84	3	13	50	50	0	0	0	97	[]	0	2
46	123456891	4	3	3	230	0	0	0	0	0	0	0	0	0	0	0	0	425	61	13	84	3	13	50	50	0	0	0	97	[]	0	2
47	123456891	3	4	3	230	0	0	0	0	0	0	0	0	0	0	0	0	425	64	13	84	3	13	50	50	0	0	0	98	[]	0	2
48	123456891	3	3	3	231	0	0	0	0	0	0	0	0	0	0	0	0	425	66	13	84	3	13	50	50	0	0	0	98	[]	0	2
49	123456891	3	3	3	231	0	0	0	0	0	0	0	0	0	0	0	0	425	68	13	84	3	13	50	50	0	0	0	98	[]	0	2
50	123456891	3	0	6	231	0	0	0	0	0	0	0	0	0	0	0	0	425	69	13	84	3	13	50	50	0	0	0	98	[]	0	2
51	123456891	2	1	3	231	0	0	2	0	0	0	0	0	0	0	1	0	444	71	14	86	3	14	50	50	0	0	0	99	[]	0	2
52	123456891	2	1	2	232	0	0	2	0	0	0	0	0	0	0	1	0	444	73	14	86	3	14	50	50	0	0	0	99	[]	0	2
53	123456891	2	1	1	233	0	0	2	0	0	0	0	0	0	0	1	0	444	75	14	86	3	14	50	50	0	0	0	99	[]	0	2
54	123456891	2	1	0	234	0	0	2	0	0	0	0	0	0	0	1	0	444	77	14	86	3	14	50	50	0	0	0	99	[]	0	1
55	123456891	2	0	1	234	0	0	2	0	0	0	0	0	0	0	1	0	444	78	14	86	3	14	50	50	0	0	0	99	[]	0	1
56	123456891	1	1	1	234	0	0	2	0	0	0	0	0	0	0	1	0	444	79	14	86	3	14	50	50	0	0	0	100	[]	0	1
57	123456891	1	1	1	234	0	0	2	0	0	0	0	0	0	0	1	0	444	84	14	86	3	14	50	50	0	0	0	100	[]	0	1
58	123456891	1	1	0	235	0	0	2	0	0	0	0	0	0	0	1	0	444	85	14	86	3	14	50	50	0	0	0	100	[]	0	1
59	123456891	1	1	0	235	0	0	2	0	0	0	0	0	0	0	0	1	444	87	14	86	3	14	50	50	0	0	0	100	[]	0	1
60	123456891	1	0	1	235	0	0	2	0	0	0	0	0	0	0	0	1	444	88	14	86	3	14	50	50	0	0	0	100	[]	0	2
