day	seedRun	susceptible	exposed	infected	removed	susceptible-in-quarantine	exposed-in-quarantine	infected-in-quarantine	removed-in-quarantine	susceptible-in-quarantine-external-1	exposed-in-quarantine-external-1	infected-in-quarantine-external-1	removed-in-quarantine-external-1	susceptible-in-quarantine-external-2	exposed-in-quarantine-external-2	infected-in-quarantine-external-2	removed-in-quarantine-external-2	num-of-screened-agents	num-of-screened-agents-external-1	num-of-screened-agents-external-2	num-of-positive-agents	num-of-positive-agents-external-1	num-of-positive-agents-external-2	num-vaccinated	num-immunized	num-immunized-in-quarantine	num-immunized-in-quarantine-external-1	num-immunized-in-quarantine-external-2	num-infected-outside	classroom-in-quarantine	num-of-classroom-in-quarantine	classroom-with-at-least-one-infected
0	123457106	240	0	0	0	0	0	0	0	0	0	0	0	0	0	0	0	0	0	0	0	0	0	50	50	0	0	0	0	[]	0	0
1	123457106	223	17	0	0	0	0	0	0	0	0	0	0	0	0	0	0	0	1	0	0	0	0	50	50	0	0	0	17	[]	0	0
2	123457106	200	35	5	0	0	0	0	0	0	0	0	0	0	0	0	0	0	1	0	0	0	0	50	50	0	0	0	30	[]	0	4
3	123457106	178	51	11	0	0	0	0	0	0	0	0	0	0	0	0	0	0	2	0	0	0	0	50	50	0	0	0	41	[]	0	6
4	123457106	137	73	22	3	0	0	3	0	0	0	0	0	0	0	2	0	38	2	2	3	0	2	50	50	0	0	0	49	[]	0	12
5	123457106	103	92	32	8	0	0	3	0	0	0	0	0	0	0	2	0	38	2	2	3	0	2	50	50	0	0	0	58	[]	0	10
6	123457106	85	50	50	10	14	11	13	3	0	0	0	0	0	0	3	1	76	2	4	14	0	4	50	50	0	0	0	62	[1D 2C]	2	12
7	123457106	76	41	40	15	15	11	30	6	0	0	0	0	0	0	5	1	114	4	6	28	0	6	50	50	0	0	0	70	[1D 2C 3B]	3	12
8	123457106	45	61	46	20	15	9	23	15	0	0	0	0	0	0	4	2	114	7	6	28	0	6	50	50	0	0	0	78	[1D 2C 3B]	3	12
9	123457106	29	42	44	22	21	24	29	23	0	0	0	0	0	0	4	2	149	8	6	36	0	6	50	50	0	0	0	82	[1D 2C 3B 1A 2B]	5	12
10	123457106	19	41	49	27	21	13	35	28	0	0	0	0	0	0	4	3	165	9	7	36	0	7	50	50	0	0	0	85	[1D 2C 3B 1A 2B]	5	12
11	123457106	15	32	44	25	21	10	45	40	0	0	0	0	0	0	5	3	184	9	8	45	0	8	50	50	0	0	0	86	[1D 2C 3B 1A 2B 1C]	6	12
12	123457106	4	19	36	21	29	14	53	55	0	0	1	0	0	0	5	3	219	10	8	58	1	8	50	50	0	0	0	87	[1D 2C 3B 1A 2B 1C 3A 1B]	8	12
13	123457106	2	5	16	17	30	20	65	74	0	0	1	1	0	0	6	3	257	11	9	74	2	9	50	50	0	0	0	88	[1D 2C 3B 1A 2B 1C 3A 1B 2A 3C]	10	12
14	123457106	2	2	6	10	30	15	72	91	0	0	1	1	0	0	7	3	276	11	10	84	2	10	50	50	0	0	0	88	[1D 2C 3B 1A 2B 1C 3A 1B 2A 3C 3D]	11	12
15	123457106	1	3	4	12	30	10	69	99	0	0	1	1	0	0	7	3	276	11	10	84	2	10	50	50	0	0	0	89	[1D 2C 3B 1A 2B 1C 3A 1B 2A 3C 3D]	11	12
16	123457106	15	2	4	39	16	6	62	86	0	0	1	1	0	0	5	3	276	12	10	84	2	10	50	50	0	0	0	89	[3B 1A 2B 1C 3A 1B 2A 3C 3D]	9	10
17	123457106	16	2	4	58	15	4	54	78	0	0	1	1	0	0	4	3	276	12	10	84	2	10	50	50	0	0	0	89	[1A 2B 1C 3A 1B 2A 3C 3D]	8	9
18	123457106	15	3	3	59	15	2	51	83	0	0	1	1	0	0	4	3	276	12	10	84	2	10	50	50	0	0	0	90	[1A 2B 1C 3A 1B 2A 3C 3D]	8	9
19	123457106	19	4	4	93	9	2	34	68	0	0	0	2	0	0	3	2	276	12	10	84	2	10	50	50	0	0	0	90	[1C 3A 1B 2A 3C 3D]	6	8
20	123457106	19	2	3	94	9	1	30	74	0	0	0	2	0	0	4	2	295	13	11	85	2	11	50	50	0	0	0	90	[1C 3A 1B 2A 3C 3D]	6	8
21	123457106	17	3	3	115	9	0	25	61	0	0	0	2	0	0	3	2	295	13	11	85	2	11	50	50	0	0	0	92	[3A 1B 2A 3C 3D]	5	7
22	123457106	25	2	4	147	1	0	12	45	0	0	0	1	0	0	1	2	295	13	11	85	2	11	50	50	0	0	0	92	[2A 3C 3D]	3	6
23	123457106	26	2	3	187	0	0	2	18	0	0	0	0	0	0	1	1	295	13	11	85	2	11	50	50	0	0	0	92	[3D]	1	3
24	123457106	25	2	3	208	0	0	0	1	0	0	0	0	0	0	1	0	295	14	11	85	2	11	50	50	0	0	0	93	[]	0	3
25	123457106	21	5	4	208	0	0	0	1	0	0	0	0	0	0	1	0	313	18	11	85	2	11	50	50	0	0	0	97	[]	0	4
26	123457106	20	5	5	208	0	0	0	1	0	0	0	0	0	0	1	0	313	19	11	85	2	11	50	50	0	0	0	98	[]	0	4
27	123457106	19	6	4	209	0	0	0	1	0	0	0	0	0	0	0	1	313	21	11	85	2	11	50	50	0	0	0	99	[]	0	3
28	123457106	16	7	6	209	0	0	0	1	0	0	0	0	0	0	0	1	313	25	11	85	2	11	50	50	0	0	0	102	[]	0	3
29	123457106	16	5	8	209	0	0	0	1	0	0	0	0	0	0	0	1	313	27	11	85	2	11	50	50	0	0	0	102	[]	0	4
30	123457106	13	7	6	214	0	0	0	0	0	0	0	0	0	0	0	0	313	29	11	85	2	11	50	50	0	0	0	102	[]	0	3
31	123457106	10	8	8	214	0	0	0	0	0	0	0	0	0	0	0	0	313	30	11	85	2	11	50	50	0	0	0	104	[]	0	5
32	123457106	10	6	6	215	0	0	2	0	0	0	0	0	0	0	1	0	332	31	12	87	2	12	50	50	0	0	0	104	[]	0	5
33	123457106	10	6	6	215	0	0	2	0	0	0	0	0	0	0	1	0	332	33	12	87	2	12	50	50	0	0	0	104	[]	0	5
34	123457106	8	7	6	216	0	0	1	1	0	0	0	0	0	0	0	1	332	35	12	87	2	12	50	50	0	0	0	106	[]	0	5
35	123457106	8	6	7	216	0	0	1	1	0	0	0	0	0	0	0	1	332	37	12	87	2	12	50	50	0	0	0	106	[]	0	6
36	123457106	6	7	8	216	0	0	1	1	0	0	0	0	0	0	0	1	332	37	12	87	2	12	50	50	0	0	0	107	[]	0	6
37	123457106	5	6	9	216	0	0	1	2	0	0	0	0	0	0	0	1	349	40	12	88	2	12	50	50	0	0	0	107	[]	0	6
38	123457106	2	7	6	219	0	0	2	2	0	0	0	0	0	0	1	1	368	43	13	89	2	13	50	50	0	0	0	109	[]	0	7
39	123457106	2	6	5	221	0	0	2	2	0	0	0	0	0	0	0	2	368	45	13	89	2	13	50	50	0	0	0	109	[]	0	5
40	123457106	2	4	5	223	0	0	2	2	0	0	0	0	0	0	0	2	368	46	13	89	2	13	50	50	0	0	0	109	[]	0	6
41	123457106	2	1	5	209	0	0	2	2	0	0	0	0	0	1	2	16	387	49	15	89	2	15	50	50	0	0	0	109	[1D]	1	6
42	123457106	2	1	4	209	0	0	2	2	0	0	0	0	0	1	3	16	404	50	16	89	2	16	50	50	0	0	0	109	[1D]	1	6
43	123457106	2	1	3	209	0	0	2	2	0	0	0	0	0	1	3	17	440	50	17	89	2	17	50	50	0	0	0	109	[1D]	1	6
44	123457106	2	1	3	209	0	0	1	3	0	0	0	0	0	0	4	17	440	50	17	89	2	17	50	50	0	0	0	109	[1D]	1	6
45	123457106	1	1	4	209	0	0	1	3	0	0	0	0	0	0	3	18	440	51	17	89	2	17	50	50	0	0	0	109	[1D]	1	6
46	123457106	0	2	1	210	0	0	2	3	0	0	0	0	0	0	4	18	478	52	18	90	2	18	50	50	0	0	0	109	[1D]	1	5
47	123457106	0	2	1	210	0	0	1	4	0	0	0	0	0	0	2	20	478	53	18	90	2	18	50	50	0	0	0	109	[1D]	1	3
48	123457106	0	1	1	212	0	0	0	4	0	0	0	0	0	0	3	19	514	56	19	90	2	19	50	50	0	0	0	109	[1D]	1	3
49	123457106	0	1	1	212	0	0	0	4	0	0	0	0	0	0	2	20	514	56	19	90	2	19	50	50	0	0	0	109	[1D]	1	3
50	123457106	0	1	1	212	0	0	0	4	0	0	0	0	0	0	2	20	514	57	19	90	2	19	50	50	0	0	0	109	[1D]	1	3
51	123457106	0	1	1	233	0	0	0	1	0	0	0	0	0	0	1	3	531	61	19	90	2	19	50	50	0	0	0	109	[]	0	2
52	123457106	0	0	2	234	0	0	0	1	0	0	0	0	0	0	1	2	531	61	19	90	2	19	50	50	0	0	0	109	[]	0	2
53	123457106	0	0	2	235	0	0	0	1	0	0	0	0	0	0	1	1	531	64	19	90	2	19	50	50	0	0	0	109	[]	0	2
54	123457106	0	0	2	235	0	0	0	1	0	0	0	0	0	0	1	1	531	66	19	90	2	19	50	50	0	0	0	109	[]	0	2
55	123457106	0	0	0	235	0	0	1	1	0	0	0	0	0	0	2	1	550	67	20	91	2	20	50	50	0	0	0	109	[]	0	2
56	123457106	0	0	0	237	0	0	1	0	0	0	0	0	0	0	1	1	550	70	20	91	2	20	50	50	0	0	0	109	[]	0	1
57	123457106	0	0	0	237	0	0	1	0	0	0	0	0	0	0	1	1	550	73	20	91	2	20	50	50	0	0	0	109	[]	0	1
58	123457106	0	0	0	238	0	0	1	0	0	0	0	0	0	0	1	0	550	74	20	91	2	20	50	50	0	0	0	109	[]	0	1
59	123457106	0	0	0	238	0	0	1	0	0	0	0	0	0	0	1	0	550	76	20	91	2	20	50	50	0	0	0	109	[]	0	1
60	123457106	0	0	0	238	0	0	1	0	0	0	0	0	0	0	0	1	568	79	20	91	2	20	50	50	0	0	0	109	[]	0	1
