day	seedRun	susceptible	exposed	infected	removed	susceptible-in-quarantine	exposed-in-quarantine	infected-in-quarantine	removed-in-quarantine	susceptible-in-quarantine-external-1	exposed-in-quarantine-external-1	infected-in-quarantine-external-1	removed-in-quarantine-external-1	susceptible-in-quarantine-external-2	exposed-in-quarantine-external-2	infected-in-quarantine-external-2	removed-in-quarantine-external-2	num-of-screened-agents	num-of-screened-agents-external-1	num-of-screened-agents-external-2	num-of-positive-agents	num-of-positive-agents-external-1	num-of-positive-agents-external-2	num-vaccinated	num-immunized	num-immunized-in-quarantine	num-immunized-in-quarantine-external-1	num-immunized-in-quarantine-external-2	num-infected-outside	classroom-in-quarantine	num-of-classroom-in-quarantine	classroom-with-at-least-one-infected
0	123457099	240	0	0	0	0	0	0	0	0	0	0	0	0	0	0	0	0	0	0	0	0	0	50	50	0	0	0	0	[]	0	0
1	123457099	229	11	0	0	0	0	0	0	0	0	0	0	0	0	0	0	0	1	0	0	0	0	50	50	0	0	0	11	[]	0	0
2	123457099	212	27	1	0	0	0	0	0	0	0	0	0	0	0	0	0	0	1	0	0	0	0	50	50	0	0	0	24	[]	0	1
3	123457099	179	53	8	0	0	0	0	0	0	0	0	0	0	0	0	0	0	2	0	0	0	0	50	50	0	0	0	40	[]	0	6
4	123457099	146	74	20	0	0	0	0	0	0	0	0	0	0	0	0	0	0	3	0	0	0	0	50	50	0	0	0	47	[]	0	9
5	123457099	108	95	31	2	0	0	3	0	0	0	0	0	0	0	1	0	19	3	1	3	0	1	50	50	0	0	0	58	[]	0	10
6	123457099	96	56	41	3	5	20	13	3	0	0	1	0	0	0	2	0	57	5	2	13	1	2	50	50	0	0	0	65	[2D 3A]	2	12
7	123457099	76	29	42	9	22	22	29	6	0	0	2	0	0	0	3	0	95	6	3	24	2	3	50	50	0	0	0	68	[2D 3A 1B 2A]	4	12
8	123457099	57	30	30	11	29	20	39	16	0	0	1	1	0	0	6	0	152	6	6	36	2	6	50	50	0	0	0	70	[2D 3A 1B 2A 3B]	5	12
9	123457099	38	20	19	14	34	19	43	27	0	0	1	1	10	2	12	0	190	6	9	43	2	9	50	50	0	0	0	70	[2D 3A 1B 2A 3B 3C 1C]	7	12
10	123457099	30	22	20	19	34	13	43	33	0	0	1	1	10	0	13	1	190	6	9	43	2	9	50	50	0	0	0	73	[2D 3A 1B 2A 3B 3C 1C]	7	12
11	123457099	26	24	19	22	34	8	39	42	0	0	1	1	10	0	11	3	190	6	9	43	2	9	50	50	0	0	0	76	[2D 3A 1B 2A 3B 3C 1C]	7	12
12	123457099	24	17	24	26	34	8	33	48	0	0	1	1	10	0	9	5	190	7	9	43	2	9	50	50	0	0	0	76	[2D 3A 1B 2A 3B 3C 1C]	7	12
13	123457099	14	12	22	27	43	6	37	53	0	0	1	1	10	0	8	6	222	7	9	46	2	9	50	50	0	0	0	77	[2D 3A 1B 2A 3B 3C 1C 2B]	8	12
14	123457099	7	2	5	2	48	8	52	88	0	0	1	1	10	0	7	9	279	7	11	63	2	11	50	50	0	0	0	79	[2D 3A 1B 2A 3B 3C 1C 2B 2C 3D 1D]	11	12
15	123457099	7	2	5	2	48	7	48	93	0	0	1	1	10	0	6	10	279	7	11	63	2	11	50	50	0	0	0	79	[2D 3A 1B 2A 3B 3C 1C 2B 2C 3D 1D]	11	12
16	123457099	12	2	4	38	43	4	41	70	0	0	1	0	10	0	5	10	279	7	11	63	2	11	50	50	0	0	0	79	[1B 2A 3B 3C 1C 2B 2C 3D 1D]	9	10
17	123457099	21	1	0	58	26	2	31	61	7	1	5	3	10	0	3	11	279	11	11	63	3	11	50	50	0	0	0	80	[3B 3C 1C 2B 2C 3D 1D 1A]	8	8
18	123457099	26	3	0	71	19	0	25	57	7	1	4	4	10	0	3	10	279	13	11	63	3	11	50	50	0	0	0	82	[3C 1C 2B 2C 3D 1D 1A]	7	7
19	123457099	38	5	1	96	14	0	13	52	7	1	4	4	0	0	1	4	279	14	11	63	3	11	50	50	0	0	0	85	[2B 2C 3D 1D 1A]	5	5
20	123457099	37	3	3	96	14	0	11	54	7	1	3	5	0	0	2	4	298	14	12	63	3	12	50	50	0	0	0	86	[2B 2C 3D 1D 1A]	5	8
21	123457099	37	2	3	97	14	0	10	55	7	1	3	5	0	0	2	4	298	16	12	63	3	12	50	50	0	0	0	86	[2B 2C 3D 1D 1A]	5	7
22	123457099	33	5	3	98	14	0	10	55	7	1	2	6	0	0	2	4	298	16	12	63	3	12	50	50	0	0	0	90	[2B 2C 3D 1D 1A]	5	8
23	123457099	40	6	4	109	5	0	10	45	7	0	3	6	0	0	2	3	298	16	12	63	3	12	50	50	0	0	0	91	[2C 3D 1D 1A]	4	9
24	123457099	41	8	6	164	0	0	0	3	7	0	3	6	0	0	1	1	298	16	12	63	3	12	50	50	0	0	0	92	[1A]	1	6
25	123457099	38	8	4	166	0	0	2	3	7	0	4	6	0	0	0	2	336	19	12	65	4	12	50	50	0	0	0	93	[1A]	1	6
26	123457099	35	10	4	166	0	0	2	3	7	0	2	8	0	0	1	2	355	20	13	65	4	13	50	50	0	0	0	96	[1A]	1	6
27	123457099	38	12	6	179	0	0	2	0	0	0	1	0	0	0	1	1	355	24	13	65	4	13	50	50	0	0	0	100	[]	0	6
28	123457099	33	15	7	180	0	0	2	0	0	0	1	0	0	0	1	1	355	26	13	65	4	13	50	50	0	0	0	105	[]	0	5
29	123457099	29	14	11	181	0	0	2	0	0	0	1	0	0	0	1	1	355	29	13	65	4	13	50	50	0	0	0	105	[]	0	6
30	123457099	26	14	12	183	0	0	2	1	0	0	1	0	0	0	1	0	373	32	13	66	4	13	50	50	0	0	0	107	[]	0	7
31	123457099	25	11	10	187	0	0	4	1	0	0	1	0	0	0	1	0	392	33	13	68	4	13	50	50	0	0	0	107	[]	0	9
32	123457099	21	12	11	189	0	0	3	2	0	0	1	0	0	0	1	0	392	35	13	68	4	13	50	50	0	0	0	109	[]	0	8
33	123457099	21	8	13	191	0	0	3	2	0	0	1	0	0	0	1	0	392	36	13	68	4	13	50	50	0	0	0	109	[]	0	8
34	123457099	20	7	12	194	0	0	2	3	0	0	1	0	0	0	1	0	392	39	13	68	4	13	50	50	0	0	0	110	[]	0	8
35	123457099	18	8	3	200	0	0	5	2	0	0	1	0	0	0	3	0	449	41	15	72	5	15	50	50	0	0	0	112	[]	0	6
36	123457099	16	9	4	201	0	0	4	3	0	0	1	0	0	0	1	1	449	42	15	72	5	15	50	50	0	0	0	114	[]	0	6
37	123457099	16	7	5	202	0	0	4	3	0	0	1	0	0	0	1	1	449	45	15	72	5	15	50	50	0	0	0	114	[]	0	7
38	123457099	16	6	4	204	0	0	4	3	0	0	1	0	0	0	1	1	449	48	15	72	5	15	50	50	0	0	0	114	[]	0	5
39	123457099	15	4	6	205	0	0	3	4	0	0	0	1	0	0	1	1	449	51	15	72	5	15	50	50	0	0	0	114	[]	0	7
40	123457099	13	6	5	207	0	0	3	3	0	0	0	1	0	0	0	2	502	53	15	72	5	15	50	50	0	0	0	114	[]	0	6
41	123457099	12	6	6	209	0	0	3	1	0	0	0	1	0	0	0	2	502	54	15	72	5	15	50	50	0	0	0	115	[]	0	6
42	123457099	11	6	4	212	0	0	3	1	0	0	0	1	0	0	0	2	502	57	15	72	5	15	50	50	0	0	0	116	[]	0	6
43	123457099	11	6	3	213	0	0	3	1	0	0	0	1	0	0	0	2	502	60	15	72	5	15	50	50	0	0	0	116	[]	0	5
44	123457099	11	4	4	214	0	0	3	1	0	0	0	1	0	0	0	2	502	62	15	72	5	15	50	50	0	0	0	116	[]	0	5
45	123457099	9	3	6	222	0	0	0	0	0	0	0	0	0	0	0	0	502	62	15	72	5	15	50	50	0	0	0	118	[]	0	4
46	123457099	7	4	6	223	0	0	0	0	0	0	0	0	0	0	0	0	502	64	15	72	5	15	50	50	0	0	0	119	[]	0	4
47	123457099	6	4	5	223	0	0	1	0	0	0	0	0	0	0	1	0	521	66	16	73	5	16	50	50	0	0	0	119	[]	0	4
48	123457099	6	4	4	224	0	0	1	0	0	0	0	0	0	0	0	1	521	67	16	73	5	16	50	50	0	0	0	119	[]	0	4
49	123457099	6	3	3	226	0	0	1	0	0	0	0	0	0	0	0	1	521	71	16	73	5	16	50	50	0	0	0	119	[]	0	3
50	123457099	5	2	4	227	0	0	0	1	0	0	0	0	0	0	0	1	521	76	16	73	5	16	50	50	0	0	0	120	[]	0	3
51	123457099	4	2	4	228	0	0	0	1	0	0	0	0	0	0	0	1	521	78	16	73	5	16	50	50	0	0	0	120	[]	0	2
52	123457099	4	1	2	228	0	0	2	1	0	0	1	0	0	0	0	1	540	82	16	75	6	16	50	50	0	0	0	120	[]	0	2
53	123457099	4	1	2	228	0	0	2	1	0	0	1	0	0	0	0	1	540	83	16	75	6	16	50	50	0	0	0	120	[]	0	2
54	123457099	4	0	3	228	0	0	1	2	0	0	0	1	0	0	0	1	540	83	16	75	6	16	50	50	0	0	0	120	[]	0	2
55	123457099	4	0	3	228	0	0	1	2	0	0	0	1	0	0	0	1	540	87	16	75	6	16	50	50	0	0	0	120	[]	0	2
56	123457099	4	0	3	228	0	0	1	2	0	0	0	1	0	0	0	1	540	87	16	75	6	16	50	50	0	0	0	120	[]	0	2
57	123457099	4	0	0	231	0	0	2	1	0	0	0	1	0	0	1	0	576	89	17	76	6	17	50	50	0	0	0	120	[]	0	2
58	123457099	3	1	0	231	0	0	2	1	0	0	0	1	0	0	1	0	576	89	17	76	6	17	50	50	0	0	0	121	[]	0	2
59	123457099	3	0	1	231	0	0	2	1	0	0	0	1	0	0	1	0	576	90	17	76	6	17	50	50	0	0	0	121	[]	0	3
60	123457099	3	0	1	231	0	0	1	2	0	0	0	1	0	0	1	0	576	92	17	76	6	17	50	50	0	0	0	121	[]	0	3
