day	seedRun	susceptible	exposed	infected	removed	susceptible-in-quarantine	exposed-in-quarantine	infected-in-quarantine	removed-in-quarantine	susceptible-in-quarantine-external-1	exposed-in-quarantine-external-1	infected-in-quarantine-external-1	removed-in-quarantine-external-1	susceptible-in-quarantine-external-2	exposed-in-quarantine-external-2	infected-in-quarantine-external-2	removed-in-quarantine-external-2	num-of-screened-agents	num-of-screened-agents-external-1	num-of-screened-agents-external-2	num-of-positive-agents	num-of-positive-agents-external-1	num-of-positive-agents-external-2	num-vaccinated-susceptible	num-vaccinated-exposed	num-vaccinated-infected	num-vaccinated-removed	num-vaccinated-susceptible-in-quarantine	num-vaccinated-exposed-in-quarantine	num-vaccinated-infected-in-quarantine	num-vaccinated-removed-in-quarantine	num-vaccinated-susceptible-in-quarantine-external-1	num-vaccinated-exposed-in-quarantine-external-1	num-vaccinated-infected-in-quarantine-external-1	num-vaccinated-removed-in-quarantine-external-1	num-vaccinated-susceptible-in-quarantine-external-2	num-vaccinated-exposed-in-quarantine-external-2	num-vaccinated-infected-in-quarantine-external-2	num-vaccinated-removed-in-quarantine-external-2	num-infected-outside	classroom-in-quarantine	num-of-classroom-in-quarantine	classroom-with-at-least-one-infected
0	123456933	144	0	0	0	0	0	0	0	0	0	0	0	0	0	0	0	0	0	0	0	0	0	146	0	0	0	0	0	0	0	0	0	0	0	0	0	0	0	0	[]	0	0
1	123456933	144	0	0	0	0	0	0	0	0	0	0	0	0	0	0	0	0	0	0	0	0	0	146	0	0	0	0	0	0	0	0	0	0	0	0	0	0	0	0	[]	0	0
2	123456933	144	0	0	0	0	0	0	0	0	0	0	0	0	0	0	0	0	0	0	0	0	0	146	0	0	0	0	0	0	0	0	0	0	0	0	0	0	0	0	[]	0	0
3	123456933	144	0	0	0	0	0	0	0	0	0	0	0	0	0	0	0	0	2	0	0	0	0	146	0	0	0	0	0	0	0	0	0	0	0	0	0	0	0	0	[]	0	0
4	123456933	144	0	0	0	0	0	0	0	0	0	0	0	0	0	0	0	0	2	0	0	0	0	146	0	0	0	0	0	0	0	0	0	0	0	0	0	0	0	0	[]	0	0
5	123456933	144	0	0	0	0	0	0	0	0	0	0	0	0	0	0	0	0	2	0	0	0	0	146	0	0	0	0	0	0	0	0	0	0	0	0	0	0	0	0	[]	0	0
6	123456933	144	0	0	0	0	0	0	0	0	0	0	0	0	0	0	0	0	5	0	0	0	0	146	0	0	0	0	0	0	0	0	0	0	0	0	0	0	0	0	[]	0	0
7	123456933	144	0	0	0	0	0	0	0	0	0	0	0	0	0	0	0	0	5	0	0	0	0	146	0	0	0	0	0	0	0	0	0	0	0	0	0	0	0	0	[]	0	0
8	123456933	144	0	0	0	0	0	0	0	0	0	0	0	0	0	0	0	0	5	0	0	0	0	146	0	0	0	0	0	0	0	0	0	0	0	0	0	0	0	0	[]	0	0
9	123456933	144	0	0	0	0	0	0	0	0	0	0	0	0	0	0	0	0	5	0	0	0	0	146	0	0	0	0	0	0	0	0	0	0	0	0	0	0	0	0	[]	0	0
10	123456933	144	0	0	0	0	0	0	0	0	0	0	0	0	0	0	0	0	5	0	0	0	0	146	0	0	0	0	0	0	0	0	0	0	0	0	0	0	0	0	[]	0	0
11	123456933	144	0	0	0	0	0	0	0	0	0	0	0	0	0	0	0	0	5	0	0	0	0	146	0	0	0	0	0	0	0	0	0	0	0	0	0	0	0	0	[]	0	0
12	123456933	143	1	0	0	0	0	0	0	0	0	0	0	0	0	0	0	0	6	0	0	0	0	146	0	0	0	0	0	0	0	0	0	0	0	0	0	0	0	1	[]	0	0
13	123456933	143	1	0	0	0	0	0	0	0	0	0	0	0	0	0	0	0	8	0	0	0	0	146	0	0	0	0	0	0	0	0	0	0	0	0	0	0	0	1	[]	0	0
14	123456933	143	0	1	0	0	0	0	0	0	0	0	0	0	0	0	0	0	10	0	0	0	0	146	0	0	0	0	0	0	0	0	0	0	0	0	0	0	0	1	[]	0	1
15	123456933	141	2	1	0	0	0	0	0	0	0	0	0	0	0	0	0	0	10	0	0	0	0	146	0	0	0	0	0	0	0	0	0	0	0	0	0	0	0	1	[]	0	1
16	123456933	141	2	1	0	0	0	0	0	0	0	0	0	0	0	0	0	0	10	0	0	0	0	146	0	0	0	0	0	0	0	0	0	0	0	0	0	0	0	1	[]	0	1
17	123456933	140	2	2	0	0	0	0	0	0	0	0	0	0	0	0	0	0	10	0	0	0	0	144	2	0	0	0	0	0	0	0	0	0	0	0	0	0	0	2	[]	0	1
18	123456933	136	4	4	0	0	0	0	0	0	0	0	0	0	0	0	0	0	12	0	0	0	0	143	2	1	0	0	0	0	0	0	0	0	0	0	0	0	0	3	[]	0	2
19	123456933	131	7	6	0	0	0	0	0	0	0	0	0	0	0	0	0	0	14	0	0	0	0	140	4	1	1	0	0	0	0	0	0	0	0	0	0	0	0	4	[]	0	3
20	123456933	131	5	7	1	0	0	0	0	0	0	0	0	0	0	0	0	0	15	0	0	0	0	140	3	2	1	0	0	0	0	0	0	0	0	0	0	0	0	4	[]	0	3
21	123456933	131	5	6	2	0	0	0	0	0	0	0	0	0	0	0	0	0	15	0	0	0	0	140	3	2	1	0	0	0	0	0	0	0	0	0	0	0	0	4	[]	0	3
22	123456933	124	10	8	2	0	0	0	0	0	0	0	0	0	0	0	0	0	16	0	0	0	0	140	3	2	1	0	0	0	0	0	0	0	0	0	0	0	0	4	[]	0	4
23	123456933	120	11	10	3	0	0	0	0	0	0	0	0	0	0	0	0	0	17	0	0	0	0	138	4	3	1	0	0	0	0	0	0	0	0	0	0	0	0	4	[]	0	4
24	123456933	115	11	12	6	0	0	0	0	0	0	0	0	0	0	0	0	0	18	0	0	0	0	136	5	3	2	0	0	0	0	0	0	0	0	0	0	0	0	4	[]	0	4
25	123456933	107	15	15	7	0	0	0	0	0	0	0	0	0	0	0	0	0	18	0	0	0	0	135	5	4	2	0	0	0	0	0	0	0	0	0	0	0	0	4	[]	0	4
26	123456933	103	15	18	8	0	0	0	0	0	0	0	0	0	0	0	0	0	18	0	0	0	0	134	4	6	2	0	0	0	0	0	0	0	0	0	0	0	0	4	[]	0	5
27	123456933	103	13	17	11	0	0	0	0	0	0	0	0	0	0	0	0	0	18	0	0	0	0	134	2	7	3	0	0	0	0	0	0	0	0	0	0	0	0	4	[]	0	5
28	123456933	102	10	18	14	0	0	0	0	0	0	0	0	0	0	0	0	0	20	0	0	0	0	134	1	8	3	0	0	0	0	0	0	0	0	0	0	0	0	5	[]	0	5
29	123456933	92	15	18	19	0	0	0	0	0	0	0	0	0	0	0	0	0	20	0	0	0	0	131	3	9	3	0	0	0	0	0	0	0	0	0	0	0	0	5	[]	0	8
30	123456933	81	22	20	21	0	0	0	0	0	0	0	0	0	0	0	0	0	20	0	0	0	0	126	8	6	6	0	0	0	0	0	0	0	0	0	0	0	0	5	[]	0	9
31	123456933	73	25	24	22	0	0	0	0	0	0	0	0	0	0	0	0	0	20	0	0	0	0	118	14	5	9	0	0	0	0	0	0	0	0	0	0	0	0	5	[]	0	10
32	123456933	61	28	31	24	0	0	0	0	0	0	0	0	0	0	0	0	0	21	0	0	0	0	103	27	7	9	0	0	0	0	0	0	0	0	0	0	0	0	5	[]	0	10
33	123456933	49	32	34	29	0	0	0	0	0	0	0	0	0	0	0	0	0	21	0	0	0	0	99	27	11	9	0	0	0	0	0	0	0	0	0	0	0	0	6	[]	0	10
34	123456933	49	24	36	34	0	0	0	0	0	0	0	0	0	0	1	0	0	22	1	0	0	1	99	20	18	9	0	0	0	0	0	0	0	0	0	0	0	0	6	[]	0	10
35	123456933	49	16	39	38	0	0	0	0	0	0	0	0	0	0	1	1	0	22	3	0	0	3	99	15	20	11	0	0	0	0	0	0	0	0	0	0	1	0	6	[]	0	10
36	123456933	43	20	36	42	0	0	0	0	0	0	1	0	0	0	1	1	0	24	3	0	1	3	91	17	22	15	0	0	0	0	0	0	0	0	0	0	1	0	6	[]	0	10
37	123456933	37	19	37	48	0	0	0	0	0	0	1	0	0	0	1	1	0	24	3	0	1	3	88	15	23	19	0	0	0	0	0	0	0	0	0	0	1	0	6	[]	0	10
38	123456933	32	20	34	55	0	0	0	0	0	0	0	1	0	0	1	1	0	24	3	0	1	3	82	14	26	23	0	0	0	0	0	0	0	0	0	0	1	0	6	[]	0	11
39	123456933	26	22	33	60	0	0	0	0	0	0	0	1	0	0	1	1	0	25	3	0	1	3	80	11	29	25	0	0	0	0	0	0	0	0	0	0	1	0	6	[]	0	11
40	123456933	25	15	37	64	0	0	0	0	0	0	0	1	0	0	1	1	0	25	3	0	1	3	73	18	26	28	0	0	0	0	0	0	0	0	0	0	1	0	6	[]	0	11
41	123456933	25	12	33	70	0	0	0	0	0	0	0	1	0	0	2	1	0	25	5	0	1	5	73	13	26	32	0	0	0	0	0	0	0	0	0	0	2	0	6	[]	0	12
42	123456933	25	9	32	74	0	0	0	0	0	0	0	1	0	0	2	1	0	25	5	0	1	5	73	8	30	33	0	0	0	0	0	0	0	0	0	0	2	0	6	[]	0	12
43	123456933	23	8	31	78	0	0	0	0	0	0	0	1	0	0	2	1	0	25	6	0	1	6	68	12	24	39	0	0	0	0	0	0	0	0	0	0	3	0	6	[]	0	11
44	123456933	19	8	31	82	0	0	0	0	0	0	0	1	0	0	1	2	0	25	6	0	1	6	64	11	21	47	0	0	0	0	0	0	0	0	0	0	3	0	6	[]	0	12
45	123456933	18	8	24	90	0	0	0	0	0	0	0	1	0	0	1	2	0	25	6	0	1	6	63	7	25	48	0	0	0	0	0	0	0	0	0	0	2	1	6	[]	0	11
46	123456933	13	10	22	94	0	0	0	0	0	0	0	1	0	0	2	2	0	25	7	0	1	7	60	8	24	51	0	0	0	0	0	0	0	0	0	0	2	1	6	[]	0	11
47	123456933	13	4	25	96	0	0	0	0	0	0	0	1	0	0	3	2	0	26	8	0	1	8	59	7	24	53	0	0	0	0	0	0	0	0	0	0	2	1	6	[]	0	11
48	123456933	13	2	21	103	0	0	0	0	0	0	0	1	0	0	2	2	0	26	8	0	1	8	59	5	24	55	0	0	0	0	0	0	0	0	0	0	2	1	6	[]	0	11
49	123456933	13	1	19	107	0	0	0	0	0	0	0	1	0	0	1	2	0	27	8	0	1	8	59	4	23	58	0	0	0	0	0	0	0	0	0	0	0	2	6	[]	0	10
50	123456933	12	2	15	112	0	0	0	0	0	0	0	0	0	0	1	2	0	28	8	0	1	8	59	2	22	61	0	0	0	0	0	0	0	0	0	0	0	2	6	[]	0	10
51	123456933	11	3	15	112	0	0	0	0	0	0	0	0	0	0	0	3	0	30	9	0	1	9	56	5	19	63	0	0	0	0	0	0	0	0	0	0	1	2	6	[]	0	10
52	123456933	11	2	16	112	0	0	0	0	0	0	0	0	0	0	0	3	0	30	9	0	1	9	55	6	15	67	0	0	0	0	0	0	0	0	0	0	1	2	6	[]	0	10
53	123456933	10	2	15	114	0	0	0	0	0	0	0	0	0	0	0	3	0	30	9	0	1	9	50	10	14	69	0	0	0	0	0	0	0	0	0	0	1	2	6	[]	0	10
54	123456933	10	2	14	115	0	0	0	0	0	0	0	0	0	0	0	3	0	33	9	0	2	9	50	8	12	72	0	0	0	0	0	0	1	0	0	0	1	2	6	[]	0	10
55	123456933	10	2	14	116	0	0	0	0	0	0	0	0	0	0	0	2	0	33	9	0	2	9	50	7	10	76	0	0	0	0	0	0	1	0	0	0	1	1	6	[]	0	9
56	123456933	10	2	12	117	0	0	0	0	0	0	0	0	0	0	1	2	0	33	10	0	2	10	50	7	9	77	0	0	0	0	0	0	1	0	0	0	1	1	6	[]	0	9
57	123456933	7	4	10	120	0	0	0	0	0	0	0	0	0	0	0	3	0	36	10	0	2	10	47	6	11	80	0	0	0	0	0	0	1	0	0	0	1	0	6	[]	0	9
58	123456933	7	4	9	121	0	0	0	0	0	0	0	0	0	0	0	3	0	36	10	0	2	10	47	5	10	82	0	0	0	0	0	0	1	0	0	0	1	0	6	[]	0	10
59	123456933	6	5	7	123	0	0	0	0	0	0	0	0	0	0	0	3	0	37	10	0	2	10	47	4	9	84	0	0	0	0	0	0	1	0	0	0	1	0	6	[]	0	10
60	123456933	6	4	7	125	0	0	0	0	0	0	0	0	0	0	0	2	0	37	10	0	2	10	46	3	10	85	0	0	0	0	0	0	1	0	0	0	1	0	6	[]	0	10
