day	seedRun	susceptible	exposed	infected	removed	susceptible-in-quarantine	exposed-in-quarantine	infected-in-quarantine	removed-in-quarantine	susceptible-in-quarantine-external-1	exposed-in-quarantine-external-1	infected-in-quarantine-external-1	removed-in-quarantine-external-1	susceptible-in-quarantine-external-2	exposed-in-quarantine-external-2	infected-in-quarantine-external-2	removed-in-quarantine-external-2	num-of-screened-agents	num-of-screened-agents-external-1	num-of-screened-agents-external-2	num-of-positive-agents	num-of-positive-agents-external-1	num-of-positive-agents-external-2	num-vaccinated-susceptible	num-vaccinated-exposed	num-vaccinated-infected	num-vaccinated-removed	num-vaccinated-susceptible-in-quarantine	num-vaccinated-exposed-in-quarantine	num-vaccinated-infected-in-quarantine	num-vaccinated-removed-in-quarantine	num-vaccinated-susceptible-in-quarantine-external-1	num-vaccinated-exposed-in-quarantine-external-1	num-vaccinated-infected-in-quarantine-external-1	num-vaccinated-removed-in-quarantine-external-1	num-vaccinated-susceptible-in-quarantine-external-2	num-vaccinated-exposed-in-quarantine-external-2	num-vaccinated-infected-in-quarantine-external-2	num-vaccinated-removed-in-quarantine-external-2	num-infected-outside	classroom-in-quarantine	num-of-classroom-in-quarantine	classroom-with-at-least-one-infected
0	123457267	144	0	0	0	0	0	0	0	0	0	0	0	0	0	0	0	0	0	0	0	0	0	146	0	0	0	0	0	0	0	0	0	0	0	0	0	0	0	0	[]	0	0
1	123457267	144	0	0	0	0	0	0	0	0	0	0	0	0	0	0	0	0	1	0	0	0	0	146	0	0	0	0	0	0	0	0	0	0	0	0	0	0	0	0	[]	0	0
2	123457267	144	0	0	0	0	0	0	0	0	0	0	0	0	0	0	0	0	2	0	0	0	0	146	0	0	0	0	0	0	0	0	0	0	0	0	0	0	0	0	[]	0	0
3	123457267	144	0	0	0	0	0	0	0	0	0	0	0	0	0	0	0	0	3	0	0	0	0	146	0	0	0	0	0	0	0	0	0	0	0	0	0	0	0	0	[]	0	0
4	123457267	144	0	0	0	0	0	0	0	0	0	0	0	0	0	0	0	0	5	0	0	0	0	146	0	0	0	0	0	0	0	0	0	0	0	0	0	0	0	0	[]	0	0
5	123457267	144	0	0	0	0	0	0	0	0	0	0	0	0	0	0	0	0	6	0	0	0	0	145	1	0	0	0	0	0	0	0	0	0	0	0	0	0	0	1	[]	0	0
6	123457267	144	0	0	0	0	0	0	0	0	0	0	0	0	0	0	0	0	6	0	0	0	0	145	1	0	0	0	0	0	0	0	0	0	0	0	0	0	0	1	[]	0	0
7	123457267	144	0	0	0	0	0	0	0	0	0	0	0	0	0	0	0	0	6	0	0	0	0	145	0	1	0	0	0	0	0	0	0	0	0	0	0	0	0	1	[]	0	0
8	123457267	144	0	0	0	0	0	0	0	0	0	0	0	0	0	0	0	0	6	0	0	0	0	145	0	1	0	0	0	0	0	0	0	0	0	0	0	0	0	1	[]	0	0
9	123457267	144	0	0	0	0	0	0	0	0	0	0	0	0	0	0	0	0	6	0	0	0	0	145	0	1	0	0	0	0	0	0	0	0	0	0	0	0	0	1	[]	0	0
10	123457267	144	0	0	0	0	0	0	0	0	0	0	0	0	0	0	0	0	6	0	0	0	0	145	0	1	0	0	0	0	0	0	0	0	0	0	0	0	0	1	[]	0	0
11	123457267	144	0	0	0	0	0	0	0	0	0	0	0	0	0	0	0	0	6	0	0	0	0	145	0	0	1	0	0	0	0	0	0	0	0	0	0	0	0	1	[]	0	0
12	123457267	144	0	0	0	0	0	0	0	0	0	0	0	0	0	0	0	0	7	0	0	0	0	145	0	0	1	0	0	0	0	0	0	0	0	0	0	0	0	1	[]	0	0
13	123457267	144	0	0	0	0	0	0	0	0	0	0	0	0	0	0	0	0	7	0	0	0	0	145	0	0	1	0	0	0	0	0	0	0	0	0	0	0	0	1	[]	0	0
14	123457267	144	0	0	0	0	0	0	0	0	0	0	0	0	0	0	0	0	8	0	0	0	0	145	0	0	1	0	0	0	0	0	0	0	0	0	0	0	0	1	[]	0	0
15	123457267	144	0	0	0	0	0	0	0	0	0	0	0	0	0	0	0	0	9	0	0	0	0	145	0	0	1	0	0	0	0	0	0	0	0	0	0	0	0	1	[]	0	0
16	123457267	144	0	0	0	0	0	0	0	0	0	0	0	0	0	0	0	0	10	0	0	0	0	145	0	0	1	0	0	0	0	0	0	0	0	0	0	0	0	1	[]	0	0
17	123457267	143	1	0	0	0	0	0	0	0	0	0	0	0	0	0	0	0	10	0	0	0	0	145	0	0	1	0	0	0	0	0	0	0	0	0	0	0	0	2	[]	0	0
18	123457267	143	1	0	0	0	0	0	0	0	0	0	0	0	0	0	0	0	10	0	0	0	0	145	0	0	1	0	0	0	0	0	0	0	0	0	0	0	0	2	[]	0	0
19	123457267	142	1	1	0	0	0	0	0	0	0	0	0	0	0	0	0	0	11	0	0	0	0	145	0	0	1	0	0	0	0	0	0	0	0	0	0	0	0	2	[]	0	1
20	123457267	142	0	2	0	0	0	0	0	0	0	0	0	0	0	0	0	0	11	0	0	0	0	145	0	0	1	0	0	0	0	0	0	0	0	0	0	0	0	2	[]	0	1
21	123457267	141	1	2	0	0	0	0	0	0	0	0	0	0	0	0	0	0	11	0	0	0	0	145	0	0	1	0	0	0	0	0	0	0	0	0	0	0	0	3	[]	0	1
22	123457267	141	1	1	0	0	0	0	0	0	0	0	0	0	0	1	0	0	13	1	0	0	1	145	0	0	1	0	0	0	0	0	0	0	0	0	0	0	0	3	[]	0	1
23	123457267	139	3	1	0	0	0	0	0	0	0	0	0	0	0	1	0	0	13	1	0	0	1	145	0	0	1	0	0	0	0	0	0	0	0	0	0	0	0	4	[]	0	1
24	123457267	137	3	3	0	0	0	0	0	0	0	0	0	0	0	1	0	0	14	1	0	0	1	144	1	0	1	0	0	0	0	0	0	0	0	0	0	0	0	4	[]	0	2
25	123457267	135	5	3	0	0	0	0	0	0	0	0	0	0	0	1	0	0	15	1	0	0	1	144	0	1	1	0	0	0	0	0	0	0	0	0	0	0	0	4	[]	0	2
26	123457267	133	6	4	0	0	0	0	0	0	0	0	0	0	0	0	1	0	17	1	0	0	1	144	0	1	1	0	0	0	0	0	0	0	0	0	0	0	0	4	[]	0	2
27	123457267	133	4	6	0	0	0	0	0	0	0	0	0	0	0	0	1	0	17	1	0	0	1	144	0	1	1	0	0	0	0	0	0	0	0	0	0	0	0	4	[]	0	2
28	123457267	133	2	7	1	0	0	0	0	0	0	0	0	0	0	0	1	0	18	1	0	0	1	144	0	0	2	0	0	0	0	0	0	0	0	0	0	0	0	4	[]	0	2
29	123457267	127	7	6	3	0	0	0	0	0	0	0	0	0	0	0	1	0	18	1	0	0	1	143	1	0	2	0	0	0	0	0	0	0	0	0	0	0	0	5	[]	0	2
30	123457267	125	7	7	4	0	0	0	0	0	0	0	0	0	0	0	1	0	18	1	0	0	1	141	2	1	2	0	0	0	0	0	0	0	0	0	0	0	0	5	[]	0	2
31	123457267	124	6	8	5	0	0	0	0	0	0	0	0	0	0	0	1	0	20	1	0	0	1	141	2	0	3	0	0	0	0	0	0	0	0	0	0	0	0	5	[]	0	3
32	123457267	119	7	11	5	0	0	0	0	0	0	0	0	0	0	1	1	0	20	2	0	0	2	139	3	1	3	0	0	0	0	0	0	0	0	0	0	0	0	5	[]	0	3
33	123457267	118	7	11	6	0	0	0	0	0	0	0	0	0	0	1	1	0	20	2	0	0	2	138	3	2	3	0	0	0	0	0	0	0	0	0	0	0	0	5	[]	0	3
34	123457267	118	6	11	7	0	0	0	0	0	0	0	0	0	0	0	2	0	21	2	0	0	2	138	1	4	3	0	0	0	0	0	0	0	0	0	0	0	0	5	[]	0	3
35	123457267	118	5	9	10	0	0	0	0	0	0	0	0	0	0	0	2	0	22	2	0	0	2	138	1	4	3	0	0	0	0	0	0	0	0	0	0	0	0	5	[]	0	3
36	123457267	113	8	9	13	0	0	0	0	0	0	0	0	0	0	0	1	0	23	2	0	0	2	138	1	4	3	0	0	0	0	0	0	0	0	0	0	0	0	5	[]	0	3
37	123457267	112	7	10	14	0	0	0	0	0	0	0	0	0	0	0	1	0	24	2	0	0	2	138	1	4	3	0	0	0	0	0	0	0	0	0	0	0	0	5	[]	0	3
38	123457267	110	8	9	16	0	0	0	0	0	0	0	0	0	0	0	1	0	25	2	0	0	2	135	4	4	3	0	0	0	0	0	0	0	0	0	0	0	0	5	[]	0	3
39	123457267	109	6	12	16	0	0	0	0	0	0	0	0	0	0	0	1	0	26	2	0	0	2	134	5	4	3	0	0	0	0	0	0	0	0	0	0	0	0	5	[]	0	3
40	123457267	108	6	10	19	0	0	0	0	0	0	0	0	0	0	0	1	0	27	2	0	0	2	134	4	5	3	0	0	0	0	0	0	0	0	0	0	0	0	5	[]	0	3
41	123457267	108	5	8	22	0	0	0	0	0	0	0	0	0	0	0	1	0	27	2	0	0	2	134	4	4	4	0	0	0	0	0	0	0	0	0	0	0	0	5	[]	0	3
42	123457267	108	4	8	23	0	0	0	0	0	0	0	0	0	0	0	1	0	27	2	0	0	2	134	4	3	5	0	0	0	0	0	0	0	0	0	0	0	0	5	[]	0	3
43	123457267	108	4	5	26	0	0	0	0	0	0	0	0	0	0	0	1	0	27	2	0	0	2	134	3	4	5	0	0	0	0	0	0	0	0	0	0	0	0	5	[]	0	3
44	123457267	107	4	6	26	0	0	0	0	0	0	0	0	0	0	0	1	0	27	2	0	0	2	133	4	4	5	0	0	0	0	0	0	0	0	0	0	0	0	5	[]	0	3
45	123457267	106	5	6	26	0	0	0	0	0	0	0	0	0	0	0	1	0	28	2	0	0	2	132	4	5	5	0	0	0	0	0	0	0	0	0	0	0	0	5	[]	0	3
46	123457267	105	6	4	29	0	0	0	0	0	0	0	0	0	0	0	0	0	28	2	0	0	2	132	4	5	5	0	0	0	0	0	0	0	0	0	0	0	0	5	[]	0	3
47	123457267	104	5	6	29	0	0	0	0	0	0	0	0	0	0	0	0	0	31	2	0	0	2	130	3	8	5	0	0	0	0	0	0	0	0	0	0	0	0	5	[]	0	4
48	123457267	104	5	5	30	0	0	0	0	0	0	0	0	0	0	0	0	0	31	2	0	0	2	130	2	8	6	0	0	0	0	0	0	0	0	0	0	0	0	5	[]	0	4
49	123457267	103	4	7	30	0	0	0	0	0	0	0	0	0	0	0	0	0	32	2	0	0	2	130	1	9	6	0	0	0	0	0	0	0	0	0	0	0	0	6	[]	0	5
50	123457267	97	8	8	31	0	0	0	0	0	0	0	0	0	0	0	0	0	34	2	0	0	2	128	3	8	7	0	0	0	0	0	0	0	0	0	0	0	0	6	[]	0	6
51	123457267	91	12	10	31	0	0	0	0	0	0	0	0	0	0	0	0	0	34	2	0	0	2	127	3	8	8	0	0	0	0	0	0	0	0	0	0	0	0	7	[]	0	8
52	123457267	82	20	9	33	0	0	0	0	0	0	0	0	0	0	0	0	0	34	2	0	0	2	127	2	8	9	0	0	0	0	0	0	0	0	0	0	0	0	7	[]	0	8
53	123457267	78	21	11	33	0	0	0	0	0	0	1	0	0	0	0	0	0	37	2	0	1	2	126	2	9	9	0	0	0	0	0	0	0	0	0	0	0	0	8	[]	0	8
54	123457267	71	22	15	35	0	0	0	0	0	0	1	0	0	0	0	0	0	38	2	0	1	2	125	2	10	9	0	0	0	0	0	0	0	0	0	0	0	0	8	[]	0	9
55	123457267	71	15	17	40	0	0	0	0	0	0	1	0	0	0	0	0	0	38	2	0	1	2	125	2	10	9	0	0	0	0	0	0	0	0	0	0	0	0	8	[]	0	9
56	123457267	71	6	23	42	0	0	0	0	0	0	2	0	0	0	0	0	0	41	2	0	2	2	125	2	5	14	0	0	0	0	0	0	0	0	0	0	0	0	8	[]	0	9
57	123457267	57	19	20	46	0	0	0	0	0	0	2	0	0	0	0	0	0	41	2	0	2	2	123	3	3	17	0	0	0	0	0	0	0	0	0	0	0	0	8	[]	0	7
58	123457267	50	19	26	47	0	0	0	0	0	0	2	0	0	0	0	0	0	41	2	0	2	2	122	3	4	17	0	0	0	0	0	0	0	0	0	0	0	0	8	[]	0	8
59	123457267	44	19	31	47	0	0	0	0	0	0	3	0	0	0	0	0	0	43	2	0	3	2	117	8	4	17	0	0	0	0	0	0	0	0	0	0	0	0	8	[]	0	8
60	123457267	43	15	29	52	0	0	0	0	0	0	2	1	0	0	2	0	0	43	4	0	3	4	115	6	7	18	0	0	0	0	0	0	0	0	0	0	0	0	8	[]	0	8
