day	seedRun	susceptible	exposed	infected	removed	susceptible-in-quarantine	exposed-in-quarantine	infected-in-quarantine	removed-in-quarantine	susceptible-in-quarantine-external-1	exposed-in-quarantine-external-1	infected-in-quarantine-external-1	removed-in-quarantine-external-1	susceptible-in-quarantine-external-2	exposed-in-quarantine-external-2	infected-in-quarantine-external-2	removed-in-quarantine-external-2	num-of-screened-agents	num-of-screened-agents-external-1	num-of-screened-agents-external-2	num-of-positive-agents	num-of-positive-agents-external-1	num-of-positive-agents-external-2	num-vaccinated-susceptible	num-vaccinated-exposed	num-vaccinated-infected	num-vaccinated-removed	num-vaccinated-susceptible-in-quarantine	num-vaccinated-exposed-in-quarantine	num-vaccinated-infected-in-quarantine	num-vaccinated-removed-in-quarantine	num-vaccinated-susceptible-in-quarantine-external-1	num-vaccinated-exposed-in-quarantine-external-1	num-vaccinated-infected-in-quarantine-external-1	num-vaccinated-removed-in-quarantine-external-1	num-vaccinated-susceptible-in-quarantine-external-2	num-vaccinated-exposed-in-quarantine-external-2	num-vaccinated-infected-in-quarantine-external-2	num-vaccinated-removed-in-quarantine-external-2	num-infected-outside	classroom-in-quarantine	num-of-classroom-in-quarantine	classroom-with-at-least-one-infected
0	123456884	144	0	0	0	0	0	0	0	0	0	0	0	0	0	0	0	0	0	0	0	0	0	146	0	0	0	0	0	0	0	0	0	0	0	0	0	0	0	0	[]	0	0
1	123456884	144	0	0	0	0	0	0	0	0	0	0	0	0	0	0	0	0	1	0	0	0	0	146	0	0	0	0	0	0	0	0	0	0	0	0	0	0	0	0	[]	0	0
2	123456884	144	0	0	0	0	0	0	0	0	0	0	0	0	0	0	0	0	2	0	0	0	0	146	0	0	0	0	0	0	0	0	0	0	0	0	0	0	0	0	[]	0	0
3	123456884	144	0	0	0	0	0	0	0	0	0	0	0	0	0	0	0	0	3	0	0	0	0	146	0	0	0	0	0	0	0	0	0	0	0	0	0	0	0	0	[]	0	0
4	123456884	144	0	0	0	0	0	0	0	0	0	0	0	0	0	0	0	0	4	0	0	0	0	146	0	0	0	0	0	0	0	0	0	0	0	0	0	0	0	0	[]	0	0
5	123456884	144	0	0	0	0	0	0	0	0	0	0	0	0	0	0	0	0	5	0	0	0	0	146	0	0	0	0	0	0	0	0	0	0	0	0	0	0	0	0	[]	0	0
6	123456884	144	0	0	0	0	0	0	0	0	0	0	0	0	0	0	0	0	5	0	0	0	0	146	0	0	0	0	0	0	0	0	0	0	0	0	0	0	0	0	[]	0	0
7	123456884	144	0	0	0	0	0	0	0	0	0	0	0	0	0	0	0	0	5	0	0	0	0	146	0	0	0	0	0	0	0	0	0	0	0	0	0	0	0	0	[]	0	0
8	123456884	144	0	0	0	0	0	0	0	0	0	0	0	0	0	0	0	0	7	0	0	0	0	146	0	0	0	0	0	0	0	0	0	0	0	0	0	0	0	0	[]	0	0
9	123456884	144	0	0	0	0	0	0	0	0	0	0	0	0	0	0	0	0	7	0	0	0	0	146	0	0	0	0	0	0	0	0	0	0	0	0	0	0	0	0	[]	0	0
10	123456884	144	0	0	0	0	0	0	0	0	0	0	0	0	0	0	0	0	8	0	0	0	0	146	0	0	0	0	0	0	0	0	0	0	0	0	0	0	0	0	[]	0	0
11	123456884	144	0	0	0	0	0	0	0	0	0	0	0	0	0	0	0	0	8	0	0	0	0	146	0	0	0	0	0	0	0	0	0	0	0	0	0	0	0	0	[]	0	0
12	123456884	144	0	0	0	0	0	0	0	0	0	0	0	0	0	0	0	0	9	0	0	0	0	146	0	0	0	0	0	0	0	0	0	0	0	0	0	0	0	0	[]	0	0
13	123456884	144	0	0	0	0	0	0	0	0	0	0	0	0	0	0	0	0	9	0	0	0	0	146	0	0	0	0	0	0	0	0	0	0	0	0	0	0	0	0	[]	0	0
14	123456884	142	2	0	0	0	0	0	0	0	0	0	0	0	0	0	0	0	10	0	0	0	0	146	0	0	0	0	0	0	0	0	0	0	0	0	0	0	0	2	[]	0	0
15	123456884	141	2	1	0	0	0	0	0	0	0	0	0	0	0	0	0	0	10	0	0	0	0	145	1	0	0	0	0	0	0	0	0	0	0	0	0	0	0	2	[]	0	1
16	123456884	137	5	2	0	0	0	0	0	0	0	0	0	0	0	0	0	0	11	0	0	0	0	145	0	1	0	0	0	0	0	0	0	0	0	0	0	0	0	2	[]	0	2
17	123456884	135	7	2	0	0	0	0	0	0	0	0	0	0	0	0	0	0	12	0	0	0	0	145	0	1	0	0	0	0	0	0	0	0	0	0	0	0	0	2	[]	0	2
18	123456884	131	10	3	0	0	0	0	0	0	0	0	0	0	0	0	0	0	12	0	0	0	0	145	0	0	1	0	0	0	0	0	0	0	0	0	0	0	0	2	[]	0	2
19	123456884	127	11	5	1	0	0	0	0	0	0	0	0	0	0	0	0	0	14	0	0	0	0	144	1	0	1	0	0	0	0	0	0	0	0	0	0	0	0	2	[]	0	3
20	123456884	127	6	9	2	0	0	0	0	0	0	0	0	0	0	0	0	0	16	0	0	0	0	144	1	0	1	0	0	0	0	0	0	0	0	0	0	0	0	2	[]	0	3
21	123456884	127	5	9	3	0	0	0	0	0	0	0	0	0	0	0	0	0	16	0	0	0	0	144	1	0	1	0	0	0	0	0	0	0	0	0	0	0	0	2	[]	0	3
22	123456884	123	9	9	3	0	0	0	0	0	0	0	0	0	0	0	0	0	16	0	0	0	0	142	3	0	1	0	0	0	0	0	0	0	0	0	0	0	0	2	[]	0	3
23	123456884	122	6	13	3	0	0	0	0	0	0	0	0	0	0	0	0	0	16	0	0	0	0	142	2	1	1	0	0	0	0	0	0	0	0	0	0	0	0	3	[]	0	3
24	123456884	119	9	7	8	0	0	0	0	0	0	1	0	0	0	0	0	0	18	0	0	1	0	141	2	1	2	0	0	0	0	0	0	0	0	0	0	0	0	3	[]	0	3
25	123456884	113	12	7	11	0	0	0	0	0	0	1	0	0	0	0	0	0	20	0	0	1	0	141	2	1	2	0	0	0	0	0	0	0	0	0	0	0	0	3	[]	0	5
26	123456884	106	15	7	15	0	0	0	0	0	0	0	1	0	0	0	0	0	21	0	0	1	0	140	3	1	2	0	0	0	0	0	0	0	0	0	0	0	0	4	[]	0	5
27	123456884	106	13	7	16	0	0	0	0	0	0	0	1	0	0	1	0	0	21	1	0	1	1	140	3	1	2	0	0	0	0	0	0	0	0	0	0	0	0	4	[]	0	6
28	123456884	106	9	11	16	0	0	0	0	0	0	0	1	0	0	1	0	0	23	1	0	1	1	140	3	1	2	0	0	0	0	0	0	0	0	0	0	0	0	4	[]	0	7
29	123456884	100	11	13	18	0	0	0	0	0	0	0	1	0	0	1	0	0	26	1	0	1	1	137	5	2	2	0	0	0	0	0	0	0	0	0	0	0	0	4	[]	0	6
30	123456884	95	12	16	19	0	0	0	0	0	0	0	1	0	0	1	0	0	28	1	0	1	1	136	3	5	2	0	0	0	0	0	0	0	0	0	0	0	0	4	[]	0	6
31	123456884	90	14	17	20	0	0	0	0	0	0	0	1	0	0	1	1	0	29	2	0	1	2	135	2	7	2	0	0	0	0	0	0	0	0	0	0	0	0	4	[]	0	6
32	123456884	83	15	20	23	0	0	0	0	0	0	0	1	0	0	1	1	0	29	3	0	1	3	132	4	6	3	0	0	0	0	0	0	0	0	0	0	1	0	4	[]	0	7
33	123456884	76	17	24	24	0	0	0	0	0	0	0	1	0	0	1	1	0	29	3	0	1	3	131	5	5	4	0	0	0	0	0	0	0	0	0	0	1	0	4	[]	0	8
34	123456884	76	14	24	27	0	0	0	0	0	0	0	1	0	0	1	1	0	29	3	0	1	3	131	5	5	4	0	0	0	0	0	0	0	0	0	0	1	0	4	[]	0	7
35	123456884	76	8	26	31	0	0	0	0	0	0	0	1	0	0	1	1	0	30	4	0	1	4	131	2	7	4	0	0	0	0	0	0	0	0	0	0	2	0	4	[]	0	8
36	123456884	66	15	25	35	0	0	0	0	0	0	0	1	0	0	1	1	0	32	4	0	1	4	130	2	7	5	0	0	0	0	0	0	0	0	0	0	2	0	4	[]	0	8
37	123456884	63	15	21	42	0	0	0	0	0	0	0	1	0	0	1	1	0	32	4	0	1	4	130	2	7	5	0	0	0	0	0	0	0	0	0	0	2	0	4	[]	0	8
38	123456884	62	11	21	48	0	0	0	0	0	0	0	0	0	0	1	1	0	33	4	0	1	4	129	2	7	6	0	0	0	0	0	0	0	0	0	0	1	1	4	[]	0	7
39	123456884	60	10	23	49	0	0	0	0	0	0	0	0	0	0	0	2	0	34	4	0	1	4	127	4	6	7	0	0	0	0	0	0	0	0	0	0	1	1	4	[]	0	8
40	123456884	58	10	18	56	0	0	0	0	0	0	0	0	0	0	0	2	0	35	4	0	1	4	126	4	6	8	0	0	0	0	0	0	0	0	0	0	1	1	4	[]	0	7
41	123456884	58	8	20	57	0	0	0	0	0	0	0	0	0	0	0	1	0	35	4	0	1	4	126	3	7	8	0	0	0	0	0	0	0	0	0	0	1	1	4	[]	0	8
42	123456884	58	5	23	57	0	0	0	0	0	0	0	0	0	0	0	1	0	37	4	0	1	4	126	2	8	8	0	0	0	0	0	0	0	0	0	0	1	1	4	[]	0	9
43	123456884	53	9	19	62	0	0	0	0	0	0	0	0	0	0	0	1	0	37	4	0	1	4	125	3	7	9	0	0	0	0	0	0	0	0	0	0	1	1	4	[]	0	9
44	123456884	49	11	20	62	0	0	0	0	0	0	1	0	0	0	0	1	0	38	4	0	2	4	123	3	8	10	0	0	0	0	0	0	0	0	0	0	1	1	4	[]	0	9
45	123456884	42	14	21	66	0	0	0	0	0	0	1	0	0	0	0	0	0	39	4	0	2	4	120	6	7	11	0	0	0	0	0	0	0	0	0	0	1	1	4	[]	0	9
46	123456884	40	13	23	67	0	0	0	0	0	0	1	0	0	0	0	0	0	39	4	0	2	4	119	6	8	12	0	0	0	0	0	0	0	0	0	0	1	0	4	[]	0	10
47	123456884	36	12	25	69	0	0	0	0	0	0	2	0	0	0	0	0	0	40	4	0	3	4	116	8	9	12	0	0	0	0	0	0	0	0	0	0	1	0	5	[]	0	10
48	123456884	36	9	24	73	0	0	0	0	0	0	2	0	0	0	0	0	0	40	4	0	3	4	116	5	12	12	0	0	0	0	0	0	0	0	0	0	1	0	5	[]	0	11
49	123456884	36	7	24	75	0	0	0	0	0	0	2	0	0	0	0	0	0	40	4	0	3	4	116	2	13	15	0	0	0	0	0	0	0	0	0	0	0	0	5	[]	0	10
50	123456884	28	13	22	78	0	0	0	0	0	0	3	0	0	0	0	0	0	43	4	0	4	4	116	1	12	17	0	0	0	0	0	0	0	0	0	0	0	0	5	[]	0	10
51	123456884	28	9	23	81	0	0	0	0	0	0	2	1	0	0	0	0	0	44	4	0	4	4	113	4	10	19	0	0	0	0	0	0	0	0	0	0	0	0	5	[]	0	10
52	123456884	24	11	23	83	0	0	0	0	0	0	2	1	0	0	0	0	0	45	4	0	4	4	112	4	8	22	0	0	0	0	0	0	0	0	0	0	0	0	5	[]	0	10
53	123456884	21	11	23	86	0	0	0	0	0	0	2	1	0	0	0	0	0	45	4	0	4	4	112	3	9	22	0	0	0	0	0	0	0	0	0	0	0	0	5	[]	0	10
54	123456884	20	11	20	90	0	0	0	0	0	0	2	1	0	0	0	0	0	46	5	0	4	5	112	2	7	24	0	0	0	0	0	0	0	0	0	0	1	0	5	[]	0	10
55	123456884	20	8	17	96	0	0	0	0	0	0	2	1	0	0	0	0	0	46	5	0	4	5	112	2	7	24	0	0	0	0	0	0	0	0	0	0	1	0	5	[]	0	10
56	123456884	20	5	18	98	0	0	0	0	0	0	2	1	0	0	0	0	0	46	5	0	4	5	112	2	6	25	0	0	0	0	0	0	0	0	0	0	1	0	5	[]	0	10
57	123456884	17	6	18	100	0	0	0	0	0	0	1	2	0	0	0	0	0	46	5	0	4	5	110	4	6	25	0	0	0	0	0	0	0	0	0	0	1	0	5	[]	0	9
58	123456884	17	5	14	106	0	0	0	0	0	0	0	2	0	0	0	0	0	46	5	0	4	5	109	5	6	25	0	0	0	0	0	0	0	0	0	0	1	0	5	[]	0	9
59	123456884	16	6	10	110	0	0	0	0	0	0	0	2	0	0	0	0	0	46	5	0	4	5	105	6	9	25	0	0	0	0	0	0	0	0	0	0	1	0	5	[]	0	9
60	123456884	15	7	9	110	0	0	0	0	0	0	0	2	0	0	1	0	0	50	6	0	4	6	104	7	7	27	0	0	0	0	0	0	0	0	0	0	1	0	5	[]	0	9
