day	seedRun	susceptible	exposed	infected	removed	susceptible-in-quarantine	exposed-in-quarantine	infected-in-quarantine	removed-in-quarantine	susceptible-in-quarantine-external-1	exposed-in-quarantine-external-1	infected-in-quarantine-external-1	removed-in-quarantine-external-1	susceptible-in-quarantine-external-2	exposed-in-quarantine-external-2	infected-in-quarantine-external-2	removed-in-quarantine-external-2	num-of-screened-students	num-of-screened-students-external-1	num-of-screened-students-external-2	num-of-positive-students	num-of-positive-students-external-1	num-of-positive-students-external-2	num-vaccinated-susceptible	num-vaccinated-exposed	num-vaccinated-infected	num-vaccinated-removed	num-vaccinated-susceptible-in-quarantine	num-vaccinated-exposed-in-quarantine	num-vaccinated-infected-in-quarantine	num-vaccinated-removed-in-quarantine	num-vaccinated-susceptible-in-quarantine-external-1	num-vaccinated-exposed-in-quarantine-external-1	num-vaccinated-infected-in-quarantine-external-1	num-vaccinated-removed-in-quarantine-external-1	num-vaccinated-susceptible-in-quarantine-external-2	num-vaccinated-exposed-in-quarantine-external-2	num-vaccinated-infected-in-quarantine-external-2	num-vaccinated-removed-in-quarantine-external-2	num-infected-outside	classroom-in-quarantine	num-of-classroom-in-quarantine	classroom-with-at-least-one-infected
0	123457193	216	0	0	0	0	0	0	0	0	0	0	0	0	0	0	0	0	0	0	0	0	0	0	0	0	74	0	0	0	0	0	0	0	0	0	0	0	0	0	[]	0	0
1	123457193	216	0	0	0	0	0	0	0	0	0	0	0	0	0	0	0	60	1	0	0	0	0	0	0	0	74	0	0	0	0	0	0	0	0	0	0	0	0	0	[]	0	0
2	123457193	216	0	0	0	0	0	0	0	0	0	0	0	0	0	0	0	60	1	0	0	0	0	0	0	0	74	0	0	0	0	0	0	0	0	0	0	0	0	0	[]	0	0
3	123457193	216	0	0	0	0	0	0	0	0	0	0	0	0	0	0	0	60	1	0	0	0	0	0	0	0	74	0	0	0	0	0	0	0	0	0	0	0	0	0	[]	0	0
4	123457193	215	1	0	0	0	0	0	0	0	0	0	0	0	0	0	0	60	1	0	0	0	0	0	0	0	74	0	0	0	0	0	0	0	0	0	0	0	0	1	[]	0	0
5	123457193	215	1	0	0	0	0	0	0	0	0	0	0	0	0	0	0	60	1	0	0	0	0	0	0	0	74	0	0	0	0	0	0	0	0	0	0	0	0	1	[]	0	0
6	123457193	215	0	1	0	0	0	0	0	0	0	0	0	0	0	0	0	60	2	0	0	0	0	0	0	0	74	0	0	0	0	0	0	0	0	0	0	0	0	1	[]	0	1
7	123457193	214	1	1	0	0	0	0	0	0	0	0	0	0	0	0	0	60	2	0	0	0	0	0	0	0	74	0	0	0	0	0	0	0	0	0	0	0	0	2	[]	0	1
8	123457193	214	1	1	0	0	0	0	0	0	0	0	0	0	0	0	0	120	2	0	0	0	0	0	0	0	74	0	0	0	0	0	0	0	0	0	0	0	0	2	[]	0	1
9	123457193	214	1	1	0	0	0	0	0	0	0	0	0	0	0	0	0	120	3	0	0	0	0	0	0	0	74	0	0	0	0	0	0	0	0	0	0	0	0	2	[]	0	1
10	123457193	212	3	1	0	0	0	0	0	0	0	0	0	0	0	0	0	120	3	0	0	0	0	0	0	0	74	0	0	0	0	0	0	0	0	0	0	0	0	2	[]	0	1
11	123457193	211	3	1	1	0	0	0	0	0	0	0	0	0	0	0	0	120	3	0	0	0	0	0	0	0	74	0	0	0	0	0	0	0	0	0	0	0	0	2	[]	0	1
12	123457193	210	3	1	2	0	0	0	0	0	0	0	0	0	0	0	0	120	5	0	0	0	0	0	0	0	74	0	0	0	0	0	0	0	0	0	0	0	0	3	[]	0	1
13	123457193	210	2	2	2	0	0	0	0	0	0	0	0	0	0	0	0	120	6	0	0	0	0	0	0	0	74	0	0	0	0	0	0	0	0	0	0	0	0	3	[]	0	1
14	123457193	210	2	2	2	0	0	0	0	0	0	0	0	0	0	0	0	120	7	0	0	0	0	0	0	0	74	0	0	0	0	0	0	0	0	0	0	0	0	3	[]	0	1
15	123457193	207	4	2	2	0	0	1	0	0	0	0	0	0	0	0	0	195	7	0	1	0	0	0	0	0	74	0	0	0	0	0	0	0	0	0	0	0	0	3	[]	0	2
16	123457193	207	4	1	3	0	0	0	1	0	0	0	0	0	0	0	0	195	7	0	1	0	0	0	0	0	74	0	0	0	0	0	0	0	0	0	0	0	0	3	[]	0	1
17	123457193	206	4	1	4	0	0	0	1	0	0	0	0	0	0	0	0	195	8	0	1	0	0	0	0	0	74	0	0	0	0	0	0	0	0	0	0	0	0	3	[]	0	1
18	123457193	205	4	2	4	0	0	0	1	0	0	0	0	0	0	0	0	195	8	0	1	0	0	0	0	0	74	0	0	0	0	0	0	0	0	0	0	0	0	4	[]	0	2
19	123457193	204	5	2	4	0	0	0	1	0	0	0	0	0	0	0	0	195	8	0	1	0	0	0	0	0	74	0	0	0	0	0	0	0	0	0	0	0	0	5	[]	0	2
20	123457193	203	5	3	4	0	0	0	1	0	0	0	0	0	0	0	0	214	9	0	1	0	0	0	0	0	74	0	0	0	0	0	0	0	0	0	0	0	0	6	[]	0	3
21	123457193	203	3	5	4	0	0	0	1	0	0	0	0	0	0	0	0	214	9	0	1	0	0	0	0	0	74	0	0	0	0	0	0	0	0	0	0	0	0	6	[]	0	3
22	123457193	190	3	2	1	12	1	3	4	0	0	0	0	0	0	0	0	288	11	0	4	0	0	0	0	0	74	0	0	0	0	0	0	0	0	0	0	0	0	6	[2C]	1	3
23	123457193	187	6	2	1	12	0	4	4	0	0	0	0	0	0	0	0	288	11	0	4	0	0	0	0	0	74	0	0	0	0	0	0	0	0	0	0	0	0	7	[2C]	1	3
24	123457193	187	6	2	1	12	0	4	4	0	0	0	0	0	0	0	0	288	12	0	4	0	0	0	0	0	74	0	0	0	0	0	0	0	0	0	0	0	0	7	[2C]	1	3
25	123457193	186	4	4	2	12	0	4	4	0	0	0	0	0	0	0	0	288	12	0	4	0	0	0	0	0	74	0	0	0	0	0	0	0	0	0	0	0	0	7	[2C]	1	4
26	123457193	185	5	4	2	12	0	4	4	0	0	0	0	0	0	0	0	288	12	0	4	0	0	0	0	0	74	0	0	0	0	0	0	0	0	0	0	0	0	7	[2C]	1	4
27	123457193	185	3	6	2	12	0	4	4	0	0	0	0	0	0	0	0	307	13	0	4	0	0	0	0	0	74	0	0	0	0	0	0	0	0	0	0	0	0	7	[2C]	1	4
28	123457193	185	3	5	3	12	0	4	4	0	0	0	0	0	0	0	0	307	15	0	4	0	0	0	0	0	74	0	0	0	0	0	0	0	0	0	0	0	0	7	[2C]	1	4
29	123457193	175	0	2	2	22	1	7	7	0	0	0	0	0	0	0	0	361	16	0	6	0	0	0	0	0	74	0	0	0	0	0	0	0	0	0	0	0	0	7	[2C 1D]	2	4
30	123457193	173	2	2	2	22	1	3	11	0	0	0	0	0	0	0	0	361	16	0	6	0	0	0	0	0	74	0	0	0	0	0	0	0	0	0	0	0	0	7	[2C 1D]	2	4
31	123457193	172	3	2	2	22	0	3	12	0	0	0	0	0	0	0	0	361	17	0	6	0	0	0	0	0	74	0	0	0	0	0	0	0	0	0	0	0	0	7	[2C 1D]	2	3
32	123457193	170	4	3	2	22	0	3	12	0	0	0	0	0	0	0	0	361	17	0	6	0	0	0	0	0	74	0	0	0	0	0	0	0	0	0	0	0	0	7	[2C 1D]	2	3
33	123457193	167	6	4	2	22	0	3	12	0	0	0	0	0	0	0	0	361	17	0	6	0	0	0	0	0	74	0	0	0	0	0	0	0	0	0	0	0	0	7	[2C 1D]	2	4
34	123457193	167	5	3	4	22	0	3	12	0	0	0	0	0	0	0	0	361	17	0	6	0	0	0	0	0	74	0	0	0	0	0	0	0	0	0	0	0	0	7	[2C 1D]	2	3
35	123457193	166	5	4	4	22	0	3	12	0	0	0	0	0	0	0	0	361	17	0	6	0	0	0	0	0	74	0	0	0	0	0	0	0	0	0	0	0	0	8	[2C 1D]	2	3
36	123457193	163	5	2	10	22	2	6	6	0	0	0	0	0	0	0	0	431	17	0	9	0	0	0	0	0	74	0	0	0	0	0	0	0	0	0	0	0	0	8	[1D 3B]	2	3
37	123457193	160	7	3	10	22	2	4	8	0	0	0	0	0	0	0	0	431	18	0	9	0	0	0	0	0	74	0	0	0	0	0	0	0	0	0	0	0	0	8	[1D 3B]	2	3
38	123457193	158	7	5	10	22	2	3	9	0	0	0	0	0	0	0	0	431	18	0	9	0	0	0	0	0	74	0	0	0	0	0	0	0	0	0	0	0	0	8	[1D 3B]	2	4
39	123457193	155	6	9	10	22	1	4	9	0	0	0	0	0	0	0	0	431	19	0	9	0	0	0	0	0	74	0	0	0	0	0	0	0	0	0	0	0	0	8	[1D 3B]	2	4
40	123457193	155	5	8	12	22	1	3	10	0	0	0	0	0	0	0	0	431	22	0	9	0	0	0	0	0	74	0	0	0	0	0	0	0	0	0	0	0	0	8	[1D 3B]	2	3
41	123457193	155	4	8	13	22	1	2	11	0	0	0	0	0	0	0	0	431	22	0	9	0	0	0	0	0	74	0	0	0	0	0	0	0	0	0	0	0	0	8	[1D 3B]	2	3
42	123457193	155	2	10	13	22	1	1	12	0	0	0	0	0	0	0	0	431	23	0	9	0	0	0	0	0	74	0	0	0	0	0	0	0	0	0	0	0	0	8	[1D 3B]	2	3
43	123457193	156	3	2	19	18	2	7	8	0	0	0	0	0	0	1	0	500	23	1	15	0	1	0	0	0	74	0	0	0	0	0	0	0	0	0	0	0	0	8	[3B 2B]	2	4
44	123457193	153	4	4	19	18	1	8	8	0	0	0	0	0	0	1	0	500	25	1	15	0	1	0	0	0	74	0	0	0	0	0	0	0	0	0	0	0	0	8	[3B 2B]	2	4
45	123457193	148	8	5	19	18	0	9	8	0	0	0	0	0	0	1	0	500	26	1	15	0	1	0	0	0	74	0	0	0	0	0	0	0	0	0	0	0	0	8	[3B 2B]	2	4
46	123457193	144	10	7	19	18	0	7	10	0	0	0	0	0	0	0	1	500	26	1	15	0	1	0	0	0	74	0	0	0	0	0	0	0	0	0	0	0	0	8	[3B 2B]	2	4
47	123457193	137	15	8	20	18	0	6	11	0	0	0	0	0	0	0	1	500	26	1	15	0	1	0	0	0	74	0	0	0	0	0	0	0	0	0	0	0	0	8	[3B 2B]	2	4
48	123457193	132	5	6	19	23	4	12	13	0	0	0	0	0	0	1	1	519	27	2	21	0	2	0	0	0	74	0	0	0	0	0	0	0	0	0	0	0	0	8	[3B 2B 1B]	3	4
49	123457193	131	6	4	21	23	2	10	17	0	0	0	0	0	0	0	2	519	28	2	21	0	2	0	0	0	74	0	0	0	0	0	0	0	0	0	0	0	0	9	[3B 2B 1B]	3	4
50	123457193	142	7	4	27	11	2	8	13	0	0	0	0	0	0	0	2	569	30	2	21	0	2	0	0	0	74	0	0	0	0	0	0	0	0	0	0	0	0	10	[2B 1B]	2	3
51	123457193	142	7	4	27	11	2	8	13	0	0	0	0	0	0	0	2	569	30	2	21	0	2	0	0	0	74	0	0	0	0	0	0	0	0	0	0	0	0	10	[2B 1B]	2	3
52	123457193	140	5	6	29	11	1	9	13	0	0	0	0	0	0	0	2	569	33	2	21	0	2	0	0	0	74	0	0	0	0	0	0	0	0	0	0	0	0	10	[2B 1B]	2	5
53	123457193	138	7	5	30	11	1	9	13	0	0	0	0	0	0	0	2	569	34	2	21	0	2	0	0	0	74	0	0	0	0	0	0	0	0	0	0	0	0	10	[2B 1B]	2	5
54	123457193	136	8	5	31	11	1	7	15	0	0	0	0	0	0	0	2	569	35	2	21	0	2	0	0	0	74	0	0	0	0	0	0	0	0	0	0	0	0	11	[2B 1B]	2	5
55	123457193	136	5	8	31	11	1	7	15	0	0	0	0	0	0	0	2	569	36	2	21	0	2	0	0	0	74	0	0	0	0	0	0	0	0	0	0	0	0	11	[2B 1B]	2	6
56	123457193	136	5	6	33	11	0	6	17	0	0	0	0	0	0	0	2	569	37	2	21	0	2	0	0	0	74	0	0	0	0	0	0	0	0	0	0	0	0	11	[2B 1B]	2	5
57	123457193	139	7	6	46	5	0	4	8	0	0	0	0	0	0	0	1	624	37	2	21	0	2	0	0	0	74	0	0	0	0	0	0	0	0	0	0	0	0	11	[1B]	1	5
58	123457193	136	9	7	46	5	0	4	8	0	0	0	0	0	0	0	1	624	37	2	21	0	2	0	0	0	74	0	0	0	0	0	0	0	0	0	0	0	0	11	[1B]	1	5
59	123457193	135	9	5	49	5	0	3	9	0	0	0	0	0	0	0	1	624	37	2	21	0	2	0	0	0	74	0	0	0	0	0	0	0	0	0	0	0	0	12	[1B]	1	4
60	123457193	132	10	7	49	5	0	3	9	0	0	0	0	0	0	0	1	624	37	2	21	0	2	0	0	0	74	0	0	0	0	0	0	0	0	0	0	0	0	12	[1B]	1	5
