day	seedRun	susceptible	exposed	infected	removed	susceptible-in-quarantine	exposed-in-quarantine	infected-in-quarantine	removed-in-quarantine	susceptible-in-quarantine-external-1	exposed-in-quarantine-external-1	infected-in-quarantine-external-1	removed-in-quarantine-external-1	susceptible-in-quarantine-external-2	exposed-in-quarantine-external-2	infected-in-quarantine-external-2	removed-in-quarantine-external-2	num-of-screened-agents	num-of-screened-agents-external-1	num-of-screened-agents-external-2	num-of-positive-agents	num-of-positive-agents-external-1	num-of-positive-agents-external-2	num-vaccinated	num-immunized	num-immunized-in-quarantine	num-immunized-in-quarantine-external-1	num-immunized-in-quarantine-external-2	num-infected-outside	classroom-in-quarantine	num-of-classroom-in-quarantine	classroom-with-at-least-one-infected
0	123457099	144	0	0	0	0	0	0	0	0	0	0	0	0	0	0	0	0	0	0	0	0	0	146	146	0	0	0	0	[]	0	0
1	123457099	142	2	0	0	0	0	0	0	0	0	0	0	0	0	0	0	0	3	0	0	0	0	146	146	0	0	0	2	[]	0	0
2	123457099	135	8	1	0	0	0	0	0	0	0	0	0	0	0	0	0	0	5	0	0	0	0	146	146	0	0	0	8	[]	0	1
3	123457099	124	16	4	0	0	0	0	0	0	0	0	0	0	0	0	0	0	8	0	0	0	0	146	146	0	0	0	15	[]	0	4
4	123457099	116	19	9	0	0	0	0	0	0	0	0	0	0	0	0	0	0	9	0	0	0	0	146	146	0	0	0	17	[]	0	5
5	123457099	106	20	6	0	1	4	6	0	0	0	0	0	0	0	1	0	19	11	1	6	0	1	146	138	8	0	0	23	[3D]	1	5
6	123457099	99	22	11	0	1	2	8	0	0	0	0	0	0	0	1	0	19	12	1	6	0	1	146	138	8	0	0	30	[3D]	1	7
7	123457099	94	20	13	2	1	1	10	1	0	0	0	0	0	0	2	0	38	15	2	8	0	2	146	138	8	0	0	35	[3D]	1	10
8	123457099	72	35	17	3	1	1	11	1	0	0	0	0	0	0	3	0	57	17	3	9	0	3	146	138	8	0	0	41	[3D]	1	12
9	123457099	61	35	23	4	1	1	12	2	0	0	0	0	0	0	4	1	95	20	5	11	0	5	146	138	8	0	0	44	[3D]	1	12
10	123457099	51	31	16	6	2	3	24	3	0	0	0	0	0	0	6	2	152	20	8	24	0	8	146	130	16	0	0	45	[3D 2C]	2	12
11	123457099	44	28	22	9	2	0	25	5	0	0	0	0	0	0	7	2	169	20	9	24	0	9	146	130	16	0	0	45	[3D 2C]	2	12
12	123457099	37	19	26	10	4	1	27	10	0	0	0	0	0	0	8	2	203	22	10	28	0	10	146	122	24	0	0	45	[3D 2C 2B]	3	12
13	123457099	34	16	29	12	4	0	26	13	0	0	0	0	0	0	6	4	221	24	10	29	0	10	146	122	24	0	0	48	[3D 2C 2B]	3	12
14	123457099	27	14	25	15	9	1	25	17	0	0	0	0	0	0	6	5	270	24	11	32	0	11	146	114	32	0	0	50	[3D 2C 2B 3B]	4	12
15	123457099	20	9	9	26	15	4	27	23	0	0	0	0	0	0	7	4	322	26	12	44	0	12	146	98	48	0	0	51	[2C 2B 3B 3C 1D 1A]	6	11
16	123457099	19	9	7	27	15	1	29	25	0	0	0	0	0	0	7	5	341	26	13	45	0	13	146	98	48	0	0	52	[2C 2B 3B 3C 1D 1A]	6	11
17	123457099	18	9	4	28	15	1	27	29	0	0	0	0	0	0	7	6	360	29	14	47	0	14	146	98	48	0	0	52	[2C 2B 3B 3C 1D 1A]	6	11
18	123457099	17	7	7	28	15	0	22	35	0	0	0	0	0	0	6	7	360	29	14	47	0	14	146	98	48	0	0	53	[2C 2B 3B 3C 1D 1A]	6	11
19	123457099	17	5	6	35	15	0	16	39	0	0	0	0	0	0	6	5	360	29	14	47	0	14	146	98	48	0	0	53	[2C 2B 3B 3C 1D 1A]	6	10
20	123457099	18	3	8	46	14	0	14	31	0	0	0	0	0	0	4	6	360	29	14	47	0	14	146	106	40	0	0	53	[2B 3B 3C 1D 1A]	5	9
21	123457099	17	4	7	47	14	0	14	32	0	0	0	0	0	0	3	6	378	30	14	48	0	14	146	106	40	0	0	54	[2B 3B 3C 1D 1A]	5	9
22	123457099	15	4	7	54	14	0	13	30	0	0	0	0	0	0	1	6	395	30	14	50	0	14	146	106	40	0	0	54	[3B 3C 1D 1A 1B]	5	8
23	123457099	13	6	6	55	14	0	12	31	0	0	0	0	0	0	1	6	395	30	14	50	0	14	146	106	40	0	0	55	[3B 3C 1D 1A 1B]	5	8
24	123457099	15	7	6	64	9	0	11	26	0	0	0	0	0	0	2	4	414	31	15	50	0	15	146	114	32	0	0	57	[3C 1D 1A 1B]	4	8
25	123457099	21	6	8	93	2	0	4	7	0	0	0	0	0	0	2	1	414	32	15	50	0	15	146	138	8	0	0	57	[1B]	1	7
26	123457099	20	7	5	96	2	0	5	6	0	0	0	0	0	0	1	2	433	32	16	51	0	16	146	138	8	0	0	58	[1B]	1	6
27	123457099	20	4	8	96	2	0	5	6	0	0	0	0	0	0	1	2	433	33	16	51	0	16	146	138	8	0	0	58	[1B]	1	7
28	123457099	19	3	6	97	2	0	6	7	0	0	0	0	0	0	2	2	452	34	17	53	0	17	146	138	8	0	0	59	[1B]	1	6
29	123457099	17	4	7	97	2	0	5	8	0	0	0	0	0	0	2	2	452	36	17	53	0	17	146	138	8	0	0	59	[1B]	1	7
30	123457099	15	6	6	98	2	0	5	8	0	0	0	0	0	0	2	2	452	39	17	53	0	17	146	138	8	0	0	60	[1B]	1	7
31	123457099	12	6	8	100	2	0	4	8	0	0	0	0	0	0	2	2	452	40	17	53	0	17	146	138	8	0	0	61	[1B]	1	8
32	123457099	11	8	8	111	0	0	2	1	0	0	0	0	0	0	2	1	452	42	17	53	0	17	146	146	0	0	0	62	[]	0	6
33	123457099	10	6	7	112	0	0	4	1	0	0	0	0	0	0	2	2	488	47	18	55	0	18	146	146	0	0	0	62	[]	0	6
34	123457099	8	7	7	114	0	0	4	1	0	0	0	0	0	0	2	1	488	48	18	55	0	18	146	146	0	0	0	64	[]	0	6
35	123457099	7	6	8	115	0	0	3	2	0	0	0	0	0	0	1	2	488	51	18	55	0	18	146	146	0	0	0	65	[]	0	8
36	123457099	5	6	3	117	0	0	8	1	0	0	1	0	0	0	1	2	526	53	19	60	1	19	146	146	0	0	0	65	[]	0	7
37	123457099	5	5	4	117	0	0	7	2	0	0	1	0	0	0	1	2	526	53	19	60	1	19	146	146	0	0	0	65	[]	0	8
38	123457099	5	4	4	121	0	0	6	1	0	0	1	0	0	0	0	2	526	56	19	60	1	19	146	146	0	0	0	65	[]	0	7
39	123457099	4	5	4	121	0	0	5	2	0	0	1	0	0	0	0	2	526	56	19	60	1	19	146	146	0	0	0	66	[]	0	7
40	123457099	3	4	5	122	0	0	4	3	0	0	1	0	0	0	0	2	526	59	19	60	1	19	146	146	0	0	0	66	[]	0	7
41	123457099	3	3	6	122	0	0	4	3	0	0	1	0	0	0	0	2	526	62	19	60	1	19	146	146	0	0	0	66	[]	0	7
42	123457099	3	3	6	122	0	0	2	5	0	0	1	0	0	0	0	2	526	65	19	60	1	19	146	146	0	0	0	66	[]	0	6
43	123457099	2	3	7	125	0	0	2	3	0	0	1	0	0	0	0	1	526	65	19	60	1	19	146	146	0	0	0	66	[]	0	7
44	123457099	1	4	5	126	0	0	1	4	0	0	1	0	0	0	1	1	545	68	20	60	1	20	146	146	0	0	0	67	[]	0	6
45	123457099	1	4	4	127	0	0	1	4	0	0	1	0	0	0	0	2	545	72	20	60	1	20	146	146	0	0	0	67	[]	0	5
46	123457099	1	2	4	136	0	0	0	0	0	0	0	0	0	0	0	1	545	76	20	60	1	20	146	146	0	0	0	67	[]	0	3
47	123457099	1	2	3	137	0	0	0	0	0	0	0	0	0	0	0	1	545	78	20	60	1	20	146	146	0	0	0	67	[]	0	2
48	123457099	1	2	3	137	0	0	0	0	0	0	0	0	0	0	0	1	545	84	20	60	1	20	146	146	0	0	0	67	[]	0	2
49	123457099	1	1	2	137	0	0	1	0	0	0	1	0	0	0	0	1	583	86	20	61	2	20	146	146	0	0	0	67	[]	0	2
50	123457099	1	1	1	138	0	0	1	0	0	0	1	0	0	0	0	1	583	88	20	61	2	20	146	146	0	0	0	67	[]	0	2
51	123457099	1	1	1	138	0	0	1	0	0	0	1	0	0	0	0	1	583	90	20	61	2	20	146	146	0	0	0	67	[]	0	2
52	123457099	1	1	1	138	0	0	0	1	0	0	1	0	0	0	0	1	583	92	20	61	2	20	146	146	0	0	0	67	[]	0	2
53	123457099	1	1	1	138	0	0	0	1	0	0	1	0	0	0	0	1	583	94	20	61	2	20	146	146	0	0	0	67	[]	0	2
54	123457099	0	2	1	139	0	0	0	1	0	0	1	0	0	0	0	0	583	95	20	61	2	20	146	146	0	0	0	68	[]	0	2
55	123457099	0	0	3	139	0	0	0	1	0	0	1	0	0	0	0	0	583	97	20	61	2	20	146	146	0	0	0	68	[]	0	4
56	123457099	0	0	2	140	0	0	0	1	0	0	1	0	0	0	0	0	583	99	20	61	2	20	146	146	0	0	0	68	[]	0	3
57	123457099	0	0	1	141	0	0	0	1	0	0	0	1	0	0	0	0	583	102	20	61	2	20	146	146	0	0	0	68	[]	0	1
58	123457099	0	0	0	141	0	0	0	1	0	0	1	1	0	0	0	0	602	105	20	61	3	20	146	146	0	0	0	68	[]	0	1
59	123457099	0	0	0	143	0	0	0	0	0	0	1	0	0	0	0	0	602	107	20	61	3	20	146	146	0	0	0	68	[]	0	1
60	123457099	0	0	0	143	0	0	0	0	0	0	0	1	0	0	0	0	602	109	20	61	3	20	146	146	0	0	0	68	[]	0	0
