day	seedRun	susceptible	exposed	infected	removed	susceptible-in-quarantine	exposed-in-quarantine	infected-in-quarantine	removed-in-quarantine	susceptible-in-quarantine-external-1	exposed-in-quarantine-external-1	infected-in-quarantine-external-1	removed-in-quarantine-external-1	susceptible-in-quarantine-external-2	exposed-in-quarantine-external-2	infected-in-quarantine-external-2	removed-in-quarantine-external-2	num-of-screened-agents	num-of-screened-agents-external-1	num-of-screened-agents-external-2	num-of-positive-agents	num-of-positive-agents-external-1	num-of-positive-agents-external-2	num-vaccinated-susceptible	num-vaccinated-exposed	num-vaccinated-infected	num-vaccinated-removed	num-vaccinated-susceptible-in-quarantine	num-vaccinated-exposed-in-quarantine	num-vaccinated-infected-in-quarantine	num-vaccinated-removed-in-quarantine	num-vaccinated-susceptible-in-quarantine-external-1	num-vaccinated-exposed-in-quarantine-external-1	num-vaccinated-infected-in-quarantine-external-1	num-vaccinated-removed-in-quarantine-external-1	num-vaccinated-susceptible-in-quarantine-external-2	num-vaccinated-exposed-in-quarantine-external-2	num-vaccinated-infected-in-quarantine-external-2	num-vaccinated-removed-in-quarantine-external-2	num-infected-outside	classroom-in-quarantine	num-of-classroom-in-quarantine	classroom-with-at-least-one-infected
0	123457102	216	0	0	0	0	0	0	0	0	0	0	0	0	0	0	0	0	0	0	0	0	0	74	0	0	0	0	0	0	0	0	0	0	0	0	0	0	0	0	[]	0	0
1	123457102	206	10	0	0	0	0	0	0	0	0	0	0	0	0	0	0	0	0	0	0	0	0	74	0	0	0	0	0	0	0	0	0	0	0	0	0	0	0	10	[]	0	0
2	123457102	187	24	4	0	0	0	0	0	0	0	1	0	0	0	0	0	0	1	0	0	1	0	73	1	0	0	0	0	0	0	0	0	0	0	0	0	0	0	24	[]	0	4
3	123457102	163	40	12	0	0	0	0	0	0	0	1	0	0	0	0	0	0	1	0	0	1	0	72	1	1	0	0	0	0	0	0	0	0	0	0	0	0	0	33	[]	0	7
4	123457102	139	53	21	1	0	0	0	0	0	0	1	0	0	0	1	0	0	2	1	0	1	1	69	4	1	0	0	0	0	0	0	0	0	0	0	0	0	0	38	[]	0	9
5	123457102	104	74	30	6	0	0	0	0	0	0	1	0	0	0	1	0	0	3	1	0	1	1	69	3	2	0	0	0	0	0	0	0	0	0	0	0	0	0	44	[]	0	12
6	123457102	100	61	40	12	0	0	0	0	0	0	1	0	0	0	2	0	0	3	2	0	1	2	69	3	2	0	0	0	0	0	0	0	0	0	0	0	0	0	48	[]	0	12
7	123457102	97	45	55	16	0	0	0	0	0	0	1	0	0	0	2	0	0	3	2	0	1	2	69	2	3	0	0	0	0	0	0	0	0	0	0	0	0	0	51	[]	0	12
8	123457102	51	80	55	27	0	0	0	0	0	0	1	0	0	0	2	0	0	4	2	0	1	2	67	4	2	1	0	0	0	0	0	0	0	0	0	0	0	0	56	[]	0	12
9	123457102	28	80	68	37	0	0	0	0	0	0	1	0	0	0	1	1	0	5	2	0	1	2	64	6	2	2	0	0	0	0	0	0	0	0	0	0	0	0	59	[]	0	12
10	123457102	15	66	87	44	0	0	0	0	0	0	1	0	0	0	2	1	0	5	3	0	1	3	60	9	3	2	0	0	0	0	0	0	0	0	0	0	0	0	61	[]	0	12
11	123457102	6	52	98	56	0	0	0	0	0	0	1	0	0	0	1	2	0	6	3	0	1	3	59	6	7	2	0	0	0	0	0	0	0	0	0	0	0	0	63	[]	0	12
12	123457102	2	34	105	70	0	0	0	0	0	0	1	0	0	0	2	2	0	7	4	0	1	4	52	11	8	3	0	0	0	0	0	0	0	0	0	0	0	0	64	[]	0	12
13	123457102	2	22	106	81	0	0	0	0	0	0	1	0	0	0	1	3	0	7	4	0	1	4	52	9	10	3	0	0	0	0	0	0	0	0	0	0	0	0	64	[]	0	12
14	123457102	1	15	99	96	0	0	0	0	0	0	1	0	0	0	1	3	0	8	4	0	1	4	52	6	13	3	0	0	0	0	0	0	0	0	0	0	0	0	65	[]	0	12
15	123457102	0	15	88	107	0	0	0	0	0	0	0	1	0	0	1	4	0	8	5	0	1	5	48	9	12	5	0	0	0	0	0	0	0	0	0	0	0	0	66	[]	0	12
16	123457102	0	8	81	121	0	0	0	0	0	0	0	0	0	0	1	5	0	9	6	0	1	6	45	8	14	7	0	0	0	0	0	0	0	0	0	0	0	0	67	[]	0	12
17	123457102	0	6	75	129	0	0	0	0	0	0	0	0	0	0	1	5	0	9	6	0	1	6	40	12	11	11	0	0	0	0	0	0	0	0	0	0	0	0	68	[]	0	12
18	123457102	0	5	62	143	0	0	0	0	0	0	1	0	0	0	1	4	0	10	6	0	2	6	38	11	12	13	0	0	0	0	0	0	0	0	0	0	0	0	68	[]	0	12
19	123457102	0	5	56	149	0	0	0	0	0	0	1	0	0	0	1	4	0	11	6	0	2	6	38	7	15	14	0	0	0	0	0	0	0	0	0	0	0	0	68	[]	0	12
20	123457102	0	3	46	160	0	0	0	0	0	0	1	0	0	0	3	3	0	12	8	0	2	8	38	6	16	14	0	0	0	0	0	0	0	0	0	0	0	0	68	[]	0	12
21	123457102	0	3	36	169	0	0	0	0	0	0	1	0	0	0	3	4	0	12	9	0	2	9	38	4	15	17	0	0	0	0	0	0	0	0	0	0	0	0	68	[]	0	12
22	123457102	0	1	30	177	0	0	0	0	0	0	1	0	0	0	2	5	0	14	9	0	2	9	37	4	14	19	0	0	0	0	0	0	0	0	0	0	0	0	68	[]	0	12
23	123457102	0	1	29	178	0	0	0	0	0	0	0	1	0	0	2	5	0	15	9	0	2	9	36	5	13	20	0	0	0	0	0	0	0	0	0	0	0	0	69	[]	0	12
24	123457102	0	1	23	183	0	0	0	0	0	0	1	1	0	0	3	4	0	16	10	0	3	10	35	4	15	20	0	0	0	0	0	0	0	0	0	0	0	0	69	[]	0	12
25	123457102	0	1	21	185	0	0	0	0	0	0	1	1	0	0	3	4	0	18	10	0	3	10	35	3	15	21	0	0	0	0	0	0	0	0	0	0	0	0	69	[]	0	12
26	123457102	0	1	16	190	0	0	0	0	0	0	2	1	0	0	3	3	0	19	10	0	4	10	35	1	16	22	0	0	0	0	0	0	0	0	0	0	0	0	69	[]	0	11
27	123457102	0	1	13	193	0	0	0	0	0	0	2	1	0	0	3	3	0	19	11	0	4	11	35	1	14	23	0	0	0	0	0	0	0	0	0	0	1	0	69	[]	0	11
28	123457102	0	0	11	196	0	0	0	0	0	0	2	1	0	0	2	4	0	21	11	0	4	11	35	0	12	26	0	0	0	0	0	0	0	0	0	0	1	0	69	[]	0	11
29	123457102	0	0	7	201	0	0	0	0	0	0	2	1	0	0	1	4	0	21	11	0	4	11	34	1	10	28	0	0	0	0	0	0	0	0	0	0	1	0	69	[]	0	9
30	123457102	0	0	5	204	0	0	0	0	0	0	2	1	0	0	1	3	0	21	11	0	4	11	34	1	9	29	0	0	0	0	0	0	0	0	0	0	0	1	69	[]	0	9
31	123457102	0	0	5	204	0	0	0	0	0	0	2	1	0	0	1	3	0	21	11	0	4	11	34	0	10	29	0	0	0	0	0	0	0	0	0	0	0	1	69	[]	0	9
32	123457102	0	0	4	206	0	0	0	0	0	0	2	0	0	0	1	3	0	21	11	0	4	11	34	0	8	31	0	0	0	0	0	0	0	0	0	0	0	1	69	[]	0	8
33	123457102	0	0	4	206	0	0	0	0	0	0	2	0	0	0	1	3	0	21	11	0	4	11	34	0	7	32	0	0	0	0	0	0	0	0	0	0	0	1	69	[]	0	7
34	123457102	0	0	4	208	0	0	0	0	0	0	2	0	0	0	1	1	0	22	11	0	4	11	34	0	5	34	0	0	0	0	0	0	0	0	0	0	0	1	69	[]	0	7
35	123457102	0	0	4	209	0	0	0	0	0	0	2	0	0	0	0	1	0	23	11	0	4	11	34	0	4	35	0	0	0	0	0	0	0	0	0	0	0	1	69	[]	0	7
36	123457102	0	0	3	209	0	0	0	0	0	0	2	0	0	0	1	1	0	23	12	0	4	12	34	0	1	38	0	0	0	0	0	0	0	0	0	0	0	1	69	[]	0	5
37	123457102	0	0	2	210	0	0	0	0	0	0	1	1	0	0	1	1	0	24	12	0	4	12	34	0	1	38	0	0	0	0	0	0	0	0	0	0	0	1	69	[]	0	3
38	123457102	0	0	1	213	0	0	0	0	0	0	0	1	0	0	1	0	0	26	12	0	4	12	34	0	1	38	0	0	0	0	0	0	0	0	0	0	0	1	69	[]	0	2
39	123457102	0	0	1	213	0	0	0	0	0	0	0	1	0	0	1	0	0	26	12	0	4	12	33	1	1	38	0	0	0	0	0	0	0	0	0	0	0	1	70	[]	0	2
40	123457102	0	0	1	214	0	0	0	0	0	0	0	0	0	0	1	0	0	26	12	0	4	12	33	1	1	38	0	0	0	0	0	0	0	0	0	0	0	1	70	[]	0	2
41	123457102	0	0	1	214	0	0	0	0	0	0	0	0	0	0	1	0	0	27	12	0	4	12	32	2	1	39	0	0	0	0	0	0	0	0	0	0	0	0	71	[]	0	2
42	123457102	0	0	1	214	0	0	0	0	0	0	0	0	0	0	0	1	0	27	12	0	4	12	32	1	2	39	0	0	0	0	0	0	0	0	0	0	0	0	71	[]	0	2
43	123457102	0	0	1	214	0	0	0	0	0	0	0	0	0	0	0	1	0	27	12	0	4	12	32	1	1	40	0	0	0	0	0	0	0	0	0	0	0	0	71	[]	0	2
44	123457102	0	0	0	215	0	0	0	0	0	0	0	0	0	0	0	1	0	29	12	0	4	12	31	1	2	40	0	0	0	0	0	0	0	0	0	0	0	0	72	[]	0	1
45	123457102	0	0	0	215	0	0	0	0	0	0	0	0	0	0	0	1	0	29	12	0	4	12	31	0	3	40	0	0	0	0	0	0	0	0	0	0	0	0	72	[]	0	1
46	123457102	0	0	0	215	0	0	0	0	0	0	0	0	0	0	0	1	0	30	12	0	4	12	31	0	2	41	0	0	0	0	0	0	0	0	0	0	0	0	72	[]	0	1
47	123457102	0	0	0	215	0	0	0	0	0	0	0	0	0	0	0	1	0	30	12	0	4	12	31	0	2	41	0	0	0	0	0	0	0	0	0	0	0	0	72	[]	0	1
48	123457102	0	0	0	215	0	0	0	0	0	0	0	0	0	0	0	1	0	31	12	0	5	12	31	0	0	42	0	0	0	0	0	0	1	0	0	0	0	0	72	[]	0	1
49	123457102	0	0	0	215	0	0	0	0	0	0	0	0	0	0	0	1	0	32	12	0	5	12	31	0	0	42	0	0	0	0	0	0	1	0	0	0	0	0	72	[]	0	1
50	123457102	0	0	0	216	0	0	0	0	0	0	0	0	0	0	0	0	0	32	12	0	5	12	31	0	0	42	0	0	0	0	0	0	0	1	0	0	0	0	72	[]	0	0
51	123457102	0	0	0	216	0	0	0	0	0	0	0	0	0	0	0	0	0	32	12	0	5	12	30	1	0	42	0	0	0	0	0	0	0	1	0	0	0	0	73	[]	0	0
52	123457102	0	0	0	216	0	0	0	0	0	0	0	0	0	0	0	0	0	33	12	0	5	12	30	1	0	42	0	0	0	0	0	0	0	1	0	0	0	0	73	[]	0	0
53	123457102	0	0	0	216	0	0	0	0	0	0	0	0	0	0	0	0	0	34	12	0	5	12	30	0	1	42	0	0	0	0	0	0	0	1	0	0	0	0	73	[]	0	0
54	123457102	0	0	0	216	0	0	0	0	0	0	0	0	0	0	0	0	0	35	12	0	5	12	30	0	1	42	0	0	0	0	0	0	0	1	0	0	0	0	73	[]	0	0
55	123457102	0	0	0	216	0	0	0	0	0	0	0	0	0	0	0	0	0	35	12	0	5	12	30	0	1	42	0	0	0	0	0	0	0	1	0	0	0	0	73	[]	0	0
56	123457102	0	0	0	216	0	0	0	0	0	0	0	0	0	0	0	0	0	37	12	0	5	12	30	0	0	43	0	0	0	0	0	0	0	1	0	0	0	0	73	[]	0	0
57	123457102	0	0	0	216	0	0	0	0	0	0	0	0	0	0	0	0	0	38	12	0	5	12	30	0	0	43	0	0	0	0	0	0	0	1	0	0	0	0	73	[]	0	0
58	123457102	0	0	0	216	0	0	0	0	0	0	0	0	0	0	0	0	0	38	12	0	5	12	30	0	0	43	0	0	0	0	0	0	0	1	0	0	0	0	73	[]	0	0
59	123457102	0	0	0	216	0	0	0	0	0	0	0	0	0	0	0	0	0	39	12	0	5	12	30	0	0	43	0	0	0	0	0	0	0	1	0	0	0	0	73	[]	0	0
60	123457102	0	0	0	216	0	0	0	0	0	0	0	0	0	0	0	0	0	40	12	0	5	12	30	0	0	43	0	0	0	0	0	0	0	1	0	0	0	0	73	[]	0	0
