day	seedRun	susceptible	exposed	infected	removed	susceptible-in-quarantine	exposed-in-quarantine	infected-in-quarantine	removed-in-quarantine	susceptible-in-quarantine-external-1	exposed-in-quarantine-external-1	infected-in-quarantine-external-1	removed-in-quarantine-external-1	susceptible-in-quarantine-external-2	exposed-in-quarantine-external-2	infected-in-quarantine-external-2	removed-in-quarantine-external-2	num-of-screened-agents	num-of-screened-agents-external-1	num-of-screened-agents-external-2	num-of-positive-agents	num-of-positive-agents-external-1	num-of-positive-agents-external-2	num-vaccinated	num-immunized	num-immunized-in-quarantine	num-immunized-in-quarantine-external-1	num-immunized-in-quarantine-external-2	num-infected-outside	classroom-in-quarantine	num-of-classroom-in-quarantine	classroom-with-at-least-one-infected
0	123457037	123	0	0	0	0	0	0	0	0	0	0	0	0	0	0	0	0	0	0	0	0	0	218	167	0	0	0	0	[]	0	0
1	123457037	123	0	0	0	0	0	0	0	0	0	0	0	0	0	0	0	0	3	0	0	0	0	218	167	0	0	0	0	[]	0	0
2	123457037	123	0	0	0	0	0	0	0	0	0	0	0	0	0	0	0	0	4	0	0	0	0	218	167	0	0	0	0	[]	0	0
3	123457037	123	0	0	0	0	0	0	0	0	0	0	0	0	0	0	0	0	4	0	0	0	0	218	167	0	0	0	0	[]	0	0
4	123457037	123	0	0	0	0	0	0	0	0	0	0	0	0	0	0	0	0	6	0	0	0	0	218	167	0	0	0	0	[]	0	0
5	123457037	123	0	0	0	0	0	0	0	0	0	0	0	0	0	0	0	0	10	0	0	0	0	218	167	0	0	0	0	[]	0	0
6	123457037	122	1	0	0	0	0	0	0	0	0	0	0	0	0	0	0	0	12	0	0	0	0	218	167	0	0	0	1	[]	0	0
7	123457037	122	1	0	0	0	0	0	0	0	0	0	0	0	0	0	0	0	14	0	0	0	0	218	167	0	0	0	1	[]	0	0
8	123457037	118	4	1	0	0	0	0	0	0	0	0	0	0	0	0	0	0	17	0	0	0	0	218	167	0	0	0	1	[]	0	1
9	123457037	115	7	1	0	0	0	0	0	0	0	0	0	0	0	0	0	0	18	0	0	0	0	218	167	0	0	0	1	[]	0	1
10	123457037	113	7	3	0	0	0	0	0	0	0	0	0	0	0	0	0	0	22	0	0	0	0	218	167	0	0	0	1	[]	0	1
11	123457037	111	2	0	0	2	2	5	0	0	0	0	0	0	0	1	0	19	25	1	5	0	1	218	157	10	0	0	1	[3D]	1	1
12	123457037	111	2	0	0	2	1	6	0	0	0	0	0	0	0	0	1	19	28	1	5	0	1	218	157	10	0	0	1	[3D]	1	1
13	123457037	111	1	1	0	2	1	5	1	0	0	0	0	0	0	0	1	19	29	1	5	0	1	218	157	10	0	0	1	[3D]	1	1
14	123457037	110	2	1	0	2	1	4	2	0	0	0	0	0	0	0	1	19	31	1	5	0	1	218	157	10	0	0	2	[3D]	1	1
15	123457037	109	3	1	0	2	1	4	2	0	0	0	0	0	0	0	1	19	35	1	5	0	1	218	157	10	0	0	2	[3D]	1	1
16	123457037	106	5	2	0	2	1	4	2	0	0	0	0	0	0	0	1	19	36	1	5	0	1	218	157	10	0	0	2	[3D]	1	2
17	123457037	106	3	1	0	2	1	5	3	0	0	0	0	0	0	1	1	38	38	2	7	0	2	218	157	10	0	0	2	[3D]	1	2
18	123457037	104	4	2	0	2	1	5	3	0	0	0	0	0	0	1	1	38	38	2	7	0	2	218	157	10	0	0	3	[3D]	1	2
19	123457037	103	5	2	0	2	0	5	4	0	0	0	0	0	0	1	1	38	39	2	7	0	2	218	157	10	0	0	3	[3D]	1	2
20	123457037	103	2	5	0	2	0	4	5	0	0	0	0	0	0	0	2	38	40	2	7	0	2	218	157	10	0	0	3	[3D]	1	5
21	123457037	105	1	6	8	0	0	1	1	0	0	0	0	0	0	0	1	38	41	2	7	0	2	218	167	0	0	0	3	[]	0	5
22	123457037	94	12	4	9	0	0	1	2	0	0	0	0	0	0	0	1	55	46	2	8	0	2	218	167	0	0	0	3	[]	0	4
23	123457037	90	15	2	12	0	0	1	2	0	0	0	0	0	0	0	1	55	47	2	8	0	2	218	167	0	0	0	3	[]	0	2
24	123457037	74	25	8	12	0	0	0	3	0	0	0	0	0	0	0	1	55	49	2	8	0	2	218	167	0	0	0	3	[]	0	3
25	123457037	61	30	16	12	0	0	0	3	0	0	0	0	0	0	0	1	55	50	2	8	0	2	218	167	0	0	0	3	[]	0	6
26	123457037	55	26	16	12	0	4	4	4	0	0	1	0	0	0	0	1	74	52	2	12	1	2	218	157	10	0	0	3	[2A]	1	6
27	123457037	55	15	25	17	0	2	5	3	0	0	1	0	0	0	0	0	74	54	2	12	1	2	218	157	10	0	0	3	[2A]	1	7
28	123457037	55	12	24	21	0	2	5	3	0	0	1	0	0	0	0	0	74	57	2	12	1	2	218	157	10	0	0	3	[2A]	1	7
29	123457037	51	9	21	23	1	3	9	4	0	0	1	0	0	0	1	0	93	57	3	16	1	3	218	145	22	0	0	3	[2A 2C]	2	7
30	123457037	47	9	22	26	1	2	8	6	0	0	1	0	0	0	1	0	93	59	3	16	1	3	218	145	22	0	0	3	[2A 2C]	2	7
31	123457037	46	6	15	25	1	3	11	13	0	0	1	0	0	0	2	0	112	61	4	23	1	4	218	137	30	0	0	3	[2A 2C 3B]	3	6
32	123457037	45	5	11	22	1	3	13	19	0	0	1	0	0	0	2	1	131	66	5	27	1	5	218	127	40	0	0	3	[2A 2C 3B 1C]	4	5
33	123457037	40	6	8	21	1	1	18	23	0	0	1	0	0	0	3	1	150	66	6	33	1	6	218	115	52	0	0	3	[2A 2C 3B 1C 2B]	5	7
34	123457037	40	4	8	23	1	1	15	26	0	0	1	0	0	0	3	1	150	67	6	33	1	6	218	115	52	0	0	3	[2A 2C 3B 1C 2B]	5	8
35	123457037	40	3	9	23	1	1	14	27	0	0	1	0	0	0	2	2	150	67	6	33	1	6	218	115	52	0	0	3	[2A 2C 3B 1C 2B]	5	8
36	123457037	38	4	2	37	1	0	12	23	0	0	0	0	0	0	3	3	188	69	8	35	1	8	218	125	42	0	0	3	[2C 3B 1C 2B]	4	7
37	123457037	38	2	4	37	1	0	12	23	0	0	0	0	0	0	3	3	188	70	8	35	1	8	218	125	42	0	0	3	[2C 3B 1C 2B]	4	7
38	123457037	37	3	3	38	1	0	10	25	0	0	0	0	0	0	3	3	188	71	8	35	1	8	218	125	42	0	0	3	[2C 3B 1C 2B]	4	7
39	123457037	38	2	1	45	0	0	10	21	0	0	0	0	0	0	4	2	207	72	9	37	1	9	218	137	30	0	0	3	[3B 1C 2B]	3	6
40	123457037	37	2	2	45	0	0	10	21	0	0	0	0	0	0	3	3	207	74	9	37	1	9	218	137	30	0	0	3	[3B 1C 2B]	3	6
41	123457037	32	1	0	56	5	1	10	13	0	0	0	0	0	0	2	3	243	78	9	39	1	9	218	137	30	0	0	3	[1C 2B 3A]	3	5
42	123457037	32	1	0	66	5	1	7	7	0	0	0	0	0	0	2	2	243	78	9	39	1	9	218	147	20	0	0	3	[2B 3A]	2	4
43	123457037	32	1	0	74	5	0	4	4	0	0	0	0	0	0	2	1	243	79	9	39	1	9	218	159	8	0	0	3	[3A]	1	3
44	123457037	32	0	1	74	5	0	4	4	0	0	0	0	0	0	1	2	243	82	9	39	1	9	218	159	8	0	0	3	[3A]	1	2
45	123457037	32	0	1	74	5	0	3	5	0	0	0	0	0	0	1	2	243	82	9	39	1	9	218	159	8	0	0	3	[3A]	1	2
46	123457037	32	0	1	75	5	0	3	5	0	0	0	0	0	0	0	2	243	84	9	39	1	9	218	159	8	0	0	3	[3A]	1	2
47	123457037	31	1	1	75	5	0	3	5	0	0	0	0	0	0	0	2	243	86	9	39	1	9	218	159	8	0	0	4	[3A]	1	2
48	123457037	31	0	2	75	5	0	1	7	0	0	0	0	0	0	0	2	243	87	9	39	1	9	218	159	8	0	0	4	[3A]	1	3
49	123457037	31	0	2	78	5	0	1	5	0	0	0	0	0	0	0	1	243	87	9	39	1	9	218	159	8	0	0	4	[3A]	1	3
50	123457037	27	4	1	79	5	0	1	5	0	0	0	0	0	0	0	1	243	89	9	39	1	9	218	159	8	0	0	4	[3A]	1	2
51	123457037	28	5	4	86	0	0	0	0	0	0	0	0	0	0	0	0	243	92	9	39	1	9	218	167	0	0	0	4	[]	0	1
52	123457037	28	5	4	86	0	0	0	0	0	0	0	0	0	0	0	0	243	92	9	39	1	9	218	167	0	0	0	4	[]	0	1
53	123457037	28	5	3	87	0	0	0	0	0	0	0	0	0	0	0	0	243	95	9	39	1	9	218	167	0	0	0	4	[]	0	1
54	123457037	28	3	5	87	0	0	0	0	0	0	0	0	0	0	0	0	243	97	9	39	1	9	218	167	0	0	0	4	[]	0	1
55	123457037	28	3	3	89	0	0	0	0	0	0	0	0	0	0	0	0	243	97	9	39	1	9	218	167	0	0	0	4	[]	0	1
56	123457037	28	3	3	89	0	0	0	0	0	0	0	0	0	0	0	0	243	99	9	39	1	9	218	167	0	0	0	4	[]	0	1
57	123457037	28	1	5	89	0	0	0	0	0	0	0	0	0	0	0	0	243	100	9	39	1	9	218	167	0	0	0	4	[]	0	1
58	123457037	28	1	5	89	0	0	0	0	0	0	0	0	0	0	0	0	243	100	9	39	1	9	218	167	0	0	0	4	[]	0	1
59	123457037	28	1	4	90	0	0	0	0	0	0	0	0	0	0	0	0	243	104	9	39	1	9	218	167	0	0	0	4	[]	0	1
60	123457037	28	1	0	90	0	0	3	0	0	0	0	0	0	0	1	0	262	107	10	42	1	10	218	167	0	0	0	4	[]	0	1
