day	seedRun	susceptible	exposed	infected	removed	susceptible-in-quarantine	exposed-in-quarantine	infected-in-quarantine	removed-in-quarantine	susceptible-in-quarantine-external-1	exposed-in-quarantine-external-1	infected-in-quarantine-external-1	removed-in-quarantine-external-1	susceptible-in-quarantine-external-2	exposed-in-quarantine-external-2	infected-in-quarantine-external-2	removed-in-quarantine-external-2	num-of-screened-agents	num-of-screened-agents-external-1	num-of-screened-agents-external-2	num-of-positive-agents	num-of-positive-agents-external-1	num-of-positive-agents-external-2	num-vaccinated	num-immunized	num-immunized-in-quarantine	num-immunized-in-quarantine-external-1	num-immunized-in-quarantine-external-2	num-infected-outside	classroom-in-quarantine	num-of-classroom-in-quarantine	classroom-with-at-least-one-infected
0	123456865	184	0	0	0	0	0	0	0	0	0	0	0	0	0	0	0	0	0	0	0	0	0	146	106	0	0	0	0	[]	0	0
1	123456865	184	0	0	0	0	0	0	0	0	0	0	0	0	0	0	0	0	3	0	0	0	0	146	106	0	0	0	0	[]	0	0
2	123456865	184	0	0	0	0	0	0	0	0	0	0	0	0	0	0	0	0	5	0	0	0	0	146	106	0	0	0	0	[]	0	0
3	123456865	184	0	0	0	0	0	0	0	0	0	0	0	0	0	0	0	0	6	0	0	0	0	146	106	0	0	0	0	[]	0	0
4	123456865	184	0	0	0	0	0	0	0	0	0	0	0	0	0	0	0	0	11	0	0	0	0	146	106	0	0	0	0	[]	0	0
5	123456865	183	1	0	0	0	0	0	0	0	0	0	0	0	0	0	0	0	12	0	0	0	0	146	106	0	0	0	1	[]	0	0
6	123456865	183	1	0	0	0	0	0	0	0	0	0	0	0	0	0	0	0	15	0	0	0	0	146	106	0	0	0	1	[]	0	0
7	123456865	183	1	0	0	0	0	0	0	0	0	0	0	0	0	0	0	0	15	0	0	0	0	146	106	0	0	0	1	[]	0	0
8	123456865	183	1	0	0	0	0	0	0	0	0	0	0	0	0	0	0	0	16	0	0	0	0	146	106	0	0	0	1	[]	0	0
9	123456865	183	1	0	0	0	0	0	0	0	0	0	0	0	0	0	0	0	19	0	0	0	0	146	106	0	0	0	1	[]	0	0
10	123456865	183	1	0	0	0	0	0	0	0	0	0	0	0	0	0	0	0	21	0	0	0	0	146	106	0	0	0	1	[]	0	0
11	123456865	176	7	1	0	0	0	0	0	0	0	0	0	0	0	0	0	0	24	0	0	0	0	146	106	0	0	0	2	[]	0	1
12	123456865	175	8	1	0	0	0	0	0	0	0	0	0	0	0	0	0	0	25	0	0	0	0	146	106	0	0	0	2	[]	0	1
13	123456865	175	5	4	0	0	0	0	0	0	0	0	0	0	0	0	0	0	28	0	0	0	0	146	106	0	0	0	2	[]	0	1
14	123456865	173	6	3	1	0	0	0	0	0	0	0	0	0	0	1	0	0	30	1	0	0	1	146	106	0	0	0	4	[]	0	1
15	123456865	156	20	6	1	0	0	0	0	0	0	0	0	0	0	1	0	0	32	1	0	0	1	146	106	0	0	0	4	[]	0	2
16	123456865	138	32	11	2	0	0	0	0	0	0	0	0	0	0	1	0	0	32	1	0	0	1	146	106	0	0	0	4	[]	0	3
17	123456865	126	35	19	3	0	0	0	0	0	0	0	0	0	0	1	0	0	33	1	0	0	1	146	106	0	0	0	4	[]	0	4
18	123456865	108	42	26	5	0	0	0	0	0	0	0	0	0	0	3	0	0	34	3	0	0	3	146	106	0	0	0	4	[]	0	5
19	123456865	90	50	27	12	0	0	0	0	0	0	1	0	0	0	3	1	0	38	4	0	1	4	146	106	0	0	0	4	[]	0	6
20	123456865	90	36	34	16	0	0	0	0	0	0	2	0	0	0	5	1	0	42	6	0	2	6	146	106	0	0	0	4	[]	0	9
21	123456865	90	33	28	23	0	0	0	0	0	0	2	0	0	0	5	3	0	44	8	0	2	8	146	106	0	0	0	4	[]	0	8
22	123456865	77	39	26	29	0	0	0	0	0	0	4	0	0	0	6	3	0	47	9	0	4	9	146	106	0	0	0	5	[]	0	8
23	123456865	63	37	36	32	0	0	0	0	0	0	3	1	0	0	7	5	0	50	12	0	4	12	146	106	0	0	0	5	[]	0	9
24	123456865	46	45	41	37	0	0	0	0	0	0	3	1	0	0	5	6	0	51	12	0	4	12	146	106	0	0	0	5	[]	0	9
25	123456865	40	39	50	40	0	0	0	0	0	0	3	1	0	0	5	6	0	51	12	0	4	12	146	106	0	0	0	5	[]	0	9
26	123456865	33	36	54	46	0	0	0	0	0	0	3	1	0	0	5	6	0	53	12	0	4	12	146	106	0	0	0	5	[]	0	10
27	123456865	33	22	59	53	0	0	0	0	0	0	5	1	0	0	5	6	0	59	12	0	6	12	146	106	0	0	0	5	[]	0	11
28	123456865	33	19	56	60	0	0	0	0	0	0	3	3	0	0	5	5	0	60	13	0	6	13	146	106	0	0	0	5	[]	0	11
29	123456865	20	25	49	73	0	0	0	0	0	0	5	2	0	0	4	6	0	63	14	0	8	14	146	106	0	0	0	5	[]	0	11
30	123456865	15	23	45	84	0	0	0	0	0	0	5	1	0	0	6	5	0	64	17	0	8	17	146	106	0	0	0	5	[]	0	12
31	123456865	13	18	43	92	0	0	0	0	0	0	7	1	0	0	7	3	0	68	18	0	10	18	146	106	0	0	0	5	[]	0	12
32	123456865	13	16	38	101	0	0	0	0	0	0	5	1	0	0	6	4	0	70	19	0	10	19	146	106	0	0	0	5	[]	0	12
33	123456865	13	11	40	107	0	0	0	0	0	0	5	1	0	0	3	4	0	70	19	0	10	19	146	106	0	0	0	5	[]	0	12
34	123456865	13	7	37	113	0	0	0	0	0	0	4	3	0	0	2	5	0	71	19	0	11	19	146	106	0	0	0	5	[]	0	10
35	123456865	13	4	33	120	0	0	0	0	0	0	4	3	0	0	2	5	0	72	19	0	11	19	146	106	0	0	0	5	[]	0	10
36	123456865	13	4	29	123	0	0	0	0	0	0	4	4	0	0	1	6	0	74	19	0	12	19	146	106	0	0	0	5	[]	0	9
37	123456865	13	4	26	127	0	0	0	0	0	0	5	2	0	0	1	6	0	76	19	0	13	19	146	106	0	0	0	5	[]	0	9
38	123456865	13	2	23	130	0	0	0	0	0	0	4	3	0	0	4	5	0	76	22	0	13	22	146	106	0	0	0	5	[]	0	9
39	123456865	13	1	19	137	0	0	0	0	0	0	4	1	0	0	3	6	0	76	23	0	13	23	146	106	0	0	0	5	[]	0	8
40	123456865	13	1	16	143	0	0	0	0	0	0	3	2	0	0	3	3	0	77	23	0	13	23	146	106	0	0	0	5	[]	0	8
41	123456865	13	1	15	147	0	0	0	0	0	0	2	1	0	0	3	2	0	79	23	0	13	23	146	106	0	0	0	5	[]	0	7
42	123456865	13	1	13	150	0	0	0	0	0	0	2	1	0	0	2	2	0	81	23	0	13	23	146	106	0	0	0	5	[]	0	7
43	123456865	13	1	11	151	0	0	0	0	0	0	2	1	0	0	1	4	0	84	24	0	13	24	146	106	0	0	0	5	[]	0	7
44	123456865	13	1	9	154	0	0	0	0	0	0	2	0	0	0	1	4	0	85	24	0	13	24	146	106	0	0	0	5	[]	0	7
45	123456865	13	0	7	157	0	0	0	0	0	0	2	0	0	0	1	4	0	85	24	0	13	24	146	106	0	0	0	5	[]	0	6
46	123456865	13	0	6	159	0	0	0	0	0	0	1	0	0	0	1	4	0	87	24	0	13	24	146	106	0	0	0	5	[]	0	6
47	123456865	13	0	6	160	0	0	0	0	0	0	0	0	0	0	1	4	0	87	24	0	13	24	146	106	0	0	0	5	[]	0	6
48	123456865	13	0	4	164	0	0	0	0	0	0	0	0	0	0	2	1	0	89	25	0	13	25	146	106	0	0	0	5	[]	0	6
49	123456865	13	0	3	166	0	0	0	0	0	0	0	0	0	0	2	0	0	92	25	0	13	25	146	106	0	0	0	5	[]	0	5
50	123456865	13	0	1	168	0	0	0	0	0	0	0	0	0	0	2	0	0	93	25	0	13	25	146	106	0	0	0	5	[]	0	3
51	123456865	13	0	1	168	0	0	0	0	0	0	0	0	0	0	2	0	0	94	25	0	13	25	146	106	0	0	0	5	[]	0	3
52	123456865	13	0	1	168	0	0	0	0	0	0	0	0	0	0	1	1	0	96	25	0	13	25	146	106	0	0	0	5	[]	0	2
53	123456865	13	0	1	169	0	0	0	0	0	0	0	0	0	0	0	1	0	99	25	0	13	25	146	106	0	0	0	5	[]	0	1
54	123456865	13	0	1	169	0	0	0	0	0	0	0	0	0	0	0	1	0	101	25	0	13	25	146	106	0	0	0	5	[]	0	1
55	123456865	13	0	1	169	0	0	0	0	0	0	0	0	0	0	0	1	0	102	25	0	13	25	146	106	0	0	0	5	[]	0	1
56	123456865	13	0	1	169	0	0	0	0	0	0	0	0	0	0	0	1	0	105	25	0	13	25	146	106	0	0	0	5	[]	0	1
57	123456865	13	0	1	169	0	0	0	0	0	0	0	0	0	0	0	1	0	107	25	0	13	25	146	106	0	0	0	5	[]	0	1
58	123456865	13	0	1	170	0	0	0	0	0	0	0	0	0	0	0	0	0	110	25	0	13	25	146	106	0	0	0	5	[]	0	1
59	123456865	13	0	1	170	0	0	0	0	0	0	0	0	0	0	0	0	0	111	25	0	13	25	146	106	0	0	0	5	[]	0	1
60	123456865	13	0	1	170	0	0	0	0	0	0	0	0	0	0	0	0	0	111	25	0	13	25	146	106	0	0	0	5	[]	0	1
