day	seedRun	susceptible	exposed	infected	removed	susceptible-in-quarantine	exposed-in-quarantine	infected-in-quarantine	removed-in-quarantine	susceptible-in-quarantine-external-1	exposed-in-quarantine-external-1	infected-in-quarantine-external-1	removed-in-quarantine-external-1	susceptible-in-quarantine-external-2	exposed-in-quarantine-external-2	infected-in-quarantine-external-2	removed-in-quarantine-external-2	num-of-screened-agents	num-of-screened-agents-external-1	num-of-screened-agents-external-2	num-of-positive-agents	num-of-positive-agents-external-1	num-of-positive-agents-external-2	num-vaccinated	num-immunized	num-immunized-in-quarantine	num-immunized-in-quarantine-external-1	num-immunized-in-quarantine-external-2	num-infected-outside	classroom-in-quarantine	num-of-classroom-in-quarantine	classroom-with-at-least-one-infected
0	123456900	200	0	0	0	0	0	0	0	0	0	0	0	0	0	0	0	0	0	0	0	0	0	146	90	0	0	0	0	[]	0	0
1	123456900	200	0	0	0	0	0	0	0	0	0	0	0	0	0	0	0	0	1	0	0	0	0	146	90	0	0	0	0	[]	0	0
2	123456900	200	0	0	0	0	0	0	0	0	0	0	0	0	0	0	0	0	3	0	0	0	0	146	90	0	0	0	0	[]	0	0
3	123456900	199	1	0	0	0	0	0	0	0	0	0	0	0	0	0	0	0	4	0	0	0	0	146	90	0	0	0	1	[]	0	0
4	123456900	199	1	0	0	0	0	0	0	0	0	0	0	0	0	0	0	0	6	0	0	0	0	146	90	0	0	0	1	[]	0	0
5	123456900	199	1	0	0	0	0	0	0	0	0	0	0	0	0	0	0	0	7	0	0	0	0	146	90	0	0	0	1	[]	0	0
6	123456900	199	1	0	0	0	0	0	0	0	0	0	0	0	0	0	0	0	9	0	0	0	0	146	90	0	0	0	1	[]	0	0
7	123456900	199	1	0	0	0	0	0	0	0	0	0	0	0	0	0	0	0	10	0	0	0	0	146	90	0	0	0	1	[]	0	0
8	123456900	199	1	0	0	0	0	0	0	0	0	0	0	0	0	0	0	0	11	0	0	0	0	146	90	0	0	0	1	[]	0	0
9	123456900	199	1	0	0	0	0	0	0	0	0	0	0	0	0	0	0	0	12	0	0	0	0	146	90	0	0	0	1	[]	0	0
10	123456900	199	1	0	0	0	0	0	0	0	0	0	0	0	0	0	0	0	13	0	0	0	0	146	90	0	0	0	1	[]	0	0
11	123456900	196	4	0	0	0	0	0	0	0	0	0	0	0	0	0	0	0	13	0	0	0	0	146	90	0	0	0	4	[]	0	0
12	123456900	196	4	0	0	0	0	0	0	0	0	0	0	0	0	0	0	0	16	0	0	0	0	146	90	0	0	0	4	[]	0	0
13	123456900	195	4	1	0	0	0	0	0	0	0	0	0	0	0	0	0	0	16	0	0	0	0	146	90	0	0	0	5	[]	0	1
14	123456900	195	2	2	1	0	0	0	0	0	0	0	0	0	0	0	0	0	18	0	0	0	0	146	90	0	0	0	5	[]	0	2
15	123456900	178	18	3	1	0	0	0	0	0	0	0	0	0	0	0	0	0	21	0	0	0	0	146	90	0	0	0	5	[]	0	3
16	123456900	156	34	9	1	0	0	0	0	0	0	0	0	0	0	0	0	0	23	0	0	0	0	146	90	0	0	0	6	[]	0	3
17	123456900	138	41	18	3	0	0	0	0	0	0	0	0	0	0	0	0	0	23	0	0	0	0	146	90	0	0	0	7	[]	0	4
18	123456900	121	43	28	7	0	0	0	0	0	0	0	0	0	0	1	0	0	24	1	0	0	1	146	90	0	0	0	7	[]	0	5
19	123456900	100	51	39	8	0	0	0	0	0	0	1	0	0	0	1	0	0	25	1	0	1	1	146	90	0	0	0	7	[]	0	7
20	123456900	100	40	40	14	0	0	0	0	0	0	1	0	0	0	5	0	0	26	5	0	1	5	146	90	0	0	0	7	[]	0	7
21	123456900	100	24	43	24	0	0	0	0	0	0	3	0	0	0	6	0	0	28	6	0	3	6	146	90	0	0	0	7	[]	0	7
22	123456900	72	44	44	31	0	0	0	0	0	0	3	0	0	0	5	1	0	30	6	0	3	6	146	90	0	0	0	7	[]	0	7
23	123456900	59	43	52	37	0	0	0	0	0	0	3	0	0	0	3	3	0	30	6	0	3	6	146	90	0	0	0	7	[]	0	8
24	123456900	37	55	56	40	0	0	0	0	0	0	2	2	0	0	4	4	0	32	8	0	4	8	146	90	0	0	0	7	[]	0	10
25	123456900	15	62	59	48	0	0	0	0	0	0	1	3	0	0	7	5	0	35	12	0	4	12	146	90	0	0	0	7	[]	0	11
26	123456900	5	62	63	53	0	0	0	0	0	0	0	4	0	0	8	5	0	37	13	0	4	13	146	90	0	0	0	7	[]	0	12
27	123456900	5	51	62	64	0	0	0	0	0	0	1	4	0	0	8	5	0	41	13	0	5	13	146	90	0	0	0	7	[]	0	12
28	123456900	5	34	69	75	0	0	0	0	0	0	1	4	0	0	8	4	0	43	13	0	5	13	146	90	0	0	0	7	[]	0	12
29	123456900	2	29	65	86	0	0	0	0	0	0	1	3	0	0	9	5	0	44	15	0	5	15	146	90	0	0	0	7	[]	0	12
30	123456900	0	21	65	97	0	0	0	0	0	0	2	3	0	0	10	2	0	45	17	0	6	17	146	90	0	0	0	7	[]	0	12
31	123456900	0	17	61	105	0	0	0	0	0	0	2	2	0	0	11	2	0	47	19	0	7	19	146	90	0	0	0	7	[]	0	12
32	123456900	0	11	59	111	0	0	0	0	0	0	3	3	0	0	9	4	0	51	19	0	9	19	146	90	0	0	0	7	[]	0	12
33	123456900	0	6	58	116	0	0	0	0	0	0	2	4	0	0	9	5	0	52	20	0	9	20	146	90	0	0	0	7	[]	0	12
34	123456900	0	6	49	127	0	0	0	0	0	0	3	3	0	0	7	5	0	54	20	0	10	20	146	90	0	0	0	7	[]	0	12
35	123456900	0	5	38	141	0	0	0	0	0	0	4	3	0	0	7	2	0	57	21	0	11	21	146	90	0	0	0	7	[]	0	12
36	123456900	0	3	36	146	0	0	0	0	0	0	4	3	0	0	7	1	0	63	21	0	11	21	146	90	0	0	0	7	[]	0	11
37	123456900	0	1	33	152	0	0	0	0	0	0	3	3	0	0	6	2	0	64	21	0	11	21	146	90	0	0	0	7	[]	0	11
38	123456900	0	1	29	154	0	0	0	0	0	0	1	5	0	0	8	2	0	65	23	0	11	23	146	90	0	0	0	7	[]	0	10
39	123456900	0	1	24	160	0	0	0	0	0	0	1	5	0	0	6	3	0	67	24	0	11	24	146	90	0	0	0	7	[]	0	10
40	123456900	0	1	21	166	0	0	0	0	0	0	1	4	0	0	5	2	0	67	24	0	11	24	146	90	0	0	0	7	[]	0	9
41	123456900	0	1	18	172	0	0	0	0	0	0	0	4	0	0	3	2	0	67	24	0	11	24	146	90	0	0	0	7	[]	0	7
42	123456900	0	0	16	177	0	0	0	0	0	0	0	2	0	0	2	3	0	67	24	0	11	24	146	90	0	0	0	7	[]	0	6
43	123456900	0	0	14	180	0	0	0	0	0	0	0	2	0	0	2	2	0	67	24	0	11	24	146	90	0	0	0	7	[]	0	6
44	123456900	0	0	9	186	0	0	0	0	0	0	0	1	0	0	2	2	0	69	24	0	11	24	146	90	0	0	0	7	[]	0	5
45	123456900	0	0	6	190	0	0	0	0	0	0	0	0	0	0	3	1	0	71	25	0	11	25	146	90	0	0	0	7	[]	0	5
46	123456900	0	0	6	190	0	0	0	0	0	0	0	0	0	0	3	1	0	72	25	0	11	25	146	90	0	0	0	7	[]	0	5
47	123456900	0	0	5	191	0	0	0	0	0	0	0	0	0	0	3	1	0	74	25	0	11	25	146	90	0	0	0	7	[]	0	5
48	123456900	0	0	5	193	0	0	0	0	0	0	0	0	0	0	1	1	0	75	25	0	11	25	146	90	0	0	0	7	[]	0	5
49	123456900	0	0	4	194	0	0	0	0	0	0	0	0	0	0	2	0	0	76	26	0	11	26	146	90	0	0	0	7	[]	0	5
50	123456900	0	0	4	194	0	0	0	0	0	0	0	0	0	0	2	0	0	78	26	0	11	26	146	90	0	0	0	7	[]	0	5
51	123456900	0	0	4	194	0	0	0	0	0	0	0	0	0	0	2	0	0	78	26	0	11	26	146	90	0	0	0	7	[]	0	5
52	123456900	0	0	3	194	0	0	0	0	0	0	1	0	0	0	1	1	0	82	26	0	12	26	146	90	0	0	0	7	[]	0	5
53	123456900	0	0	2	195	0	0	0	0	0	0	1	0	0	0	1	1	0	85	26	0	12	26	146	90	0	0	0	7	[]	0	4
54	123456900	0	0	1	195	0	0	0	0	0	0	2	0	0	0	1	1	0	88	26	0	13	26	146	90	0	0	0	7	[]	0	4
55	123456900	0	0	1	196	0	0	0	0	0	0	2	0	0	0	0	1	0	88	26	0	13	26	146	90	0	0	0	7	[]	0	3
56	123456900	0	0	1	196	0	0	0	0	0	0	1	1	0	0	0	1	0	89	26	0	13	26	146	90	0	0	0	7	[]	0	2
57	123456900	0	0	1	196	0	0	0	0	0	0	1	1	0	0	0	1	0	91	26	0	13	26	146	90	0	0	0	7	[]	0	2
58	123456900	0	0	1	196	0	0	0	0	0	0	1	1	0	0	0	1	0	93	26	0	13	26	146	90	0	0	0	7	[]	0	2
59	123456900	0	0	1	197	0	0	0	0	0	0	1	1	0	0	0	0	0	94	26	0	13	26	146	90	0	0	0	7	[]	0	2
60	123456900	0	0	1	197	0	0	0	0	0	0	1	1	0	0	0	0	0	94	26	0	13	26	146	90	0	0	0	7	[]	0	2
