day	seedRun	susceptible	exposed	infected	removed	susceptible-in-quarantine	exposed-in-quarantine	infected-in-quarantine	removed-in-quarantine	susceptible-in-quarantine-external-1	exposed-in-quarantine-external-1	infected-in-quarantine-external-1	removed-in-quarantine-external-1	susceptible-in-quarantine-external-2	exposed-in-quarantine-external-2	infected-in-quarantine-external-2	removed-in-quarantine-external-2	num-of-screened-agents	num-of-screened-agents-external-1	num-of-screened-agents-external-2	num-of-positive-agents	num-of-positive-agents-external-1	num-of-positive-agents-external-2	num-vaccinated	num-immunized	num-immunized-in-quarantine	num-immunized-in-quarantine-external-1	num-immunized-in-quarantine-external-2	num-infected-outside	classroom-in-quarantine	num-of-classroom-in-quarantine	classroom-with-at-least-one-infected
0	123457009	195	0	0	0	0	0	0	0	0	0	0	0	0	0	0	0	0	0	0	0	0	0	146	95	0	0	0	0	[]	0	0
1	123457009	195	0	0	0	0	0	0	0	0	0	0	0	0	0	0	0	0	3	0	0	0	0	146	95	0	0	0	0	[]	0	0
2	123457009	195	0	0	0	0	0	0	0	0	0	0	0	0	0	0	0	0	4	0	0	0	0	146	95	0	0	0	0	[]	0	0
3	123457009	195	0	0	0	0	0	0	0	0	0	0	0	0	0	0	0	0	4	0	0	0	0	146	95	0	0	0	0	[]	0	0
4	123457009	195	0	0	0	0	0	0	0	0	0	0	0	0	0	0	0	0	6	0	0	0	0	146	95	0	0	0	0	[]	0	0
5	123457009	195	0	0	0	0	0	0	0	0	0	0	0	0	0	0	0	0	7	0	0	0	0	146	95	0	0	0	0	[]	0	0
6	123457009	195	0	0	0	0	0	0	0	0	0	0	0	0	0	0	0	0	9	0	0	0	0	146	95	0	0	0	0	[]	0	0
7	123457009	195	0	0	0	0	0	0	0	0	0	0	0	0	0	0	0	0	12	0	0	0	0	146	95	0	0	0	0	[]	0	0
8	123457009	195	0	0	0	0	0	0	0	0	0	0	0	0	0	0	0	0	18	0	0	0	0	146	95	0	0	0	0	[]	0	0
9	123457009	195	0	0	0	0	0	0	0	0	0	0	0	0	0	0	0	0	20	0	0	0	0	146	95	0	0	0	0	[]	0	0
10	123457009	195	0	0	0	0	0	0	0	0	0	0	0	0	0	0	0	0	24	0	0	0	0	146	95	0	0	0	0	[]	0	0
11	123457009	195	0	0	0	0	0	0	0	0	0	0	0	0	0	0	0	0	25	0	0	0	0	146	95	0	0	0	0	[]	0	0
12	123457009	194	1	0	0	0	0	0	0	0	0	0	0	0	0	0	0	0	27	0	0	0	0	146	95	0	0	0	1	[]	0	0
13	123457009	194	1	0	0	0	0	0	0	0	0	0	0	0	0	0	0	0	28	0	0	0	0	146	95	0	0	0	1	[]	0	0
14	123457009	194	0	1	0	0	0	0	0	0	0	0	0	0	0	0	0	0	29	0	0	0	0	146	95	0	0	0	1	[]	0	1
15	123457009	190	4	1	0	0	0	0	0	0	0	0	0	0	0	0	0	0	30	0	0	0	0	146	95	0	0	0	1	[]	0	1
16	123457009	188	6	1	0	0	0	0	0	0	0	0	0	0	0	0	0	0	36	0	0	0	0	146	95	0	0	0	1	[]	0	1
17	123457009	183	10	2	0	0	0	0	0	0	0	0	0	0	0	0	0	0	38	0	0	0	0	146	95	0	0	0	1	[]	0	1
18	123457009	182	6	6	0	0	0	0	0	0	0	0	0	0	0	1	0	0	38	1	0	0	1	146	95	0	0	0	1	[]	0	1
19	123457009	180	7	5	1	0	0	0	0	0	0	0	0	0	0	2	0	0	40	2	0	0	2	146	95	0	0	0	1	[]	0	1
20	123457009	180	4	8	1	0	0	0	0	0	0	0	0	0	0	1	1	0	40	2	0	0	2	146	95	0	0	0	1	[]	0	2
21	123457009	180	3	8	2	0	0	0	0	0	0	0	0	0	0	0	2	0	40	2	0	0	2	146	95	0	0	0	1	[]	0	2
22	123457009	175	7	9	2	0	0	0	0	0	0	0	0	0	0	0	2	0	40	2	0	0	2	146	95	0	0	0	1	[]	0	2
23	123457009	168	12	11	2	0	0	0	0	0	0	0	0	0	0	0	2	0	42	2	0	0	2	146	95	0	0	0	2	[]	0	2
24	123457009	165	11	14	3	0	0	0	0	0	0	0	0	0	0	0	2	0	45	2	0	0	2	146	95	0	0	0	2	[]	0	2
25	123457009	161	14	11	6	0	0	0	0	0	0	0	0	0	0	1	2	0	45	3	0	0	3	146	95	0	0	0	2	[]	0	2
26	123457009	160	13	12	7	0	0	0	0	0	0	0	0	0	0	1	2	0	47	3	0	0	3	146	95	0	0	0	2	[]	0	2
27	123457009	160	9	15	7	0	0	0	0	0	0	0	0	0	0	2	2	0	50	4	0	0	4	146	95	0	0	0	2	[]	0	4
28	123457009	160	6	17	8	0	0	0	0	0	0	0	0	0	0	3	1	0	55	5	0	0	5	146	95	0	0	0	2	[]	0	4
29	123457009	154	11	16	11	0	0	0	0	0	0	0	0	0	0	3	0	0	56	5	0	0	5	146	95	0	0	0	2	[]	0	3
30	123457009	142	17	19	12	0	0	0	0	0	0	0	0	0	0	5	0	0	58	7	0	0	7	146	95	0	0	0	3	[]	0	5
31	123457009	130	21	24	15	0	0	0	0	0	0	0	0	0	0	5	0	0	58	7	0	0	7	146	95	0	0	0	3	[]	0	5
32	123457009	123	24	22	18	0	0	0	0	0	0	2	0	0	0	6	0	0	60	8	0	2	8	146	95	0	0	0	3	[]	0	6
33	123457009	115	29	22	20	0	0	0	0	0	0	3	0	0	0	3	3	0	64	8	0	3	8	146	95	0	0	0	3	[]	0	5
34	123457009	115	18	30	22	0	0	0	0	0	0	3	0	0	0	4	3	0	64	9	0	3	9	146	95	0	0	0	3	[]	0	7
35	123457009	114	14	31	27	0	0	0	0	0	0	3	0	0	0	3	3	0	67	9	0	3	9	146	95	0	0	0	4	[]	0	8
36	123457009	88	37	27	33	0	0	0	0	0	0	2	1	0	0	4	3	0	69	10	0	3	10	146	95	0	0	0	4	[]	0	8
37	123457009	69	46	31	38	0	0	0	0	0	0	2	1	0	0	5	3	0	71	12	0	3	12	146	95	0	0	0	4	[]	0	8
38	123457009	52	46	44	43	0	0	0	0	0	0	2	1	0	0	5	2	0	71	12	0	3	12	146	95	0	0	0	4	[]	0	9
39	123457009	45	42	46	47	0	0	0	0	0	0	2	1	0	0	9	3	0	74	17	0	3	17	146	95	0	0	0	4	[]	0	9
40	123457009	40	31	58	51	0	0	0	0	0	0	4	1	0	0	7	3	0	76	17	0	5	17	146	95	0	0	0	4	[]	0	10
41	123457009	40	21	61	55	0	0	0	0	0	0	3	2	0	0	9	4	0	76	20	0	5	20	146	95	0	0	0	4	[]	0	10
42	123457009	40	17	58	65	0	0	0	0	0	0	1	2	0	0	6	6	0	78	20	0	5	20	146	95	0	0	0	4	[]	0	9
43	123457009	38	14	51	73	0	0	0	0	0	0	2	1	0	0	10	6	0	80	24	0	6	24	146	95	0	0	0	4	[]	0	9
44	123457009	36	13	48	78	0	0	0	0	0	0	3	1	0	0	10	6	0	82	25	0	7	25	146	95	0	0	0	5	[]	0	9
45	123457009	29	17	44	83	0	0	0	0	0	0	4	1	0	0	11	6	0	85	26	0	8	26	146	95	0	0	0	5	[]	0	10
46	123457009	13	25	42	92	0	0	0	0	0	0	4	2	0	0	11	6	0	86	27	0	9	27	146	95	0	0	0	5	[]	0	11
47	123457009	7	25	41	101	0	0	0	0	0	0	3	3	0	0	9	6	0	87	27	0	9	27	146	95	0	0	0	5	[]	0	11
48	123457009	7	20	39	106	0	0	0	0	0	0	2	4	0	0	9	8	0	90	29	0	9	29	146	95	0	0	0	5	[]	0	11
49	123457009	7	16	36	118	0	0	0	0	0	0	2	4	0	0	4	8	0	92	29	0	9	29	146	95	0	0	0	5	[]	0	11
50	123457009	2	19	35	123	0	0	0	0	0	0	2	2	0	0	4	8	0	95	29	0	9	29	146	95	0	0	0	5	[]	0	11
51	123457009	2	11	34	133	0	0	0	0	0	0	2	2	0	0	5	6	0	96	31	0	9	31	146	95	0	0	0	5	[]	0	11
52	123457009	2	6	34	136	0	0	0	0	0	0	2	2	0	0	5	8	0	96	33	0	9	33	146	95	0	0	0	5	[]	0	11
53	123457009	1	5	33	143	0	0	0	0	0	0	2	1	0	0	4	6	0	97	34	0	9	34	146	95	0	0	0	5	[]	0	11
54	123457009	1	5	30	147	0	0	0	0	0	0	1	1	0	0	5	5	0	98	35	0	9	35	146	95	0	0	0	5	[]	0	11
55	123457009	1	4	28	152	0	0	0	0	0	0	1	0	0	0	4	5	0	100	35	0	9	35	146	95	0	0	0	5	[]	0	10
56	123457009	1	4	24	158	0	0	0	0	0	0	0	0	0	0	4	4	0	103	35	0	9	35	146	95	0	0	0	5	[]	0	9
57	123457009	1	3	22	161	0	0	0	0	0	0	0	0	0	0	2	6	0	105	35	0	9	35	146	95	0	0	0	5	[]	0	7
58	123457009	1	3	17	168	0	0	0	0	0	0	0	0	0	0	2	4	0	107	35	0	9	35	146	95	0	0	0	5	[]	0	6
59	123457009	1	1	16	171	0	0	0	0	0	0	0	0	0	0	1	5	0	108	35	0	9	35	146	95	0	0	0	5	[]	0	5
60	123457009	1	0	15	172	0	0	0	0	0	0	1	0	0	0	1	5	0	112	35	0	10	35	146	95	0	0	0	5	[]	0	4
