day	seedRun	susceptible	exposed	infected	removed	susceptible-in-quarantine	exposed-in-quarantine	infected-in-quarantine	removed-in-quarantine	susceptible-in-quarantine-external-1	exposed-in-quarantine-external-1	infected-in-quarantine-external-1	removed-in-quarantine-external-1	susceptible-in-quarantine-external-2	exposed-in-quarantine-external-2	infected-in-quarantine-external-2	removed-in-quarantine-external-2	num-of-screened-agents	num-of-screened-agents-external-1	num-of-screened-agents-external-2	num-of-positive-agents	num-of-positive-agents-external-1	num-of-positive-agents-external-2	num-vaccinated	num-immunized	num-immunized-in-quarantine	num-immunized-in-quarantine-external-1	num-immunized-in-quarantine-external-2	num-infected-outside	classroom-in-quarantine	num-of-classroom-in-quarantine	classroom-with-at-least-one-infected
0	123456825	257	0	0	0	0	0	0	0	0	0	0	0	0	0	0	0	0	0	0	0	0	0	50	33	0	0	0	0	[]	0	0
1	123456825	257	0	0	0	0	0	0	0	0	0	0	0	0	0	0	0	0	4	0	0	0	0	50	33	0	0	0	0	[]	0	0
2	123456825	257	0	0	0	0	0	0	0	0	0	0	0	0	0	0	0	0	5	0	0	0	0	50	33	0	0	0	0	[]	0	0
3	123456825	257	0	0	0	0	0	0	0	0	0	0	0	0	0	0	0	0	10	0	0	0	0	50	33	0	0	0	0	[]	0	0
4	123456825	257	0	0	0	0	0	0	0	0	0	0	0	0	0	0	0	0	11	0	0	0	0	50	33	0	0	0	0	[]	0	0
5	123456825	257	0	0	0	0	0	0	0	0	0	0	0	0	0	0	0	0	14	0	0	0	0	50	33	0	0	0	0	[]	0	0
6	123456825	256	1	0	0	0	0	0	0	0	0	0	0	0	0	0	0	0	17	0	0	0	0	50	33	0	0	0	1	[]	0	0
7	123456825	256	1	0	0	0	0	0	0	0	0	0	0	0	0	0	0	0	21	0	0	0	0	50	33	0	0	0	1	[]	0	0
8	123456825	255	2	0	0	0	0	0	0	0	0	0	0	0	0	0	0	0	25	0	0	0	0	50	33	0	0	0	2	[]	0	0
9	123456825	255	2	0	0	0	0	0	0	0	0	0	0	0	0	0	0	0	28	0	0	0	0	50	33	0	0	0	2	[]	0	0
10	123456825	254	3	0	0	0	0	0	0	0	0	0	0	0	0	0	0	0	30	0	0	0	0	50	33	0	0	0	3	[]	0	0
11	123456825	254	3	0	0	0	0	0	0	0	0	0	0	0	0	0	0	0	31	0	0	0	0	50	33	0	0	0	3	[]	0	0
12	123456825	236	19	2	0	0	0	0	0	0	0	0	0	0	0	0	0	0	32	0	0	0	0	50	33	0	0	0	3	[]	0	2
13	123456825	236	14	5	2	0	0	0	0	0	0	0	0	0	0	0	0	0	36	0	0	0	0	50	33	0	0	0	3	[]	0	2
14	123456825	236	8	11	2	0	0	0	0	0	0	0	0	0	0	0	0	0	37	0	0	0	0	50	33	0	0	0	3	[]	0	2
15	123456825	210	34	10	3	0	0	0	0	0	0	0	0	0	0	0	0	0	40	0	0	0	0	50	33	0	0	0	4	[]	0	2
16	123456825	207	28	17	5	0	0	0	0	0	0	0	0	0	0	0	0	0	44	0	0	0	0	50	33	0	0	0	4	[]	0	2
17	123456825	189	40	21	7	0	0	0	0	0	0	0	0	0	0	0	0	0	45	0	0	0	0	50	33	0	0	0	4	[]	0	2
18	123456825	168	52	27	10	0	0	0	0	0	0	0	0	0	0	0	0	0	47	0	0	0	0	50	33	0	0	0	4	[]	0	4
19	123456825	135	57	31	14	2	9	8	0	0	0	0	0	0	0	1	0	19	47	1	8	0	1	50	33	0	0	0	5	[1A]	1	7
20	123456825	126	34	40	17	11	9	17	1	0	0	1	0	0	0	1	0	38	48	1	12	1	1	50	33	0	0	0	5	[1A 3B]	2	8
21	123456825	126	22	30	19	11	9	26	11	0	0	1	0	0	0	1	1	57	49	2	21	1	2	50	33	0	0	0	5	[1A 3B 1B]	3	8
22	123456825	76	69	32	20	11	7	23	16	0	0	1	0	0	0	1	1	57	51	2	21	1	2	50	33	0	0	0	5	[1A 3B 1B]	3	9
23	123456825	42	83	45	27	11	5	23	18	0	0	1	0	0	0	1	1	57	53	2	21	1	2	50	33	0	0	0	5	[1A 3B 1B]	3	10
24	123456825	26	61	42	28	11	22	41	21	0	0	1	0	0	0	2	2	95	56	4	36	1	4	50	33	0	0	0	6	[1A 3B 1B 2B 1D]	5	11
25	123456825	22	33	37	25	11	29	58	35	0	0	2	0	0	0	3	2	133	58	5	51	2	5	50	33	0	0	0	6	[1A 3B 1B 2B 1D 2A 3D]	7	11
26	123456825	9	26	33	29	11	29	70	42	0	0	2	0	0	0	3	3	152	58	6	63	2	6	50	33	0	0	0	6	[1A 3B 1B 2B 1D 2A 3D 2D]	8	12
27	123456825	9	15	28	25	11	21	81	58	0	0	3	0	0	0	3	3	171	60	6	69	3	6	50	33	0	0	0	6	[1A 3B 1B 2B 1D 2A 3D 2D 2C]	9	12
28	123456825	9	11	29	28	11	16	71	73	0	0	3	0	0	0	3	3	171	60	6	69	3	6	50	33	0	0	0	6	[1A 3B 1B 2B 1D 2A 3D 2D 2C]	9	12
29	123456825	5	11	32	49	9	12	68	63	0	0	3	0	0	0	3	2	171	60	6	69	3	6	50	33	0	0	0	6	[3B 1B 2B 1D 2A 3D 2D 2C]	8	11
30	123456825	14	5	22	56	0	10	71	71	0	0	2	0	0	0	4	2	190	60	7	80	3	7	50	33	0	0	0	6	[1B 2B 1D 2A 3D 2D 2C 3C]	8	10
31	123456825	14	3	21	79	0	8	58	67	0	0	2	0	0	0	3	2	190	62	7	80	3	7	50	33	0	0	0	6	[2B 1D 2A 3D 2D 2C 3C]	7	9
32	123456825	14	0	9	74	0	6	58	88	0	0	2	0	0	0	4	2	209	63	8	90	3	8	50	33	0	0	0	6	[2B 1D 2A 3D 2D 2C 3C 1C]	8	9
33	123456825	14	0	9	74	0	4	52	96	0	0	2	0	0	0	4	2	209	63	8	90	3	8	50	33	0	0	0	6	[2B 1D 2A 3D 2D 2C 3C 1C]	8	9
34	123456825	14	0	9	114	0	3	36	75	0	0	2	0	0	0	1	3	209	65	8	90	3	8	50	33	0	0	0	6	[2A 3D 2D 2C 3C 1C]	6	7
35	123456825	14	0	9	154	0	2	22	52	0	0	1	0	0	0	1	2	209	65	8	90	3	8	50	33	0	0	0	6	[2D 2C 3C 1C]	4	5
36	123456825	14	0	8	175	0	1	15	41	0	0	1	0	0	0	1	1	209	68	8	90	3	8	50	33	0	0	0	6	[2C 3C 1C]	3	4
37	123456825	14	0	8	195	0	1	10	27	0	0	0	0	0	0	1	1	209	71	8	90	3	8	50	33	0	0	0	6	[3C 1C]	2	3
38	123456825	14	0	6	197	0	0	10	28	0	0	0	0	0	0	1	1	209	72	8	90	3	8	50	33	0	0	0	6	[3C 1C]	2	3
39	123456825	10	4	5	198	0	0	8	30	0	0	0	0	0	0	1	1	209	72	8	90	3	8	50	33	0	0	0	6	[3C 1C]	2	3
40	123456825	6	5	8	218	0	0	3	16	0	0	0	0	0	0	1	0	209	72	8	90	3	8	50	33	0	0	0	6	[1C]	1	3
41	123456825	6	3	9	219	0	0	3	16	0	0	0	0	0	0	1	0	209	74	8	90	3	8	50	33	0	0	0	6	[1C]	1	3
42	123456825	6	2	10	239	0	0	0	0	0	0	0	0	0	0	0	0	209	75	8	90	3	8	50	33	0	0	0	6	[]	0	2
43	123456825	5	2	10	240	0	0	0	0	0	0	0	0	0	0	0	0	209	75	8	90	3	8	50	33	0	0	0	6	[]	0	2
44	123456825	5	1	10	241	0	0	0	0	0	0	0	0	0	0	0	0	209	78	8	90	3	8	50	33	0	0	0	6	[]	0	2
45	123456825	5	1	10	241	0	0	0	0	0	0	0	0	0	0	0	0	209	79	8	90	3	8	50	33	0	0	0	6	[]	0	2
46	123456825	5	0	11	241	0	0	0	0	0	0	0	0	0	0	0	0	209	80	8	90	3	8	50	33	0	0	0	6	[]	0	2
47	123456825	5	0	4	244	0	0	3	0	0	0	0	0	0	0	1	0	228	80	9	93	3	9	50	33	0	0	0	6	[]	0	2
48	123456825	5	0	4	244	0	0	2	1	0	0	0	0	0	0	1	0	228	82	9	93	3	9	50	33	0	0	0	6	[]	0	2
49	123456825	5	0	1	245	0	0	3	1	0	0	0	0	0	0	2	0	247	86	10	94	3	10	50	33	0	0	0	6	[]	0	2
50	123456825	5	0	1	245	0	0	3	1	0	0	0	0	0	0	2	0	247	89	10	94	3	10	50	33	0	0	0	6	[]	0	2
51	123456825	5	0	0	246	0	0	3	1	0	0	0	0	0	0	1	1	247	91	10	94	3	10	50	33	0	0	0	6	[]	0	2
52	123456825	5	0	0	246	0	0	3	1	0	0	0	0	0	0	0	2	263	93	10	94	3	10	50	33	0	0	0	6	[]	0	2
53	123456825	5	0	0	246	0	0	3	1	0	0	0	0	0	0	0	2	263	94	10	94	3	10	50	33	0	0	0	6	[]	0	2
54	123456825	5	0	0	246	0	0	2	2	0	0	0	0	0	0	0	2	281	94	10	94	3	10	50	33	0	0	0	6	[]	0	2
55	123456825	5	0	0	246	0	0	2	2	0	0	0	0	0	0	0	2	281	96	10	94	3	10	50	33	0	0	0	6	[]	0	2
56	123456825	5	0	0	246	0	0	2	2	0	0	0	0	0	0	0	2	281	99	10	94	3	10	50	33	0	0	0	6	[]	0	2
57	123456825	5	0	0	250	0	0	1	0	0	0	0	0	0	0	0	1	281	100	10	94	3	10	50	33	0	0	0	6	[]	0	1
58	123456825	5	0	0	250	0	0	1	0	0	0	0	0	0	0	0	1	281	101	10	94	3	10	50	33	0	0	0	6	[]	0	1
59	123456825	5	0	0	252	0	0	0	0	0	0	0	0	0	0	0	0	281	101	10	94	3	10	50	33	0	0	0	6	[]	0	0
60	123456825	5	0	0	252	0	0	0	0	0	0	0	0	0	0	0	0	281	101	10	94	3	10	50	33	0	0	0	6	[]	0	0
