day	seedRun	susceptible	exposed	infected	removed	susceptible-in-quarantine	exposed-in-quarantine	infected-in-quarantine	removed-in-quarantine	susceptible-in-quarantine-external-1	exposed-in-quarantine-external-1	infected-in-quarantine-external-1	removed-in-quarantine-external-1	susceptible-in-quarantine-external-2	exposed-in-quarantine-external-2	infected-in-quarantine-external-2	removed-in-quarantine-external-2	num-of-screened-agents	num-of-screened-agents-external-1	num-of-screened-agents-external-2	num-of-positive-agents	num-of-positive-agents-external-1	num-of-positive-agents-external-2	num-vaccinated-susceptible	num-vaccinated-exposed	num-vaccinated-infected	num-vaccinated-removed	num-vaccinated-susceptible-in-quarantine	num-vaccinated-exposed-in-quarantine	num-vaccinated-infected-in-quarantine	num-vaccinated-removed-in-quarantine	num-vaccinated-susceptible-in-quarantine-external-1	num-vaccinated-exposed-in-quarantine-external-1	num-vaccinated-infected-in-quarantine-external-1	num-vaccinated-removed-in-quarantine-external-1	num-vaccinated-susceptible-in-quarantine-external-2	num-vaccinated-exposed-in-quarantine-external-2	num-vaccinated-infected-in-quarantine-external-2	num-vaccinated-removed-in-quarantine-external-2	num-infected-outside	classroom-in-quarantine	num-of-classroom-in-quarantine	classroom-with-at-least-one-infected
0	123457192	216	0	0	0	0	0	0	0	0	0	0	0	0	0	0	0	0	0	0	0	0	0	74	0	0	0	0	0	0	0	0	0	0	0	0	0	0	0	0	[]	0	0
1	123457192	214	2	0	0	0	0	0	0	0	0	0	0	0	0	0	0	0	0	0	0	0	0	74	0	0	0	0	0	0	0	0	0	0	0	0	0	0	0	2	[]	0	0
2	123457192	199	16	1	0	0	0	0	0	0	0	0	0	0	0	0	0	0	1	0	0	0	0	72	2	0	0	0	0	0	0	0	0	0	0	0	0	0	0	14	[]	0	1
3	123457192	189	20	7	0	0	0	0	0	0	0	0	0	0	0	0	0	0	1	0	0	0	0	72	2	0	0	0	0	0	0	0	0	0	0	0	0	0	0	15	[]	0	6
4	123457192	171	35	10	0	0	0	0	0	0	0	0	0	0	0	0	0	0	2	0	0	0	0	68	5	1	0	0	0	0	0	0	0	0	0	0	0	0	0	19	[]	0	6
5	123457192	143	50	22	1	0	0	0	0	0	0	0	0	0	0	0	0	0	2	0	0	0	0	66	5	3	0	0	0	0	0	0	0	0	0	0	0	0	0	22	[]	0	7
6	123457192	139	42	30	5	0	0	0	0	0	0	0	0	0	0	0	0	0	2	0	0	0	0	65	4	4	1	0	0	0	0	0	0	0	0	0	0	0	0	27	[]	0	9
7	123457192	125	28	36	9	10	2	4	1	0	0	0	0	0	0	1	0	19	3	1	5	0	1	63	3	5	1	1	0	1	0	0	0	0	0	0	0	0	0	32	[1A]	1	10
8	123457192	97	49	37	15	10	0	5	2	0	0	0	0	0	0	1	0	19	4	1	5	0	1	59	7	5	1	1	0	1	0	0	0	0	0	0	0	0	0	36	[1A]	1	10
9	123457192	73	60	44	21	10	0	4	3	0	0	0	0	0	0	1	0	19	4	1	5	0	1	54	9	8	1	1	0	1	0	0	0	0	0	0	0	0	0	39	[1A]	1	12
10	123457192	50	69	52	27	10	0	4	3	0	0	0	0	0	0	1	0	19	4	1	5	0	1	51	9	10	2	1	0	0	1	0	0	0	0	0	0	0	0	40	[1A]	1	12
11	123457192	32	71	62	33	10	0	3	4	0	0	0	0	0	0	1	0	19	4	1	5	0	1	46	11	12	3	1	0	0	1	0	0	0	0	0	0	0	0	41	[1A]	1	12
12	123457192	23	57	65	35	12	3	10	9	0	0	1	0	0	0	1	0	38	5	1	14	1	1	39	15	13	3	2	1	0	1	0	0	0	0	0	0	0	0	41	[1A 1D]	2	12
13	123457192	21	43	65	33	14	9	15	13	0	0	1	0	0	0	2	0	57	5	2	22	1	2	39	11	15	3	2	1	2	1	0	0	0	0	0	0	0	0	41	[1A 1D 3A]	3	12
14	123457192	21	33	68	40	14	9	14	14	0	0	0	1	0	0	2	0	57	5	2	22	1	2	39	9	16	4	2	0	3	1	0	0	0	0	0	0	0	0	41	[1A 1D 3A]	3	12
15	123457192	9	33	45	39	14	11	36	24	0	0	0	1	0	0	4	0	95	5	4	44	1	4	35	9	14	6	3	1	4	2	0	0	0	0	0	0	0	0	42	[1A 1D 3A 3C 2D]	5	12
16	123457192	6	19	39	26	14	11	44	51	0	0	1	1	0	0	3	1	133	6	5	61	2	5	30	10	14	6	3	2	5	3	0	0	0	0	0	0	1	0	42	[1A 1D 3A 3C 2D 1B 1C]	7	12
17	123457192	2	11	34	25	15	14	50	58	0	0	1	1	0	0	4	1	152	6	6	69	2	6	29	9	13	7	3	0	8	4	0	0	0	0	0	0	1	0	42	[1A 1D 3A 3C 2D 1B 1C 3D]	8	12
18	123457192	1	7	35	29	15	8	52	62	0	0	1	1	0	0	3	2	152	6	6	69	2	6	28	6	16	8	3	0	8	4	0	0	0	0	0	0	0	1	43	[1A 1D 3A 3C 2D 1B 1C 3D]	8	12
19	123457192	0	7	23	24	15	7	54	78	0	0	1	1	0	0	4	2	171	6	7	76	2	7	27	5	14	10	3	1	7	6	0	0	0	0	0	0	0	1	43	[1A 1D 3A 3C 2D 1B 1C 3D 2C]	9	11
20	123457192	0	5	20	29	15	6	47	86	0	0	0	2	0	0	3	3	171	6	7	76	2	7	27	2	16	11	3	1	7	6	0	0	0	0	0	0	0	1	43	[1A 1D 3A 3C 2D 1B 1C 3D 2C]	9	11
21	123457192	10	3	20	39	5	5	39	88	0	0	0	2	0	0	3	2	171	6	7	76	2	7	28	2	16	12	2	0	7	6	0	0	0	0	0	0	0	1	43	[1D 3A 3C 2D 1B 1C 3D 2C]	8	11
22	123457192	10	1	19	42	5	1	36	95	0	0	0	2	0	0	3	2	171	6	7	76	2	7	28	1	15	14	2	0	5	8	0	0	0	0	0	0	0	1	43	[1D 3A 3C 2D 1B 1C 3D 2C]	8	10
23	123457192	10	1	12	31	5	0	35	114	0	0	0	2	0	0	2	4	190	6	8	82	2	8	26	2	12	16	2	0	7	8	0	0	0	0	0	0	0	1	45	[1D 3A 3C 2D 1B 1C 3D 2C 2B]	9	10
24	123457192	10	0	3	23	5	1	32	133	0	0	0	2	0	0	3	4	209	6	9	87	2	9	25	0	11	18	3	0	8	8	0	0	0	0	0	0	0	1	45	[1D 3A 3C 2D 1B 1C 3D 2C 2B 2A]	10	10
25	123457192	10	0	2	24	5	1	28	137	0	0	0	2	0	0	3	4	209	6	9	87	2	9	25	0	9	20	3	0	7	9	0	0	0	0	0	0	0	1	45	[1D 3A 3C 2D 1B 1C 3D 2C 2B 2A]	10	10
26	123457192	12	0	2	40	3	1	20	130	0	0	0	1	0	0	3	4	209	6	9	87	2	9	26	0	9	21	2	0	7	8	0	0	0	0	0	0	0	1	45	[3A 3C 2D 1B 1C 3D 2C 2B 2A]	9	9
27	123457192	13	1	2	56	1	1	16	119	0	0	0	1	0	0	2	4	209	7	9	87	2	9	26	0	7	25	2	0	6	7	0	0	0	0	0	0	0	1	46	[3C 2D 1B 1C 3D 2C 2B 2A]	8	8
28	123457192	12	2	2	56	1	1	14	121	0	0	0	1	0	0	2	4	209	7	9	87	2	9	26	0	5	27	2	0	5	8	0	0	0	0	0	0	0	1	47	[3C 2D 1B 1C 3D 2C 2B 2A]	8	8
29	123457192	12	1	3	92	1	0	11	91	0	0	0	1	0	0	1	3	209	7	9	87	2	9	26	1	4	31	1	0	3	7	0	0	0	0	0	0	0	1	47	[1B 1C 3D 2C 2B 2A]	6	7
30	123457192	12	1	3	128	1	0	7	60	0	0	0	0	0	0	1	3	209	7	9	87	2	9	26	1	4	35	1	0	2	5	0	0	0	0	0	0	0	0	47	[3D 2C 2B 2A]	4	6
31	123457192	12	2	3	145	0	0	6	45	0	0	0	0	0	0	1	2	209	7	9	87	2	9	26	1	4	37	1	0	2	3	0	0	0	0	0	0	0	0	48	[2C 2B 2A]	3	5
32	123457192	12	0	5	145	0	0	5	46	0	0	0	0	0	0	1	2	209	8	9	87	2	9	25	2	3	38	1	0	2	3	0	0	0	0	0	0	0	0	49	[2C 2B 2A]	3	6
33	123457192	9	3	3	147	0	0	6	45	0	0	0	0	0	0	1	2	228	8	10	88	2	10	25	2	3	38	1	0	1	4	0	0	0	0	0	0	0	0	49	[2B 2A 3B]	3	5
34	123457192	9	0	5	148	0	0	6	45	0	0	0	0	0	0	1	2	228	9	10	88	2	10	25	1	3	39	1	0	1	4	0	0	0	0	0	0	0	0	49	[2B 2A 3B]	3	4
35	123457192	9	0	5	148	0	0	6	45	0	0	0	0	0	0	1	2	228	9	10	88	2	10	25	1	3	39	1	0	1	4	0	0	0	0	0	0	0	0	49	[2B 2A 3B]	3	4
36	123457192	8	1	5	148	0	0	6	45	0	0	0	0	0	0	1	2	228	9	10	88	2	10	25	0	2	41	1	0	1	4	0	0	0	0	0	0	0	0	49	[2B 2A 3B]	3	4
37	123457192	7	2	4	167	0	0	3	31	0	0	0	0	0	0	1	1	228	9	10	88	2	10	25	0	1	44	1	0	1	2	0	0	0	0	0	0	0	0	49	[2A 3B]	2	3
38	123457192	6	2	5	185	0	0	1	16	0	0	0	0	0	0	1	0	228	10	10	88	2	10	26	0	1	45	0	0	0	2	0	0	0	0	0	0	0	0	49	[3B]	1	2
39	123457192	5	2	6	185	0	0	1	16	0	0	0	0	0	0	1	0	228	11	10	88	2	10	26	0	1	45	0	0	0	2	0	0	0	0	0	0	0	0	49	[3B]	1	2
40	123457192	5	1	7	185	0	0	1	16	0	0	0	0	0	0	0	1	228	11	10	88	2	10	25	1	1	45	0	0	0	2	0	0	0	0	0	0	0	0	49	[3B]	1	2
41	123457192	5	1	7	185	0	0	1	16	0	0	0	0	0	0	0	1	228	12	10	88	2	10	25	1	1	45	0	0	0	2	0	0	0	0	0	0	0	0	49	[3B]	1	2
42	123457192	5	1	7	185	0	0	0	17	0	0	0	0	0	0	0	1	228	13	10	88	2	10	25	1	1	45	0	0	0	2	0	0	0	0	0	0	0	0	49	[3B]	1	1
43	123457192	4	2	7	185	0	0	0	17	0	0	0	0	0	0	0	1	228	14	10	88	2	10	25	0	2	45	0	0	0	2	0	0	0	0	0	0	0	0	50	[3B]	1	1
44	123457192	3	1	9	185	0	0	0	17	0	0	0	0	0	0	0	1	228	15	10	88	2	10	25	0	2	45	0	0	0	2	0	0	0	0	0	0	0	0	50	[3B]	1	2
45	123457192	3	1	9	185	0	0	0	17	0	0	0	0	0	0	0	1	228	15	10	88	2	10	25	0	2	45	0	0	0	2	0	0	0	0	0	0	0	0	50	[3B]	1	2
46	123457192	3	1	8	186	0	0	0	17	0	0	0	0	0	0	0	1	228	16	10	88	2	10	25	0	2	45	0	0	0	2	0	0	0	0	0	0	0	0	50	[3B]	1	2
47	123457192	3	0	9	204	0	0	0	0	0	0	0	0	0	0	0	0	228	16	10	88	2	10	23	2	1	48	0	0	0	0	0	0	0	0	0	0	0	0	51	[]	0	2
48	123457192	3	0	7	206	0	0	0	0	0	0	0	0	0	0	0	0	228	16	10	88	2	10	23	2	1	48	0	0	0	0	0	0	0	0	0	0	0	0	51	[]	0	2
49	123457192	3	0	7	206	0	0	0	0	0	0	0	0	0	0	0	0	228	16	10	88	2	10	23	2	1	48	0	0	0	0	0	0	0	0	0	0	0	0	51	[]	0	2
50	123457192	3	0	6	207	0	0	0	0	0	0	0	0	0	0	0	0	228	17	10	88	2	10	23	0	3	48	0	0	0	0	0	0	0	0	0	0	0	0	51	[]	0	3
51	123457192	3	0	6	207	0	0	0	0	0	0	0	0	0	0	0	0	228	19	10	88	2	10	22	1	3	48	0	0	0	0	0	0	0	0	0	0	0	0	52	[]	0	3
52	123457192	3	0	6	207	0	0	0	0	0	0	0	0	0	0	0	0	228	19	10	88	2	10	22	1	3	48	0	0	0	0	0	0	0	0	0	0	0	0	52	[]	0	3
53	123457192	3	0	5	208	0	0	0	0	0	0	0	0	0	0	0	0	228	20	10	88	2	10	21	2	3	48	0	0	0	0	0	0	0	0	0	0	0	0	52	[]	0	3
54	123457192	3	0	4	209	0	0	0	0	0	0	0	0	0	0	0	0	228	21	10	88	2	10	20	2	4	48	0	0	0	0	0	0	0	0	0	0	0	0	52	[]	0	3
55	123457192	3	0	3	210	0	0	0	0	0	0	0	0	0	0	0	0	228	24	10	88	2	10	19	2	4	49	0	0	0	0	0	0	0	0	0	0	0	0	53	[]	0	3
56	123457192	2	1	3	210	0	0	0	0	0	0	0	0	0	0	0	0	228	25	10	88	2	10	19	2	3	50	0	0	0	0	0	0	0	0	0	0	0	0	54	[]	0	3
57	123457192	2	1	3	210	0	0	0	0	0	0	0	0	0	0	0	0	228	26	10	88	2	10	19	1	4	50	0	0	0	0	0	0	0	0	0	0	0	0	54	[]	0	3
58	123457192	2	1	3	210	0	0	0	0	0	0	0	0	0	0	0	0	228	26	10	88	2	10	19	0	5	50	0	0	0	0	0	0	0	0	0	0	0	0	54	[]	0	3
59	123457192	2	1	3	210	0	0	0	0	0	0	0	0	0	0	0	0	228	27	10	88	2	10	19	0	5	50	0	0	0	0	0	0	0	0	0	0	0	0	54	[]	0	3
60	123457192	2	1	2	211	0	0	0	0	0	0	0	0	0	0	0	0	228	28	10	88	2	10	19	0	4	51	0	0	0	0	0	0	0	0	0	0	0	0	54	[]	0	3
