day	seedRun	susceptible	exposed	infected	removed	susceptible-in-quarantine	exposed-in-quarantine	infected-in-quarantine	removed-in-quarantine	susceptible-in-quarantine-external-1	exposed-in-quarantine-external-1	infected-in-quarantine-external-1	removed-in-quarantine-external-1	susceptible-in-quarantine-external-2	exposed-in-quarantine-external-2	infected-in-quarantine-external-2	removed-in-quarantine-external-2	num-of-screened-agents	num-of-screened-agents-external-1	num-of-screened-agents-external-2	num-of-positive-agents	num-of-positive-agents-external-1	num-of-positive-agents-external-2	num-vaccinated	num-immunized	num-immunized-in-quarantine	num-immunized-in-quarantine-external-1	num-immunized-in-quarantine-external-2	num-infected-outside	classroom-in-quarantine	num-of-classroom-in-quarantine	classroom-with-at-least-one-infected
0	123457168	249	0	0	0	0	0	0	0	0	0	0	0	0	0	0	0	0	0	0	0	0	0	74	41	0	0	0	0	[]	0	0
1	123457168	249	0	0	0	0	0	0	0	0	0	0	0	0	0	0	0	0	1	0	0	0	0	74	41	0	0	0	0	[]	0	0
2	123457168	248	1	0	0	0	0	0	0	0	0	0	0	0	0	0	0	0	1	0	0	0	0	74	41	0	0	0	1	[]	0	0
3	123457168	247	2	0	0	0	0	0	0	0	0	0	0	0	0	0	0	0	4	0	0	0	0	74	41	0	0	0	2	[]	0	0
4	123457168	240	8	1	0	0	0	0	0	0	0	0	0	0	0	0	0	0	4	0	0	0	0	74	41	0	0	0	2	[]	0	1
5	123457168	230	16	3	0	0	0	0	0	0	0	0	0	0	0	0	0	0	4	0	0	0	0	74	41	0	0	0	2	[]	0	1
6	123457168	230	12	5	1	0	0	0	0	0	0	0	0	0	0	1	0	0	6	1	0	0	1	74	41	0	0	0	2	[]	0	2
7	123457168	229	9	8	1	0	0	0	0	0	0	0	0	0	0	2	0	0	9	2	0	0	2	74	41	0	0	0	3	[]	0	2
8	123457168	223	15	6	2	0	0	0	0	0	0	0	0	0	0	3	0	0	12	3	0	0	3	74	41	0	0	0	4	[]	0	2
9	123457168	216	19	8	2	0	0	0	0	0	0	0	0	0	0	4	0	0	12	4	0	0	4	74	41	0	0	0	5	[]	0	3
10	123457168	187	45	8	5	0	0	0	0	0	0	0	0	0	0	3	1	0	13	4	0	0	4	74	41	0	0	0	5	[]	0	5
11	123457168	155	63	19	8	0	0	0	0	0	0	0	0	0	0	3	1	0	15	4	0	0	4	74	41	0	0	0	5	[]	0	5
12	123457168	140	53	40	8	0	0	0	0	0	0	1	0	0	0	6	1	0	17	7	0	1	7	74	41	0	0	0	5	[]	0	6
13	123457168	140	36	52	10	0	0	0	0	0	0	2	0	0	0	8	1	0	19	9	0	2	9	74	41	0	0	0	5	[]	0	7
14	123457168	140	22	51	21	0	0	0	0	0	0	5	0	0	0	8	2	0	22	10	0	5	10	74	41	0	0	0	5	[]	0	8
15	123457168	118	39	48	27	0	0	0	0	0	0	6	0	0	0	8	3	0	23	11	0	6	11	74	41	0	0	0	6	[]	0	8
16	123457168	80	64	52	36	0	0	0	0	0	0	6	0	0	0	6	5	0	23	12	0	6	12	74	41	0	0	0	6	[]	0	9
17	123457168	42	90	57	44	0	0	0	0	0	0	5	1	0	0	4	6	0	24	12	0	6	12	74	41	0	0	0	6	[]	0	10
18	123457168	8	102	64	55	0	0	0	0	0	0	5	1	0	0	7	7	0	25	17	0	6	17	74	41	0	0	0	6	[]	0	12
19	123457168	3	79	80	66	0	0	0	0	0	0	5	2	0	0	8	6	0	29	18	0	7	18	74	41	0	0	0	6	[]	0	12
20	123457168	3	55	96	73	0	0	0	0	0	0	5	2	0	0	8	7	0	31	19	0	7	19	74	41	0	0	0	6	[]	0	12
21	123457168	3	33	102	88	0	0	0	0	0	0	4	3	0	0	9	7	0	31	20	0	7	20	74	41	0	0	0	6	[]	0	12
22	123457168	2	24	94	106	0	0	0	0	0	0	3	3	0	0	12	5	0	32	24	0	7	24	74	41	0	0	0	6	[]	0	12
23	123457168	2	14	84	127	0	0	0	0	0	0	3	3	0	0	11	5	0	34	25	0	8	25	74	41	0	0	0	6	[]	0	12
24	123457168	2	11	72	144	0	0	0	0	0	0	5	0	0	0	11	4	0	37	25	0	10	25	74	41	0	0	0	6	[]	0	12
25	123457168	2	7	68	151	0	0	0	0	0	0	5	0	0	0	11	5	0	38	27	0	11	27	74	41	0	0	0	6	[]	0	12
26	123457168	2	5	62	159	0	0	0	0	0	0	4	2	0	0	10	5	0	39	27	0	12	27	74	41	0	0	0	6	[]	0	12
27	123457168	2	4	50	170	0	0	0	0	0	0	3	3	0	0	10	7	0	39	29	0	12	29	74	41	0	0	0	6	[]	0	12
28	123457168	2	4	43	180	0	0	0	0	0	0	3	4	0	0	8	5	0	41	30	0	13	30	74	41	0	0	0	6	[]	0	12
29	123457168	2	4	35	188	0	0	0	0	0	0	5	3	0	0	7	5	0	43	30	0	15	30	74	41	0	0	0	6	[]	0	12
30	123457168	2	3	29	196	0	0	0	0	0	0	5	3	0	0	5	6	0	44	30	0	15	30	74	41	0	0	0	6	[]	0	11
31	123457168	2	1	25	203	0	0	0	0	0	0	5	3	0	0	4	6	0	44	30	0	15	30	74	41	0	0	0	6	[]	0	10
32	123457168	2	1	21	209	0	0	0	0	0	0	4	4	0	0	6	2	0	45	32	0	15	32	74	41	0	0	0	6	[]	0	10
33	123457168	2	1	18	214	0	0	0	0	0	0	4	3	0	0	5	2	0	47	32	0	15	32	74	41	0	0	0	6	[]	0	10
34	123457168	2	1	16	218	0	0	0	0	0	0	3	2	0	0	5	2	0	47	32	0	15	32	74	41	0	0	0	6	[]	0	10
35	123457168	2	1	12	225	0	0	0	0	0	0	2	2	0	0	3	2	0	49	32	0	15	32	74	41	0	0	0	6	[]	0	9
36	123457168	2	1	11	227	0	0	0	0	0	0	2	1	0	0	3	2	0	51	32	0	15	32	74	41	0	0	0	6	[]	0	8
37	123457168	2	1	11	229	0	0	0	0	0	0	2	1	0	0	2	1	0	55	32	0	15	32	74	41	0	0	0	6	[]	0	8
38	123457168	2	1	8	233	0	0	0	0	0	0	1	1	0	0	2	1	0	58	33	0	15	33	74	41	0	0	0	6	[]	0	5
39	123457168	2	1	6	236	0	0	0	0	0	0	0	0	0	0	3	1	0	62	34	0	15	34	74	41	0	0	0	6	[]	0	5
40	123457168	2	1	5	237	0	0	0	0	0	0	0	0	0	0	2	2	0	63	34	0	15	34	74	41	0	0	0	6	[]	0	5
41	123457168	2	1	5	237	0	0	0	0	0	0	0	0	0	0	2	2	0	65	34	0	15	34	74	41	0	0	0	6	[]	0	5
42	123457168	2	0	6	239	0	0	0	0	0	0	0	0	0	0	1	1	0	66	34	0	15	34	74	41	0	0	0	6	[]	0	4
43	123457168	2	0	5	239	0	0	0	0	0	0	0	0	0	0	2	1	0	67	35	0	15	35	74	41	0	0	0	6	[]	0	4
44	123457168	2	0	5	239	0	0	0	0	0	0	0	0	0	0	2	1	0	69	35	0	15	35	74	41	0	0	0	6	[]	0	4
45	123457168	2	0	3	240	0	0	0	0	0	0	0	0	0	0	3	1	0	72	36	0	15	36	74	41	0	0	0	6	[]	0	4
46	123457168	2	0	1	242	0	0	0	0	0	0	0	0	0	0	2	2	0	73	36	0	15	36	74	41	0	0	0	6	[]	0	2
47	123457168	2	0	1	242	0	0	0	0	0	0	0	0	0	0	2	2	0	73	36	0	15	36	74	41	0	0	0	6	[]	0	2
48	123457168	2	0	1	243	0	0	0	0	0	0	0	0	0	0	1	2	0	73	36	0	15	36	74	41	0	0	0	6	[]	0	1
49	123457168	2	0	0	245	0	0	0	0	0	0	0	0	0	0	1	1	0	73	36	0	15	36	74	41	0	0	0	6	[]	0	1
50	123457168	2	0	0	245	0	0	0	0	0	0	0	0	0	0	1	1	0	76	36	0	15	36	74	41	0	0	0	6	[]	0	1
51	123457168	2	0	0	245	0	0	0	0	0	0	0	0	0	0	1	1	0	77	36	0	15	36	74	41	0	0	0	6	[]	0	1
52	123457168	2	0	0	245	0	0	0	0	0	0	0	0	0	0	1	1	0	79	36	0	15	36	74	41	0	0	0	6	[]	0	1
53	123457168	2	0	0	246	0	0	0	0	0	0	0	0	0	0	1	0	0	83	36	0	15	36	74	41	0	0	0	6	[]	0	1
54	123457168	2	0	0	246	0	0	0	0	0	0	0	0	0	0	1	0	0	86	36	0	15	36	74	41	0	0	0	6	[]	0	1
55	123457168	2	0	0	247	0	0	0	0	0	0	0	0	0	0	0	0	0	88	36	0	15	36	74	41	0	0	0	6	[]	0	0
56	123457168	2	0	0	247	0	0	0	0	0	0	0	0	0	0	0	0	0	89	36	0	15	36	74	41	0	0	0	6	[]	0	0
57	123457168	2	0	0	247	0	0	0	0	0	0	0	0	0	0	0	0	0	91	36	0	15	36	74	41	0	0	0	6	[]	0	0
58	123457168	2	0	0	247	0	0	0	0	0	0	0	0	0	0	0	0	0	92	36	0	15	36	74	41	0	0	0	6	[]	0	0
59	123457168	2	0	0	247	0	0	0	0	0	0	0	0	0	0	0	0	0	93	36	0	15	36	74	41	0	0	0	6	[]	0	0
60	123457168	2	0	0	247	0	0	0	0	0	0	0	0	0	0	0	0	0	94	36	0	15	36	74	41	0	0	0	6	[]	0	0
