day	seedRun	susceptible	exposed	infected	removed	susceptible-in-quarantine	exposed-in-quarantine	infected-in-quarantine	removed-in-quarantine	susceptible-in-quarantine-external-1	exposed-in-quarantine-external-1	infected-in-quarantine-external-1	removed-in-quarantine-external-1	susceptible-in-quarantine-external-2	exposed-in-quarantine-external-2	infected-in-quarantine-external-2	removed-in-quarantine-external-2	num-of-screened-agents	num-of-screened-agents-external-1	num-of-screened-agents-external-2	num-of-positive-agents	num-of-positive-agents-external-1	num-of-positive-agents-external-2	num-vaccinated	num-immunized	num-immunized-in-quarantine	num-immunized-in-quarantine-external-1	num-immunized-in-quarantine-external-2	num-infected-outside	classroom-in-quarantine	num-of-classroom-in-quarantine	classroom-with-at-least-one-infected
0	123456941	254	0	0	0	0	0	0	0	0	0	0	0	0	0	0	0	0	0	0	0	0	0	74	36	0	0	0	0	[]	0	0
1	123456941	253	1	0	0	0	0	0	0	0	0	0	0	0	0	0	0	0	2	0	0	0	0	74	36	0	0	0	1	[]	0	0
2	123456941	253	1	0	0	0	0	0	0	0	0	0	0	0	0	0	0	0	5	0	0	0	0	74	36	0	0	0	1	[]	0	0
3	123456941	253	1	0	0	0	0	0	0	0	0	0	0	0	0	0	0	0	7	0	0	0	0	74	36	0	0	0	1	[]	0	0
4	123456941	244	9	1	0	0	0	0	0	0	0	0	0	0	0	0	0	0	10	0	0	0	0	74	36	0	0	0	1	[]	0	0
5	123456941	232	17	4	0	0	0	0	0	0	0	0	0	0	0	1	0	0	13	1	0	0	1	74	36	0	0	0	1	[]	0	1
6	123456941	232	13	6	1	0	0	0	0	0	0	0	0	0	0	2	0	0	16	2	0	0	2	74	36	0	0	0	1	[]	0	1
7	123456941	232	10	9	1	0	0	0	0	0	0	0	0	0	0	1	1	0	17	2	0	0	2	74	36	0	0	0	1	[]	0	1
8	123456941	217	22	10	1	0	0	0	0	0	0	1	0	0	0	2	1	0	20	3	0	1	3	74	36	0	0	0	1	[]	0	1
9	123456941	181	48	16	3	0	0	0	0	0	0	1	0	0	0	4	1	0	24	5	0	1	5	74	36	0	0	0	1	[]	0	3
10	123456941	158	62	24	3	0	0	0	0	0	0	1	1	0	0	4	1	0	26	5	0	2	5	74	36	0	0	0	1	[]	0	5
11	123456941	81	120	41	4	0	0	0	0	0	0	2	1	0	0	4	1	0	29	5	0	3	5	74	36	0	0	0	1	[]	0	8
12	123456941	21	148	63	10	0	0	0	0	0	0	4	1	0	0	5	2	0	35	7	0	5	7	74	36	0	0	0	1	[]	0	11
13	123456941	21	110	88	18	0	0	0	0	0	0	4	2	0	0	8	3	0	36	11	0	6	11	74	36	0	0	0	1	[]	0	12
14	123456941	21	86	95	30	0	0	0	0	0	0	6	2	0	0	10	4	0	38	14	0	8	14	74	36	0	0	0	1	[]	0	12
15	123456941	2	78	101	47	0	0	0	0	0	0	7	3	0	0	12	4	0	41	17	0	10	17	74	36	0	0	0	1	[]	0	12
16	123456941	1	52	114	60	0	0	0	0	0	0	6	4	0	0	13	4	0	42	19	0	10	19	74	36	0	0	0	1	[]	0	12
17	123456941	1	38	112	73	0	0	0	0	0	0	4	6	0	0	15	5	0	42	22	0	10	22	74	36	0	0	0	1	[]	0	12
18	123456941	0	29	96	99	0	0	0	0	0	0	4	5	0	0	16	5	0	43	24	0	10	24	74	36	0	0	0	1	[]	0	12
19	123456941	0	26	79	117	0	0	0	0	0	0	5	5	0	0	14	8	0	44	27	0	11	27	74	36	0	0	0	1	[]	0	12
20	123456941	0	17	75	129	0	0	0	0	0	0	4	6	0	0	14	9	0	47	28	0	12	28	74	36	0	0	0	1	[]	0	12
21	123456941	0	10	70	140	0	0	0	0	0	0	3	6	0	0	12	13	0	47	30	0	12	30	74	36	0	0	0	1	[]	0	12
22	123456941	0	7	62	155	0	0	0	0	0	0	2	5	0	0	11	12	0	51	30	0	12	30	74	36	0	0	0	1	[]	0	12
23	123456941	0	5	55	169	0	0	0	0	0	0	1	5	0	0	10	9	0	52	30	0	12	30	74	36	0	0	0	1	[]	0	12
24	123456941	0	4	48	181	0	0	0	0	0	0	0	4	0	0	9	8	0	54	31	0	12	31	74	36	0	0	0	1	[]	0	12
25	123456941	0	3	43	191	0	0	0	0	0	0	0	2	0	0	9	6	0	54	32	0	12	32	74	36	0	0	0	1	[]	0	12
26	123456941	0	3	34	200	0	0	0	0	0	0	0	2	0	0	9	6	0	59	34	0	12	34	74	36	0	0	0	1	[]	0	12
27	123456941	0	2	33	204	0	0	0	0	0	0	0	2	0	0	8	5	0	59	35	0	12	35	74	36	0	0	0	1	[]	0	10
28	123456941	0	2	28	210	0	0	0	0	0	0	0	2	0	0	8	4	0	62	36	0	12	36	74	36	0	0	0	1	[]	0	10
29	123456941	0	2	24	216	0	0	0	0	0	0	1	1	0	0	8	2	0	64	37	0	13	37	74	36	0	0	0	1	[]	0	10
30	123456941	0	2	21	221	0	0	0	0	0	0	1	0	0	0	8	1	0	65	37	0	13	37	74	36	0	0	0	1	[]	0	10
31	123456941	0	2	19	225	0	0	0	0	0	0	1	0	0	0	6	1	0	66	37	0	13	37	74	36	0	0	0	1	[]	0	10
32	123456941	0	2	17	227	0	0	0	0	0	0	1	0	0	0	6	1	0	66	37	0	13	37	74	36	0	0	0	1	[]	0	9
33	123456941	0	2	14	230	0	0	0	0	0	0	1	0	0	0	6	1	0	68	37	0	13	37	74	36	0	0	0	1	[]	0	9
34	123456941	0	0	12	235	0	0	0	0	0	0	1	0	0	0	5	1	0	70	37	0	13	37	74	36	0	0	0	1	[]	0	7
35	123456941	0	0	11	237	0	0	0	0	0	0	1	0	0	0	4	1	0	73	37	0	13	37	74	36	0	0	0	1	[]	0	7
36	123456941	0	0	10	240	0	0	0	0	0	0	1	0	0	0	1	2	0	79	37	0	13	37	74	36	0	0	0	1	[]	0	7
37	123456941	0	0	7	243	0	0	0	0	0	0	1	0	0	0	2	1	0	79	38	0	13	38	74	36	0	0	0	1	[]	0	5
38	123456941	0	0	7	244	0	0	0	0	0	0	1	0	0	0	1	1	0	80	38	0	13	38	74	36	0	0	0	1	[]	0	5
39	123456941	0	0	5	247	0	0	0	0	0	0	1	0	0	0	0	1	0	86	38	0	14	38	74	36	0	0	0	1	[]	0	4
40	123456941	0	0	3	249	0	0	0	0	0	0	1	0	0	0	0	1	0	90	38	0	14	38	74	36	0	0	0	1	[]	0	4
41	123456941	0	0	2	250	0	0	0	0	0	0	1	0	0	0	0	1	0	91	38	0	14	38	74	36	0	0	0	1	[]	0	3
42	123456941	0	0	1	251	0	0	0	0	0	0	1	0	0	0	0	1	0	91	38	0	14	38	74	36	0	0	0	1	[]	0	2
43	123456941	0	0	1	251	0	0	0	0	0	0	1	0	0	0	0	1	0	94	38	0	14	38	74	36	0	0	0	1	[]	0	2
44	123456941	0	0	1	251	0	0	0	0	0	0	0	1	0	0	0	1	0	96	38	0	14	38	74	36	0	0	0	1	[]	0	1
45	123456941	0	0	0	252	0	0	0	0	0	0	0	1	0	0	0	1	0	98	38	0	14	38	74	36	0	0	0	1	[]	0	0
46	123456941	0	0	0	252	0	0	0	0	0	0	0	1	0	0	0	1	0	99	38	0	14	38	74	36	0	0	0	1	[]	0	0
47	123456941	0	0	0	253	0	0	0	0	0	0	0	1	0	0	0	0	0	100	38	0	14	38	74	36	0	0	0	1	[]	0	0
48	123456941	0	0	0	253	0	0	0	0	0	0	0	1	0	0	0	0	0	100	38	0	14	38	74	36	0	0	0	1	[]	0	0
49	123456941	0	0	0	254	0	0	0	0	0	0	0	0	0	0	0	0	0	103	38	0	14	38	74	36	0	0	0	1	[]	0	0
50	123456941	0	0	0	254	0	0	0	0	0	0	0	0	0	0	0	0	0	106	38	0	14	38	74	36	0	0	0	1	[]	0	0
51	123456941	0	0	0	254	0	0	0	0	0	0	0	0	0	0	0	0	0	109	38	0	14	38	74	36	0	0	0	1	[]	0	0
52	123456941	0	0	0	254	0	0	0	0	0	0	0	0	0	0	0	0	0	109	38	0	14	38	74	36	0	0	0	1	[]	0	0
53	123456941	0	0	0	254	0	0	0	0	0	0	0	0	0	0	0	0	0	110	38	0	14	38	74	36	0	0	0	1	[]	0	0
54	123456941	0	0	0	254	0	0	0	0	0	0	0	0	0	0	0	0	0	110	38	0	14	38	74	36	0	0	0	1	[]	0	0
55	123456941	0	0	0	254	0	0	0	0	0	0	0	0	0	0	0	0	0	113	38	0	14	38	74	36	0	0	0	1	[]	0	0
56	123456941	0	0	0	254	0	0	0	0	0	0	0	0	0	0	0	0	0	115	38	0	14	38	74	36	0	0	0	1	[]	0	0
57	123456941	0	0	0	254	0	0	0	0	0	0	0	0	0	0	0	0	0	115	38	0	14	38	74	36	0	0	0	1	[]	0	0
58	123456941	0	0	0	254	0	0	0	0	0	0	0	0	0	0	0	0	0	118	38	0	14	38	74	36	0	0	0	1	[]	0	0
59	123456941	0	0	0	254	0	0	0	0	0	0	0	0	0	0	0	0	0	120	38	0	14	38	74	36	0	0	0	1	[]	0	0
60	123456941	0	0	0	254	0	0	0	0	0	0	0	0	0	0	0	0	0	121	38	0	14	38	74	36	0	0	0	1	[]	0	0
