day	seedRun	susceptible	exposed	infected	removed	susceptible-in-quarantine	exposed-in-quarantine	infected-in-quarantine	removed-in-quarantine	susceptible-in-quarantine-external-1	exposed-in-quarantine-external-1	infected-in-quarantine-external-1	removed-in-quarantine-external-1	susceptible-in-quarantine-external-2	exposed-in-quarantine-external-2	infected-in-quarantine-external-2	removed-in-quarantine-external-2	num-of-screened-agents	num-of-screened-agents-external-1	num-of-screened-agents-external-2	num-of-positive-agents	num-of-positive-agents-external-1	num-of-positive-agents-external-2	num-vaccinated	num-immunized	num-immunized-in-quarantine	num-immunized-in-quarantine-external-1	num-immunized-in-quarantine-external-2	num-infected-outside	classroom-in-quarantine	num-of-classroom-in-quarantine	classroom-with-at-least-one-infected
0	123457258	186	0	0	0	0	0	0	0	0	0	0	0	0	0	0	0	0	0	0	0	0	0	146	104	0	0	0	0	[]	0	0
1	123457258	186	0	0	0	0	0	0	0	0	0	0	0	0	0	0	0	60	0	0	0	0	0	146	104	0	0	0	0	[]	0	0
2	123457258	186	0	0	0	0	0	0	0	0	0	0	0	0	0	0	0	60	0	0	0	0	0	146	104	0	0	0	0	[]	0	0
3	123457258	186	0	0	0	0	0	0	0	0	0	0	0	0	0	0	0	60	1	0	0	0	0	146	104	0	0	0	0	[]	0	0
4	123457258	186	0	0	0	0	0	0	0	0	0	0	0	0	0	0	0	60	3	0	0	0	0	146	104	0	0	0	0	[]	0	0
5	123457258	186	0	0	0	0	0	0	0	0	0	0	0	0	0	0	0	60	4	0	0	0	0	146	104	0	0	0	0	[]	0	0
6	123457258	186	0	0	0	0	0	0	0	0	0	0	0	0	0	0	0	60	5	0	0	0	0	146	104	0	0	0	0	[]	0	0
7	123457258	186	0	0	0	0	0	0	0	0	0	0	0	0	0	0	0	60	11	0	0	0	0	146	104	0	0	0	0	[]	0	0
8	123457258	186	0	0	0	0	0	0	0	0	0	0	0	0	0	0	0	120	12	0	0	0	0	146	104	0	0	0	0	[]	0	0
9	123457258	186	0	0	0	0	0	0	0	0	0	0	0	0	0	0	0	120	16	0	0	0	0	146	104	0	0	0	0	[]	0	0
10	123457258	186	0	0	0	0	0	0	0	0	0	0	0	0	0	0	0	120	19	0	0	0	0	146	104	0	0	0	0	[]	0	0
11	123457258	185	1	0	0	0	0	0	0	0	0	0	0	0	0	0	0	120	20	0	0	0	0	146	104	0	0	0	1	[]	0	0
12	123457258	184	2	0	0	0	0	0	0	0	0	0	0	0	0	0	0	120	22	0	0	0	0	146	104	0	0	0	2	[]	0	0
13	123457258	184	2	0	0	0	0	0	0	0	0	0	0	0	0	0	0	120	24	0	0	0	0	146	104	0	0	0	2	[]	0	0
14	123457258	183	2	1	0	0	0	0	0	0	0	0	0	0	0	0	0	120	28	0	0	0	0	146	104	0	0	0	3	[]	0	1
15	123457258	171	13	2	0	0	0	0	0	0	0	0	0	0	0	0	0	180	30	0	0	0	0	146	104	0	0	0	4	[]	0	2
16	123457258	155	27	4	0	0	0	0	0	0	0	0	0	0	0	0	0	180	31	0	0	0	0	146	104	0	0	0	5	[]	0	2
17	123457258	150	21	14	0	0	0	0	0	0	0	0	0	0	0	1	0	199	35	1	0	0	1	146	104	0	0	0	6	[]	0	3
18	123457258	133	34	14	4	0	0	0	0	0	0	0	0	0	0	1	0	199	36	1	0	0	1	146	104	0	0	0	6	[]	0	5
19	123457258	125	30	11	4	0	3	10	1	0	0	0	0	0	0	2	0	218	37	2	10	0	2	146	99	5	0	0	6	[3C]	1	5
20	123457258	125	23	17	5	0	2	9	3	0	0	0	0	0	0	2	0	218	39	2	10	0	2	146	99	5	0	0	6	[3C]	1	6
21	123457258	125	16	23	6	0	2	7	5	0	0	0	0	0	0	2	0	218	42	2	10	0	2	146	99	5	0	0	6	[3C]	1	7
22	123457258	112	17	6	2	1	9	24	13	0	0	0	0	0	0	1	1	346	42	2	28	0	2	146	90	14	0	0	6	[3C 1A 1D]	3	7
23	123457258	109	17	9	2	1	6	24	16	0	0	0	0	0	0	0	2	346	42	2	28	0	2	146	90	14	0	0	6	[3C 1A 1D]	3	7
24	123457258	107	12	13	5	1	3	24	19	0	0	0	0	0	0	0	2	346	42	2	28	0	2	146	90	14	0	0	6	[3C 1A 1D]	3	7
25	123457258	107	8	16	6	1	3	22	21	0	0	0	0	0	0	0	2	346	44	2	28	0	2	146	90	14	0	0	6	[3C 1A 1D]	3	7
26	123457258	107	1	0	0	1	8	34	31	0	0	0	0	0	0	2	2	384	44	4	43	0	4	146	79	25	0	0	6	[3C 1A 1D 2C 2D]	5	7
27	123457258	107	1	0	1	1	4	35	34	0	0	0	0	0	0	2	1	403	45	4	43	0	4	146	79	25	0	0	6	[3C 1A 1D 2C 2D]	5	7
28	123457258	107	0	1	1	1	3	30	40	0	0	0	0	0	0	1	2	403	49	4	43	0	4	146	79	25	0	0	6	[3C 1A 1D 2C 2D]	5	6
29	123457258	107	0	0	17	1	3	22	34	0	0	0	0	0	0	1	1	442	51	4	43	0	4	146	84	20	0	0	6	[1A 1D 2C 2D]	4	5
30	123457258	107	0	0	17	1	2	20	37	0	0	0	0	0	0	1	1	442	51	4	43	0	4	146	84	20	0	0	6	[1A 1D 2C 2D]	4	5
31	123457258	106	1	0	17	1	1	20	38	0	0	0	0	0	0	1	1	442	52	4	43	0	4	146	84	20	0	0	7	[1A 1D 2C 2D]	4	5
32	123457258	107	1	0	49	0	0	9	18	0	0	0	0	0	0	1	1	442	53	4	43	0	4	146	93	11	0	0	7	[2C 2D]	2	2
33	123457258	106	2	0	49	0	0	8	19	0	0	0	0	0	0	1	1	442	53	4	43	0	4	146	93	11	0	0	8	[2C 2D]	2	2
34	123457258	106	2	0	49	0	0	7	20	0	0	0	0	0	0	1	1	442	54	4	43	0	4	146	93	11	0	0	8	[2C 2D]	2	2
35	123457258	106	1	1	49	0	0	7	20	0	0	0	0	0	0	1	1	442	56	4	43	0	4	146	93	11	0	0	8	[2C 2D]	2	3
36	123457258	98	9	1	78	0	0	0	0	0	0	0	0	0	0	0	0	502	57	4	43	0	4	146	104	0	0	0	8	[]	0	1
37	123457258	84	20	4	78	0	0	0	0	0	0	0	0	0	0	0	0	502	58	4	43	0	4	146	104	0	0	0	8	[]	0	2
38	123457258	77	23	8	78	0	0	0	0	0	0	0	0	0	0	0	0	502	58	4	43	0	4	146	104	0	0	0	8	[]	0	2
39	123457258	75	19	13	79	0	0	0	0	0	0	0	0	0	0	0	0	502	59	4	43	0	4	146	104	0	0	0	8	[]	0	2
40	123457258	70	19	15	82	0	0	0	0	0	0	0	0	0	0	0	0	502	60	4	43	0	4	146	104	0	0	0	8	[]	0	2
41	123457258	70	11	21	84	0	0	0	0	0	0	0	0	0	0	0	0	502	61	4	43	0	4	146	104	0	0	0	8	[]	0	3
42	123457258	70	7	12	82	0	3	7	4	0	0	0	0	0	0	1	0	521	63	5	50	0	5	146	99	5	0	0	8	[1B]	1	3
43	123457258	57	15	3	79	0	3	19	8	0	0	0	0	0	0	1	1	630	64	6	61	0	6	146	93	11	0	0	8	[1B 2A]	2	5
44	123457258	49	17	7	81	0	2	20	8	0	0	0	0	0	0	1	1	630	65	6	61	0	6	146	93	11	0	0	8	[1B 2A]	2	6
45	123457258	40	21	12	81	0	2	17	11	0	0	0	0	0	0	1	1	630	69	6	61	0	6	146	93	11	0	0	8	[1B 2A]	2	6
46	123457258	39	21	12	82	0	1	17	12	0	0	0	0	0	0	1	1	630	69	6	61	0	6	146	93	11	0	0	8	[1B 2A]	2	6
47	123457258	31	23	17	83	0	1	15	14	0	0	0	0	0	0	1	1	630	72	6	61	0	6	146	93	11	0	0	8	[1B 2A]	2	5
48	123457258	31	1	3	79	0	16	32	20	0	0	2	0	0	0	1	1	705	75	6	78	2	6	146	75	29	0	0	8	[1B 2A 3A 3B 2B]	5	5
49	123457258	31	1	3	79	0	12	32	24	0	0	2	0	0	0	1	1	705	76	6	78	2	6	146	75	29	0	0	8	[1B 2A 3A 3B 2B]	5	5
50	123457258	31	1	3	79	0	9	31	28	0	0	2	0	0	0	1	1	739	76	6	78	2	6	146	75	29	0	0	8	[1B 2A 3A 3B 2B]	5	5
51	123457258	30	1	4	79	0	8	30	30	0	0	1	1	0	0	1	1	739	76	6	78	2	6	146	75	29	0	0	9	[1B 2A 3A 3B 2B]	5	5
52	123457258	25	5	5	94	0	6	22	26	0	0	1	1	0	0	1	0	739	77	6	78	2	6	146	80	24	0	0	10	[2A 3A 3B 2B]	4	5
53	123457258	21	8	6	109	0	3	18	18	0	0	1	1	0	0	1	0	739	77	6	78	2	6	146	86	18	0	0	10	[3A 3B 2B]	3	4
54	123457258	18	8	7	111	0	1	18	20	0	0	0	2	0	0	1	0	739	77	6	78	2	6	146	86	18	0	0	10	[3A 3B 2B]	3	4
55	123457258	18	6	8	112	0	0	19	20	0	0	0	2	0	0	0	1	739	80	6	78	2	6	146	86	18	0	0	10	[3A 3B 2B]	3	4
56	123457258	17	0	4	109	1	5	21	25	0	0	0	2	0	0	1	1	758	83	7	82	2	7	146	80	24	0	0	10	[3A 3B 2B 3D]	4	4
57	123457258	17	0	3	110	1	2	20	29	0	0	0	2	0	0	1	1	798	84	7	82	2	7	146	80	24	0	0	10	[3A 3B 2B 3D]	4	4
58	123457258	17	0	3	152	1	2	6	4	0	0	0	0	0	0	1	0	798	85	7	82	2	7	146	98	6	0	0	10	[3D]	1	1
59	123457258	17	0	2	153	1	2	5	5	0	0	0	0	0	0	1	0	798	87	7	82	2	7	146	98	6	0	0	10	[3D]	1	1
60	123457258	17	0	2	153	1	2	5	5	0	0	0	0	0	0	1	0	798	89	7	82	2	7	146	98	6	0	0	10	[3D]	1	1
