day	seedRun	susceptible	exposed	infected	removed	susceptible-in-quarantine	exposed-in-quarantine	infected-in-quarantine	removed-in-quarantine	susceptible-in-quarantine-external-1	exposed-in-quarantine-external-1	infected-in-quarantine-external-1	removed-in-quarantine-external-1	susceptible-in-quarantine-external-2	exposed-in-quarantine-external-2	infected-in-quarantine-external-2	removed-in-quarantine-external-2	num-of-screened-agents	num-of-screened-agents-external-1	num-of-screened-agents-external-2	num-of-positive-agents	num-of-positive-agents-external-1	num-of-positive-agents-external-2	num-vaccinated	num-immunized	num-immunized-in-quarantine	num-immunized-in-quarantine-external-1	num-immunized-in-quarantine-external-2	num-infected-outside	classroom-in-quarantine	num-of-classroom-in-quarantine	classroom-with-at-least-one-infected
0	123456912	254	0	0	0	0	0	0	0	0	0	0	0	0	0	0	0	0	0	0	0	0	0	74	36	0	0	0	0	[]	0	0
1	123456912	246	8	0	0	0	0	0	0	0	0	0	0	0	0	0	0	0	3	0	0	0	0	74	36	0	0	0	8	[]	0	0
2	123456912	232	21	1	0	0	0	0	0	0	0	0	0	0	0	0	0	0	6	0	0	0	0	74	36	0	0	0	13	[]	0	1
3	123456912	187	59	8	0	0	0	0	0	0	0	0	0	0	0	0	0	0	9	1	0	0	1	74	36	0	0	0	16	[]	0	4
4	123456912	135	96	23	0	0	0	0	0	0	0	0	0	0	0	0	0	0	10	3	0	0	3	74	36	0	0	0	19	[]	0	6
5	123456912	97	102	53	2	0	0	0	0	0	0	0	0	0	0	0	0	0	13	4	0	1	4	74	36	0	0	0	22	[]	0	7
6	123456912	95	72	82	5	0	0	0	0	0	0	0	0	0	0	0	0	0	14	5	0	2	5	74	36	0	0	0	24	[]	0	10
7	123456912	94	49	95	16	0	0	0	0	0	0	0	0	0	0	0	0	0	15	7	0	2	7	74	36	0	0	0	25	[]	0	11
8	123456912	30	98	95	31	0	0	0	0	0	0	0	0	0	0	0	0	0	16	8	0	2	8	74	36	0	0	0	26	[]	0	11
9	123456912	1	93	121	39	0	0	0	0	0	0	0	0	0	0	0	0	0	20	11	0	5	11	74	36	0	0	0	26	[]	0	12
10	123456912	0	61	142	51	0	0	0	0	0	0	0	0	0	0	0	0	0	20	15	0	5	15	74	36	0	0	0	26	[]	0	12
11	123456912	0	37	150	67	0	0	0	0	0	0	0	0	0	0	0	0	0	22	21	0	6	21	74	36	0	0	0	26	[]	0	12
12	123456912	0	26	136	92	0	0	0	0	0	0	0	0	0	0	0	0	0	23	26	0	7	26	74	36	0	0	0	26	[]	0	12
13	123456912	0	22	122	110	0	0	0	0	0	0	0	0	0	0	0	0	0	26	33	0	8	33	74	36	0	0	0	26	[]	0	12
14	123456912	0	18	109	127	0	0	0	0	0	0	0	0	0	0	0	0	0	27	33	0	8	33	74	36	0	0	0	26	[]	0	12
15	123456912	0	13	102	139	0	0	0	0	0	0	0	0	0	0	0	0	0	30	34	0	9	34	74	36	0	0	0	26	[]	0	12
16	123456912	0	12	91	151	0	0	0	0	0	0	0	0	0	0	0	0	0	33	35	0	9	35	74	36	0	0	0	26	[]	0	12
17	123456912	0	9	79	166	0	0	0	0	0	0	0	0	0	0	0	0	0	34	37	0	9	37	74	36	0	0	0	26	[]	0	12
18	123456912	0	7	70	177	0	0	0	0	0	0	0	0	0	0	0	0	0	39	38	0	11	38	74	36	0	0	0	26	[]	0	12
19	123456912	0	5	58	191	0	0	0	0	0	0	0	0	0	0	0	0	0	40	38	0	11	38	74	36	0	0	0	26	[]	0	12
20	123456912	0	2	53	199	0	0	0	0	0	0	0	0	0	0	0	0	0	41	38	0	11	38	74	36	0	0	0	26	[]	0	12
21	123456912	0	2	48	204	0	0	0	0	0	0	0	0	0	0	0	0	0	42	38	0	11	38	74	36	0	0	0	26	[]	0	12
22	123456912	0	2	42	210	0	0	0	0	0	0	0	0	0	0	0	0	0	44	38	0	12	38	74	36	0	0	0	26	[]	0	11
23	123456912	0	2	36	216	0	0	0	0	0	0	0	0	0	0	0	0	0	44	40	0	12	40	74	36	0	0	0	26	[]	0	11
24	123456912	0	1	34	219	0	0	0	0	0	0	0	0	0	0	0	0	0	44	43	0	12	43	74	36	0	0	0	26	[]	0	11
25	123456912	0	1	32	221	0	0	0	0	0	0	0	0	0	0	0	0	0	47	45	0	13	45	74	36	0	0	0	26	[]	0	11
26	123456912	0	1	27	226	0	0	0	0	0	0	0	0	0	0	0	0	0	50	48	0	13	48	74	36	0	0	0	26	[]	0	10
27	123456912	0	1	22	231	0	0	0	0	0	0	0	0	0	0	0	0	0	51	51	0	13	51	74	36	0	0	0	26	[]	0	10
28	123456912	0	1	17	236	0	0	0	0	0	0	0	0	0	0	0	0	0	53	51	0	13	51	74	36	0	0	0	26	[]	0	8
29	123456912	0	1	14	239	0	0	0	0	0	0	0	0	0	0	0	0	0	54	52	0	13	52	74	36	0	0	0	26	[]	0	6
30	123456912	0	1	13	240	0	0	0	0	0	0	0	0	0	0	0	0	0	54	54	0	13	54	74	36	0	0	0	26	[]	0	6
31	123456912	0	1	10	243	0	0	0	0	0	0	0	0	0	0	0	0	0	55	54	0	13	54	74	36	0	0	0	26	[]	0	5
32	123456912	0	1	10	243	0	0	0	0	0	0	0	0	0	0	0	0	0	58	54	0	13	54	74	36	0	0	0	26	[]	0	5
33	123456912	0	1	8	245	0	0	0	0	0	0	0	0	0	0	0	0	0	61	54	0	13	54	74	36	0	0	0	26	[]	0	4
34	123456912	0	1	7	246	0	0	0	0	0	0	0	0	0	0	0	0	0	64	54	0	13	54	74	36	0	0	0	26	[]	0	4
35	123456912	0	0	7	247	0	0	0	0	0	0	0	0	0	0	0	0	0	66	54	0	13	54	74	36	0	0	0	26	[]	0	5
36	123456912	0	0	6	248	0	0	0	0	0	0	0	0	0	0	0	0	0	67	54	0	13	54	74	36	0	0	0	26	[]	0	5
37	123456912	0	0	4	250	0	0	0	0	0	0	0	0	0	0	0	0	0	69	54	0	14	54	74	36	0	0	0	26	[]	0	4
38	123456912	0	0	4	250	0	0	0	0	0	0	0	0	0	0	0	0	0	69	54	0	14	54	74	36	0	0	0	26	[]	0	4
39	123456912	0	0	4	250	0	0	0	0	0	0	0	0	0	0	0	0	0	74	54	0	14	54	74	36	0	0	0	26	[]	0	4
40	123456912	0	0	3	251	0	0	0	0	0	0	0	0	0	0	0	0	0	75	54	0	14	54	74	36	0	0	0	26	[]	0	3
41	123456912	0	0	3	251	0	0	0	0	0	0	0	0	0	0	0	0	0	76	54	0	14	54	74	36	0	0	0	26	[]	0	3
42	123456912	0	0	1	253	0	0	0	0	0	0	0	0	0	0	0	0	0	77	54	0	14	54	74	36	0	0	0	26	[]	0	1
43	123456912	0	0	1	253	0	0	0	0	0	0	0	0	0	0	0	0	0	83	54	0	14	54	74	36	0	0	0	26	[]	0	1
44	123456912	0	0	0	254	0	0	0	0	0	0	0	0	0	0	0	0	0	84	54	0	14	54	74	36	0	0	0	26	[]	0	0
45	123456912	0	0	0	254	0	0	0	0	0	0	0	0	0	0	0	0	0	85	54	0	14	54	74	36	0	0	0	26	[]	0	0
46	123456912	0	0	0	254	0	0	0	0	0	0	0	0	0	0	0	0	0	88	54	0	14	54	74	36	0	0	0	26	[]	0	0
47	123456912	0	0	0	254	0	0	0	0	0	0	0	0	0	0	0	0	0	89	54	0	14	54	74	36	0	0	0	26	[]	0	0
48	123456912	0	0	0	254	0	0	0	0	0	0	0	0	0	0	0	0	0	91	54	0	14	54	74	36	0	0	0	26	[]	0	0
49	123456912	0	0	0	254	0	0	0	0	0	0	0	0	0	0	0	0	0	91	54	0	14	54	74	36	0	0	0	26	[]	0	0
50	123456912	0	0	0	254	0	0	0	0	0	0	0	0	0	0	0	0	0	93	54	0	14	54	74	36	0	0	0	26	[]	0	0
51	123456912	0	0	0	254	0	0	0	0	0	0	0	0	0	0	0	0	0	96	54	0	14	54	74	36	0	0	0	26	[]	0	0
52	123456912	0	0	0	254	0	0	0	0	0	0	0	0	0	0	0	0	0	98	54	0	14	54	74	36	0	0	0	26	[]	0	0
53	123456912	0	0	0	254	0	0	0	0	0	0	0	0	0	0	0	0	0	99	54	0	14	54	74	36	0	0	0	26	[]	0	0
54	123456912	0	0	0	254	0	0	0	0	0	0	0	0	0	0	0	0	0	101	54	0	14	54	74	36	0	0	0	26	[]	0	0
55	123456912	0	0	0	254	0	0	0	0	0	0	0	0	0	0	0	0	0	101	54	0	14	54	74	36	0	0	0	26	[]	0	0
56	123456912	0	0	0	254	0	0	0	0	0	0	0	0	0	0	0	0	0	103	54	0	14	54	74	36	0	0	0	26	[]	0	0
57	123456912	0	0	0	254	0	0	0	0	0	0	0	0	0	0	0	0	0	105	54	0	14	54	74	36	0	0	0	26	[]	0	0
58	123456912	0	0	0	254	0	0	0	0	0	0	0	0	0	0	0	0	0	105	54	0	14	54	74	36	0	0	0	26	[]	0	0
59	123456912	0	0	0	254	0	0	0	0	0	0	0	0	0	0	0	0	0	107	54	0	14	54	74	36	0	0	0	26	[]	0	0
60	123456912	0	0	0	254	0	0	0	0	0	0	0	0	0	0	0	0	0	107	54	0	14	54	74	36	0	0	0	26	[]	0	0
