day	seedRun	susceptible	exposed	infected	removed	susceptible-in-quarantine	exposed-in-quarantine	infected-in-quarantine	removed-in-quarantine	susceptible-in-quarantine-external-1	exposed-in-quarantine-external-1	infected-in-quarantine-external-1	removed-in-quarantine-external-1	susceptible-in-quarantine-external-2	exposed-in-quarantine-external-2	infected-in-quarantine-external-2	removed-in-quarantine-external-2	num-of-screened-agents	num-of-screened-agents-external-1	num-of-screened-agents-external-2	num-of-positive-agents	num-of-positive-agents-external-1	num-of-positive-agents-external-2	num-vaccinated	num-immunized	num-immunized-in-quarantine	num-immunized-in-quarantine-external-1	num-immunized-in-quarantine-external-2	num-infected-outside	classroom-in-quarantine	num-of-classroom-in-quarantine	classroom-with-at-least-one-infected
0	123456958	238	0	0	0	0	0	0	0	0	0	0	0	0	0	0	0	0	0	0	0	0	0	74	52	0	0	0	0	[]	0	0
1	123456958	229	9	0	0	0	0	0	0	0	0	0	0	0	0	0	0	0	1	0	0	0	0	74	52	0	0	0	9	[]	0	0
2	123456958	223	15	0	0	0	0	0	0	0	0	0	0	0	0	0	0	0	4	0	0	0	0	74	52	0	0	0	15	[]	0	0
3	123456958	204	30	4	0	0	0	0	0	0	0	0	0	0	0	0	0	0	4	0	0	0	0	74	52	0	0	0	24	[]	0	3
4	123456958	188	40	9	1	0	0	0	0	0	0	0	0	0	0	0	0	0	7	0	0	0	0	74	52	0	0	0	30	[]	0	7
5	123456958	147	69	20	2	0	0	0	0	0	0	0	0	0	0	0	0	0	7	0	0	0	0	74	52	0	0	0	36	[]	0	8
6	123456958	136	54	41	6	0	0	0	0	0	0	0	0	0	0	1	0	0	8	1	0	0	1	74	52	0	0	0	47	[]	0	8
7	123456958	127	43	52	14	0	0	0	0	0	0	0	0	0	0	2	0	0	9	2	0	0	2	74	52	0	0	0	56	[]	0	12
8	123456958	82	71	67	15	0	0	0	0	0	0	0	0	0	0	3	0	0	10	3	0	0	3	74	52	0	0	0	58	[]	0	12
9	123456958	44	94	65	28	0	0	0	0	0	0	2	0	0	0	5	0	0	15	5	0	2	5	74	52	0	0	0	61	[]	0	12
10	123456958	20	95	79	35	0	0	0	0	0	0	2	0	0	0	6	1	0	16	7	0	2	7	74	52	0	0	0	61	[]	0	12
11	123456958	13	80	90	43	0	0	0	0	0	0	2	0	0	0	9	1	0	18	10	0	2	10	74	52	0	0	0	61	[]	0	12
12	123456958	8	60	93	59	0	0	0	0	0	0	1	1	0	0	15	1	0	19	16	0	2	16	74	52	0	0	0	62	[]	0	12
13	123456958	8	47	97	67	0	0	0	0	0	0	1	1	0	0	15	2	0	19	17	0	2	17	74	52	0	0	0	62	[]	0	12
14	123456958	8	33	91	85	0	0	0	0	0	0	1	1	0	0	15	4	0	20	19	0	2	19	74	52	0	0	0	62	[]	0	12
15	123456958	7	20	91	95	0	0	0	0	0	0	2	1	0	0	16	6	0	23	22	0	3	22	74	52	0	0	0	62	[]	0	12
16	123456958	5	18	72	112	0	0	0	0	0	0	3	1	0	0	18	9	0	24	28	0	4	28	74	52	0	0	0	62	[]	0	12
17	123456958	5	17	59	125	0	0	0	0	0	0	4	1	0	0	19	8	0	26	29	0	5	29	74	52	0	0	0	62	[]	0	12
18	123456958	4	9	57	135	0	0	0	0	0	0	4	1	0	0	18	10	0	30	31	0	5	31	74	52	0	0	0	62	[]	0	12
19	123456958	4	7	49	147	0	0	0	0	0	0	3	0	0	0	19	9	0	30	33	0	5	33	74	52	0	0	0	62	[]	0	12
20	123456958	4	7	42	154	0	0	0	0	0	0	3	1	0	0	17	10	0	31	34	0	6	34	74	52	0	0	0	62	[]	0	12
21	123456958	4	5	40	160	0	0	0	0	0	0	3	1	0	0	17	8	0	34	35	0	6	35	74	52	0	0	0	62	[]	0	12
22	123456958	4	3	34	171	0	0	0	0	0	0	3	1	0	0	15	7	0	35	38	0	6	38	74	52	0	0	0	62	[]	0	12
23	123456958	4	3	27	177	0	0	0	0	0	0	3	1	0	0	16	7	0	37	40	0	6	40	74	52	0	0	0	62	[]	0	12
24	123456958	3	4	25	181	0	0	0	0	0	0	3	1	0	0	13	8	0	40	40	0	6	40	74	52	0	0	0	63	[]	0	11
25	123456958	3	3	19	189	0	0	0	0	0	0	3	0	0	0	15	6	0	40	43	0	6	43	74	52	0	0	0	63	[]	0	11
26	123456958	3	3	16	198	0	0	0	0	0	0	1	2	0	0	12	3	0	43	43	0	7	43	74	52	0	0	0	63	[]	0	11
27	123456958	3	2	17	200	0	0	0	0	0	0	1	1	0	0	7	7	0	45	43	0	7	43	74	52	0	0	0	63	[]	0	10
28	123456958	2	2	15	205	0	0	0	0	0	0	1	1	0	0	5	7	0	47	43	0	7	43	74	52	0	0	0	64	[]	0	10
29	123456958	2	0	14	210	0	0	0	0	0	0	0	2	0	0	4	6	0	49	43	0	7	43	74	52	0	0	0	64	[]	0	9
30	123456958	2	0	10	216	0	0	0	0	0	0	0	1	0	0	3	6	0	50	43	0	7	43	74	52	0	0	0	64	[]	0	9
31	123456958	2	0	10	217	0	0	0	0	0	0	0	1	0	0	3	5	0	52	43	0	7	43	74	52	0	0	0	64	[]	0	9
32	123456958	2	0	8	222	0	0	0	0	0	0	0	1	0	0	1	4	0	56	43	0	7	43	74	52	0	0	0	64	[]	0	7
33	123456958	1	1	8	224	0	0	0	0	0	0	0	1	0	0	1	2	0	58	43	0	7	43	74	52	0	0	0	65	[]	0	7
34	123456958	0	2	5	227	0	0	0	0	0	0	0	1	0	0	1	2	0	60	43	0	7	43	74	52	0	0	0	66	[]	0	5
35	123456958	0	0	6	231	0	0	0	0	0	0	0	1	0	0	0	0	0	62	43	0	7	43	74	52	0	0	0	66	[]	0	4
36	123456958	0	0	4	234	0	0	0	0	0	0	0	0	0	0	0	0	0	66	43	0	7	43	74	52	0	0	0	66	[]	0	3
37	123456958	0	0	2	236	0	0	0	0	0	0	0	0	0	0	0	0	0	69	43	0	7	43	74	52	0	0	0	66	[]	0	2
38	123456958	0	0	1	236	0	0	0	0	0	0	1	0	0	0	0	0	0	70	43	0	8	43	74	52	0	0	0	66	[]	0	2
39	123456958	0	0	1	236	0	0	0	0	0	0	1	0	0	0	0	0	0	71	43	0	8	43	74	52	0	0	0	66	[]	0	2
40	123456958	0	0	1	236	0	0	0	0	0	0	1	0	0	0	0	0	0	74	43	0	8	43	74	52	0	0	0	66	[]	0	2
41	123456958	0	0	1	236	0	0	0	0	0	0	1	0	0	0	0	0	0	78	43	0	8	43	74	52	0	0	0	66	[]	0	2
42	123456958	0	0	1	236	0	0	0	0	0	0	1	0	0	0	0	0	0	80	43	0	8	43	74	52	0	0	0	66	[]	0	2
43	123456958	0	0	1	236	0	0	0	0	0	0	0	1	0	0	0	0	0	81	43	0	8	43	74	52	0	0	0	66	[]	0	1
44	123456958	0	0	0	237	0	0	0	0	0	0	0	1	0	0	0	0	0	83	43	0	8	43	74	52	0	0	0	66	[]	0	0
45	123456958	0	0	0	237	0	0	0	0	0	0	0	1	0	0	0	0	0	86	43	0	8	43	74	52	0	0	0	66	[]	0	0
46	123456958	0	0	0	237	0	0	0	0	0	0	0	1	0	0	0	0	0	88	43	0	8	43	74	52	0	0	0	66	[]	0	0
47	123456958	0	0	0	237	0	0	0	0	0	0	0	1	0	0	0	0	0	89	43	0	8	43	74	52	0	0	0	66	[]	0	0
48	123456958	0	0	0	238	0	0	0	0	0	0	0	0	0	0	0	0	0	89	43	0	8	43	74	52	0	0	0	66	[]	0	0
49	123456958	0	0	0	238	0	0	0	0	0	0	0	0	0	0	0	0	0	94	43	0	8	43	74	52	0	0	0	66	[]	0	0
50	123456958	0	0	0	238	0	0	0	0	0	0	0	0	0	0	0	0	0	99	43	0	8	43	74	52	0	0	0	66	[]	0	0
51	123456958	0	0	0	238	0	0	0	0	0	0	0	0	0	0	0	0	0	101	43	0	8	43	74	52	0	0	0	66	[]	0	0
52	123456958	0	0	0	238	0	0	0	0	0	0	0	0	0	0	0	0	0	103	43	0	8	43	74	52	0	0	0	66	[]	0	0
53	123456958	0	0	0	238	0	0	0	0	0	0	0	0	0	0	0	0	0	103	43	0	8	43	74	52	0	0	0	66	[]	0	0
54	123456958	0	0	0	238	0	0	0	0	0	0	0	0	0	0	0	0	0	103	43	0	8	43	74	52	0	0	0	66	[]	0	0
55	123456958	0	0	0	238	0	0	0	0	0	0	0	0	0	0	0	0	0	105	43	0	8	43	74	52	0	0	0	66	[]	0	0
56	123456958	0	0	0	238	0	0	0	0	0	0	0	0	0	0	0	0	0	106	43	0	8	43	74	52	0	0	0	66	[]	0	0
57	123456958	0	0	0	238	0	0	0	0	0	0	0	0	0	0	0	0	0	107	43	0	8	43	74	52	0	0	0	66	[]	0	0
58	123456958	0	0	0	238	0	0	0	0	0	0	0	0	0	0	0	0	0	113	43	0	8	43	74	52	0	0	0	66	[]	0	0
59	123456958	0	0	0	238	0	0	0	0	0	0	0	0	0	0	0	0	0	114	43	0	8	43	74	52	0	0	0	66	[]	0	0
60	123456958	0	0	0	238	0	0	0	0	0	0	0	0	0	0	0	0	0	116	43	0	8	43	74	52	0	0	0	66	[]	0	0
