day	seedRun	susceptible	exposed	infected	removed	susceptible-in-quarantine	exposed-in-quarantine	infected-in-quarantine	removed-in-quarantine	susceptible-in-quarantine-external-1	exposed-in-quarantine-external-1	infected-in-quarantine-external-1	removed-in-quarantine-external-1	susceptible-in-quarantine-external-2	exposed-in-quarantine-external-2	infected-in-quarantine-external-2	removed-in-quarantine-external-2	num-of-screened-agents	num-of-screened-agents-external-1	num-of-screened-agents-external-2	num-of-positive-agents	num-of-positive-agents-external-1	num-of-positive-agents-external-2	num-vaccinated	num-immunized	num-immunized-in-quarantine	num-immunized-in-quarantine-external-1	num-immunized-in-quarantine-external-2	num-infected-outside	classroom-in-quarantine	num-of-classroom-in-quarantine	classroom-with-at-least-one-infected
0	123456874	142	0	0	0	0	0	0	0	0	0	0	0	0	0	0	0	0	0	0	0	0	0	218	148	0	0	0	0	[]	0	0
1	123456874	142	0	0	0	0	0	0	0	0	0	0	0	0	0	0	0	0	3	0	0	0	0	218	148	0	0	0	0	[]	0	0
2	123456874	142	0	0	0	0	0	0	0	0	0	0	0	0	0	0	0	0	5	0	0	0	0	218	148	0	0	0	0	[]	0	0
3	123456874	142	0	0	0	0	0	0	0	0	0	0	0	0	0	0	0	0	6	0	0	0	0	218	148	0	0	0	0	[]	0	0
4	123456874	142	0	0	0	0	0	0	0	0	0	0	0	0	0	0	0	0	8	0	0	0	0	218	148	0	0	0	0	[]	0	0
5	123456874	142	0	0	0	0	0	0	0	0	0	0	0	0	0	0	0	0	9	0	0	0	0	218	148	0	0	0	0	[]	0	0
6	123456874	142	0	0	0	0	0	0	0	0	0	0	0	0	0	0	0	0	10	0	0	0	0	218	148	0	0	0	0	[]	0	0
7	123456874	142	0	0	0	0	0	0	0	0	0	0	0	0	0	0	0	0	12	0	0	0	0	218	148	0	0	0	0	[]	0	0
8	123456874	142	0	0	0	0	0	0	0	0	0	0	0	0	0	0	0	0	14	0	0	0	0	218	148	0	0	0	0	[]	0	0
9	123456874	142	0	0	0	0	0	0	0	0	0	0	0	0	0	0	0	0	15	0	0	0	0	218	148	0	0	0	0	[]	0	0
10	123456874	142	0	0	0	0	0	0	0	0	0	0	0	0	0	0	0	0	18	0	0	0	0	218	148	0	0	0	0	[]	0	0
11	123456874	141	1	0	0	0	0	0	0	0	0	0	0	0	0	0	0	0	19	0	0	0	0	218	148	0	0	0	1	[]	0	0
12	123456874	141	1	0	0	0	0	0	0	0	0	0	0	0	0	0	0	0	21	0	0	0	0	218	148	0	0	0	1	[]	0	0
13	123456874	141	0	1	0	0	0	0	0	0	0	0	0	0	0	0	0	0	22	0	0	0	0	218	148	0	0	0	1	[]	0	1
14	123456874	141	0	1	0	0	0	0	0	0	0	0	0	0	0	0	0	0	23	0	0	0	0	218	148	0	0	0	1	[]	0	1
15	123456874	132	9	1	0	0	0	0	0	0	0	0	0	0	0	0	0	0	24	0	0	0	0	218	148	0	0	0	1	[]	0	1
16	123456874	127	12	3	0	0	0	0	0	0	0	0	0	0	0	0	0	0	28	0	0	0	0	218	148	0	0	0	2	[]	0	1
17	123456874	119	16	7	0	0	0	0	0	0	0	0	0	0	0	0	0	0	30	0	0	0	0	218	148	0	0	0	2	[]	0	2
18	123456874	112	18	11	1	0	0	0	0	0	0	0	0	0	0	0	0	0	32	0	0	0	0	218	148	0	0	0	2	[]	0	2
19	123456874	91	32	18	1	0	0	0	0	0	0	0	0	0	0	0	0	0	33	0	0	0	0	218	148	0	0	0	3	[]	0	4
20	123456874	91	25	21	2	0	0	0	0	0	0	0	0	0	0	3	0	0	33	3	0	0	3	218	148	0	0	0	3	[]	0	4
21	123456874	91	22	20	6	0	0	0	0	0	0	0	0	0	0	3	0	0	34	3	0	0	3	218	148	0	0	0	3	[]	0	6
22	123456874	68	40	23	8	0	0	0	0	0	0	0	0	0	0	2	1	0	34	3	0	0	3	218	148	0	0	0	3	[]	0	6
23	123456874	59	40	27	11	0	0	0	0	0	0	2	0	0	0	1	2	0	36	3	0	2	3	218	148	0	0	0	4	[]	0	7
24	123456874	40	46	34	17	0	0	0	0	0	0	2	0	0	0	0	3	0	38	3	0	2	3	218	148	0	0	0	4	[]	0	8
25	123456874	21	58	39	19	0	0	0	0	0	0	2	0	0	0	0	3	0	41	3	0	2	3	218	148	0	0	0	5	[]	0	9
26	123456874	12	53	48	22	0	0	0	0	0	0	3	0	0	0	1	3	0	42	4	0	3	4	218	148	0	0	0	5	[]	0	11
27	123456874	12	36	55	31	0	0	0	0	0	0	2	1	0	0	2	3	0	45	5	0	3	5	218	148	0	0	0	5	[]	0	12
28	123456874	12	27	53	40	0	0	0	0	0	0	3	1	0	0	3	3	0	46	6	0	4	6	218	148	0	0	0	5	[]	0	12
29	123456874	3	27	58	44	0	0	0	0	0	0	3	1	0	0	1	5	0	48	6	0	4	6	218	148	0	0	0	5	[]	0	12
30	123456874	1	24	55	52	0	0	0	0	0	0	4	1	0	0	3	2	0	50	8	0	5	8	218	148	0	0	0	5	[]	0	12
31	123456874	1	18	50	60	0	0	0	0	0	0	4	2	0	0	4	3	0	52	10	0	6	10	218	148	0	0	0	5	[]	0	12
32	123456874	0	11	49	68	0	0	0	0	0	0	2	4	0	0	4	4	0	54	11	0	6	11	218	148	0	0	0	5	[]	0	12
33	123456874	0	6	46	76	0	0	0	0	0	0	1	3	0	0	6	4	0	57	13	0	6	13	218	148	0	0	0	5	[]	0	12
34	123456874	0	3	43	80	0	0	0	0	0	0	1	3	0	0	7	5	0	58	15	0	6	15	218	148	0	0	0	5	[]	0	12
35	123456874	0	3	38	84	0	0	0	0	0	0	1	3	0	0	8	5	0	59	16	0	6	16	218	148	0	0	0	5	[]	0	11
36	123456874	0	3	33	89	0	0	0	0	0	0	2	2	0	0	7	6	0	61	17	0	7	17	218	148	0	0	0	5	[]	0	11
37	123456874	0	2	27	95	0	0	0	0	0	0	3	2	0	0	7	6	0	67	18	0	8	18	218	148	0	0	0	5	[]	0	11
38	123456874	0	2	21	100	0	0	0	0	0	0	2	2	0	0	9	6	0	70	21	0	8	21	218	148	0	0	0	5	[]	0	11
39	123456874	0	0	19	103	0	0	0	0	0	0	2	2	0	0	9	7	0	70	22	0	8	22	218	148	0	0	0	5	[]	0	10
40	123456874	0	0	18	106	0	0	0	0	0	0	2	1	0	0	8	7	0	70	23	0	8	23	218	148	0	0	0	5	[]	0	10
41	123456874	0	0	15	112	0	0	0	0	0	0	2	0	0	0	6	7	0	70	23	0	8	23	218	148	0	0	0	5	[]	0	9
42	123456874	0	0	14	114	0	0	0	0	0	0	2	0	0	0	5	7	0	72	23	0	8	23	218	148	0	0	0	5	[]	0	8
43	123456874	0	0	11	117	0	0	0	0	0	0	2	1	0	0	5	6	0	75	24	0	9	24	218	148	0	0	0	5	[]	0	8
44	123456874	0	0	11	119	0	0	0	0	0	0	2	1	0	0	2	7	0	76	24	0	9	24	218	148	0	0	0	5	[]	0	8
45	123456874	0	0	11	120	0	0	0	0	0	0	1	2	0	0	1	7	0	77	24	0	9	24	218	148	0	0	0	5	[]	0	8
46	123456874	0	0	9	123	0	0	0	0	0	0	1	1	0	0	2	6	0	79	25	0	9	25	218	148	0	0	0	5	[]	0	8
47	123456874	0	0	7	126	0	0	0	0	0	0	2	0	0	0	1	6	0	81	25	0	10	25	218	148	0	0	0	5	[]	0	8
48	123456874	0	0	4	132	0	0	0	0	0	0	1	1	0	0	0	4	0	84	25	0	10	25	218	148	0	0	0	5	[]	0	4
49	123456874	0	0	4	133	0	0	0	0	0	0	1	1	0	0	0	3	0	86	25	0	10	25	218	148	0	0	0	5	[]	0	4
50	123456874	0	0	4	134	0	0	0	0	0	0	1	1	0	0	0	2	0	90	25	0	10	25	218	148	0	0	0	5	[]	0	4
51	123456874	0	0	3	135	0	0	0	0	0	0	1	1	0	0	0	2	0	92	25	0	10	25	218	148	0	0	0	5	[]	0	3
52	123456874	0	0	3	135	0	0	0	0	0	0	1	1	0	0	0	2	0	94	25	0	10	25	218	148	0	0	0	5	[]	0	3
53	123456874	0	0	2	137	0	0	0	0	0	0	2	0	0	0	0	1	0	96	25	0	11	25	218	148	0	0	0	5	[]	0	3
54	123456874	0	0	2	137	0	0	0	0	0	0	2	0	0	0	0	1	0	97	25	0	11	25	218	148	0	0	0	5	[]	0	3
55	123456874	0	0	2	137	0	0	0	0	0	0	1	1	0	0	0	1	0	98	25	0	11	25	218	148	0	0	0	5	[]	0	3
56	123456874	0	0	1	138	0	0	0	0	0	0	1	1	0	0	1	0	0	98	26	0	11	26	218	148	0	0	0	5	[]	0	3
57	123456874	0	0	1	139	0	0	0	0	0	0	1	0	0	0	1	0	0	100	26	0	11	26	218	148	0	0	0	5	[]	0	3
58	123456874	0	0	1	139	0	0	0	0	0	0	1	0	0	0	1	0	0	105	26	0	11	26	218	148	0	0	0	5	[]	0	3
59	123456874	0	0	1	139	0	0	0	0	0	0	1	0	0	0	1	0	0	108	26	0	11	26	218	148	0	0	0	5	[]	0	3
60	123456874	0	0	1	139	0	0	0	0	0	0	1	0	0	0	1	0	0	109	26	0	11	26	218	148	0	0	0	5	[]	0	3
