day	seedRun	susceptible	exposed	infected	removed	susceptible-in-quarantine	exposed-in-quarantine	infected-in-quarantine	removed-in-quarantine	susceptible-in-quarantine-external-1	exposed-in-quarantine-external-1	infected-in-quarantine-external-1	removed-in-quarantine-external-1	susceptible-in-quarantine-external-2	exposed-in-quarantine-external-2	infected-in-quarantine-external-2	removed-in-quarantine-external-2	num-of-screened-agents	num-of-screened-agents-external-1	num-of-screened-agents-external-2	num-of-positive-agents	num-of-positive-agents-external-1	num-of-positive-agents-external-2	num-vaccinated	num-immunized	num-immunized-in-quarantine	num-immunized-in-quarantine-external-1	num-immunized-in-quarantine-external-2	num-infected-outside	classroom-in-quarantine	num-of-classroom-in-quarantine	classroom-with-at-least-one-infected
0	123457094	216	0	0	0	0	0	0	0	0	0	0	0	0	0	0	0	0	0	0	0	0	0	74	74	0	0	0	0	[]	0	0
1	123457094	205	11	0	0	0	0	0	0	0	0	0	0	0	0	0	0	0	2	0	0	0	0	74	74	0	0	0	11	[]	0	0
2	123457094	167	44	4	0	0	0	0	0	0	0	0	0	0	0	1	0	19	6	1	0	0	1	74	74	0	0	0	20	[]	0	5
3	123457094	119	86	9	1	0	0	0	0	0	0	0	0	0	0	1	0	19	6	1	0	0	1	74	74	0	0	0	31	[]	0	7
4	123457094	72	111	25	3	0	0	3	0	0	0	0	0	0	0	2	0	38	6	2	3	0	2	74	74	0	0	0	38	[]	0	10
5	123457094	47	67	37	6	5	26	21	2	0	0	1	0	0	0	3	1	95	10	4	22	1	4	74	68	6	0	0	41	[3C 2B 2D]	3	11
6	123457094	42	45	26	8	8	29	47	4	0	0	2	0	0	0	4	1	133	11	5	39	2	5	74	64	10	0	0	43	[3C 2B 2D 1D 2A]	5	11
7	123457094	42	24	29	8	8	29	57	11	0	0	2	0	0	0	5	1	171	11	6	45	2	6	74	62	12	0	0	43	[3C 2B 2D 1D 2A 1C]	6	12
8	123457094	24	35	35	9	8	19	59	19	0	0	2	0	0	0	4	2	171	12	6	45	2	6	74	62	12	0	0	46	[3C 2B 2D 1D 2A 1C]	6	12
9	123457094	10	26	14	3	12	24	79	38	0	0	3	0	0	0	5	2	225	13	7	66	3	7	74	56	18	0	0	49	[3C 2B 2D 1D 2A 1C 1A 3A 2C]	9	12
10	123457094	9	23	14	7	12	14	84	43	0	0	3	0	0	0	5	2	225	14	7	66	3	7	74	56	18	0	0	49	[3C 2B 2D 1D 2A 1C 1A 3A 2C]	9	12
11	123457094	9	9	12	5	12	18	81	59	0	0	1	2	0	0	6	2	244	14	8	73	3	8	74	54	20	0	0	49	[3C 2B 2D 1D 2A 1C 1A 3A 2C 3D]	10	12
12	123457094	0	3	12	3	20	15	71	81	0	0	2	2	0	0	3	4	263	15	8	77	4	8	74	52	22	0	0	50	[3C 2B 2D 1D 2A 1C 1A 3A 2C 3D 1B]	11	12
13	123457094	0	2	13	3	20	9	67	91	0	0	1	3	0	0	3	4	263	15	8	77	4	8	74	52	22	0	0	50	[3C 2B 2D 1D 2A 1C 1A 3A 2C 3D 1B]	11	12
14	123457094	0	1	13	4	20	5	63	99	0	0	1	3	0	0	2	5	263	15	8	77	4	8	74	52	22	0	0	50	[3C 2B 2D 1D 2A 1C 1A 3A 2C 3D 1B]	11	12
15	123457094	4	2	12	54	15	3	44	74	0	0	0	3	0	0	1	4	263	15	8	77	4	8	74	58	16	0	0	51	[1D 2A 1C 1A 3A 2C 3D 1B]	8	9
16	123457094	6	2	0	82	12	1	45	61	0	0	1	2	0	0	1	3	282	17	8	89	5	8	74	60	14	0	0	52	[1C 1A 3A 2C 3D 1B 3B]	7	7
17	123457094	6	2	0	100	12	0	33	57	0	0	1	2	0	0	1	2	282	20	8	89	5	8	74	62	12	0	0	52	[1A 3A 2C 3D 1B 3B]	6	6
18	123457094	4	3	1	100	12	0	29	61	0	0	1	2	0	0	1	2	282	20	8	89	5	8	74	62	12	0	0	52	[1A 3A 2C 3D 1B 3B]	6	7
19	123457094	7	4	0	150	8	0	14	29	0	0	1	1	0	0	2	0	301	21	9	89	5	9	74	68	6	0	0	53	[3D 1B 3B]	3	4
20	123457094	7	3	1	150	8	0	12	31	0	0	1	1	0	0	2	0	301	23	9	89	5	9	74	68	6	0	0	53	[3D 1B 3B]	3	4
21	123457094	7	3	1	168	8	0	8	18	0	0	1	1	0	0	1	0	301	23	9	89	5	9	74	70	4	0	0	53	[1B 3B]	2	3
22	123457094	15	3	1	178	0	0	2	15	0	0	1	0	0	0	1	0	301	24	9	89	5	9	74	72	2	0	0	53	[3B]	1	2
23	123457094	14	4	1	178	0	0	2	15	0	0	1	0	0	0	1	0	301	25	9	89	5	9	74	72	2	0	0	54	[3B]	1	2
24	123457094	14	3	1	178	0	0	3	15	0	0	1	0	0	0	0	1	320	25	9	90	5	9	74	72	2	0	0	54	[3B]	1	3
25	123457094	13	4	1	178	0	0	2	16	0	0	1	0	0	0	0	1	320	27	9	90	5	9	74	72	2	0	0	54	[3B]	1	3
26	123457094	13	3	1	197	0	0	1	0	0	0	0	0	0	0	0	1	320	27	9	90	5	9	74	74	0	0	0	54	[]	0	2
27	123457094	12	4	1	197	0	0	0	1	0	0	0	0	0	0	0	1	320	28	9	90	5	9	74	74	0	0	0	55	[]	0	1
28	123457094	10	5	2	197	0	0	0	1	0	0	0	0	0	0	0	1	320	31	9	90	5	9	74	74	0	0	0	57	[]	0	2
29	123457094	6	7	4	198	0	0	0	1	0	0	0	0	0	0	0	0	320	32	9	90	5	9	74	74	0	0	0	57	[]	0	4
30	123457094	4	7	6	198	0	0	0	1	0	0	0	0	0	0	0	0	320	35	9	90	5	9	74	74	0	0	0	57	[]	0	4
31	123457094	3	7	3	198	0	0	3	1	0	0	0	0	0	0	1	0	339	36	10	93	5	10	74	74	0	0	0	57	[]	0	4
32	123457094	1	9	3	198	0	0	3	1	0	0	0	0	0	0	1	0	339	39	10	93	5	10	74	74	0	0	0	58	[]	0	4
33	123457094	0	7	5	199	0	0	3	1	0	0	0	0	0	0	1	0	339	40	10	93	5	10	74	74	0	0	0	59	[]	0	4
34	123457094	0	6	5	201	0	0	3	0	0	0	0	0	0	0	1	0	339	41	10	93	5	10	74	74	0	0	0	59	[]	0	4
35	123457094	0	3	7	202	0	0	2	1	0	0	0	0	0	0	1	0	339	43	10	93	5	10	74	74	0	0	0	59	[]	0	4
36	123457094	0	2	2	194	0	0	2	1	0	0	0	0	0	0	5	10	339	47	11	93	5	11	74	72	0	0	2	59	[1B]	1	3
37	123457094	0	2	2	194	0	0	2	1	0	0	0	0	0	0	5	10	339	49	11	93	5	11	74	72	0	0	2	59	[1B]	1	3
38	123457094	0	1	3	194	0	0	2	1	0	0	0	0	0	0	2	13	339	52	11	93	5	11	74	72	0	0	2	59	[1B]	1	4
39	123457094	0	1	3	194	0	0	2	1	0	0	0	0	0	0	1	14	339	53	11	93	5	11	74	72	0	0	2	59	[1B]	1	4
40	123457094	0	1	3	194	0	0	1	2	0	0	0	0	0	0	1	14	339	53	11	93	5	11	74	72	0	0	2	59	[1B]	1	4
41	123457094	0	0	4	194	0	0	1	2	0	0	0	0	0	0	1	14	339	54	11	93	5	11	74	72	0	0	2	59	[1B]	1	5
42	123457094	0	0	4	194	0	0	1	2	0	0	0	0	0	0	1	14	339	56	11	93	5	11	74	72	0	0	2	59	[1B]	1	5
43	123457094	0	0	4	194	0	0	1	2	0	0	0	0	0	0	1	14	339	56	11	93	5	11	74	72	0	0	2	59	[1B]	1	5
44	123457094	0	0	3	195	0	0	0	3	0	0	0	0	0	0	1	14	339	56	11	93	5	11	74	72	0	0	2	59	[1B]	1	4
45	123457094	0	0	3	195	0	0	0	3	0	0	0	0	0	0	1	14	339	61	11	93	5	11	74	72	0	0	2	59	[1B]	1	4
46	123457094	0	0	3	213	0	0	0	0	0	0	0	0	0	0	0	0	339	61	11	93	5	11	74	74	0	0	0	59	[]	0	3
47	123457094	0	0	3	213	0	0	0	0	0	0	0	0	0	0	0	0	339	63	11	93	5	11	74	74	0	0	0	59	[]	0	3
48	123457094	0	0	3	213	0	0	0	0	0	0	0	0	0	0	0	0	339	64	11	93	5	11	74	74	0	0	0	59	[]	0	3
49	123457094	0	0	3	213	0	0	0	0	0	0	0	0	0	0	0	0	339	66	11	93	5	11	74	74	0	0	0	59	[]	0	3
50	123457094	0	0	3	213	0	0	0	0	0	0	0	0	0	0	0	0	339	67	11	93	5	11	74	74	0	0	0	59	[]	0	3
51	123457094	0	0	2	213	0	0	0	0	0	0	1	0	0	0	0	0	358	70	11	93	6	11	74	74	0	0	0	59	[]	0	3
52	123457094	0	0	2	213	0	0	0	0	0	0	0	1	0	0	0	0	358	71	11	93	6	11	74	74	0	0	0	59	[]	0	2
53	123457094	0	0	2	213	0	0	0	0	0	0	0	1	0	0	0	0	358	74	11	93	6	11	74	74	0	0	0	59	[]	0	2
54	123457094	0	0	2	213	0	0	0	0	0	0	0	1	0	0	0	0	358	75	11	93	6	11	74	74	0	0	0	59	[]	0	2
55	123457094	0	0	2	213	0	0	0	0	0	0	0	1	0	0	0	0	358	77	11	93	6	11	74	74	0	0	0	59	[]	0	2
56	123457094	0	0	2	213	0	0	0	0	0	0	0	1	0	0	0	0	377	78	11	93	6	11	74	74	0	0	0	59	[]	0	2
57	123457094	0	0	1	214	0	0	0	0	0	0	0	1	0	0	0	0	377	80	11	93	6	11	74	74	0	0	0	59	[]	0	1
58	123457094	0	0	1	214	0	0	0	0	0	0	0	1	0	0	0	0	377	81	11	93	6	11	74	74	0	0	0	59	[]	0	1
59	123457094	0	0	0	214	0	0	0	0	0	0	1	1	0	0	0	0	396	83	11	93	7	11	74	74	0	0	0	59	[]	0	1
60	123457094	0	0	0	214	0	0	0	0	0	0	1	1	0	0	0	0	396	85	11	93	7	11	74	74	0	0	0	59	[]	0	1
