day	seedRun	susceptible	exposed	infected	removed	susceptible-in-quarantine	exposed-in-quarantine	infected-in-quarantine	removed-in-quarantine	susceptible-in-quarantine-external-1	exposed-in-quarantine-external-1	infected-in-quarantine-external-1	removed-in-quarantine-external-1	susceptible-in-quarantine-external-2	exposed-in-quarantine-external-2	infected-in-quarantine-external-2	removed-in-quarantine-external-2	num-of-screened-agents	num-of-screened-agents-external-1	num-of-screened-agents-external-2	num-of-positive-agents	num-of-positive-agents-external-1	num-of-positive-agents-external-2	num-vaccinated-susceptible	num-vaccinated-exposed	num-vaccinated-infected	num-vaccinated-removed	num-vaccinated-susceptible-in-quarantine	num-vaccinated-exposed-in-quarantine	num-vaccinated-infected-in-quarantine	num-vaccinated-removed-in-quarantine	num-vaccinated-susceptible-in-quarantine-external-1	num-vaccinated-exposed-in-quarantine-external-1	num-vaccinated-infected-in-quarantine-external-1	num-vaccinated-removed-in-quarantine-external-1	num-vaccinated-susceptible-in-quarantine-external-2	num-vaccinated-exposed-in-quarantine-external-2	num-vaccinated-infected-in-quarantine-external-2	num-vaccinated-removed-in-quarantine-external-2	num-infected-outside	classroom-in-quarantine	num-of-classroom-in-quarantine	classroom-with-at-least-one-infected
0	123456795	240	0	0	0	0	0	0	0	0	0	0	0	0	0	0	0	0	0	0	0	0	0	0	0	0	50	0	0	0	0	0	0	0	0	0	0	0	0	0	[]	0	0
1	123456795	239	1	0	0	0	0	0	0	0	0	0	0	0	0	0	0	60	1	0	0	0	0	0	0	0	50	0	0	0	0	0	0	0	0	0	0	0	0	1	[]	0	0
2	123456795	232	7	1	0	0	0	0	0	0	0	0	0	0	0	0	0	60	1	0	0	0	0	0	0	0	50	0	0	0	0	0	0	0	0	0	0	0	0	7	[]	0	1
3	123456795	225	14	0	1	0	0	0	0	0	0	0	0	0	0	0	0	60	3	0	0	0	0	0	0	0	50	0	0	0	0	0	0	0	0	0	0	0	0	14	[]	0	0
4	123456795	219	19	1	1	0	0	0	0	0	0	0	0	0	0	0	0	60	3	0	0	0	0	0	0	0	50	0	0	0	0	0	0	0	0	0	0	0	0	18	[]	0	1
5	123456795	201	30	8	1	0	0	0	0	0	0	0	0	0	0	0	0	60	4	0	0	0	0	0	0	0	50	0	0	0	0	0	0	0	0	0	0	0	0	20	[]	0	6
6	123456795	197	21	20	2	0	0	0	0	0	0	0	0	0	0	0	0	60	5	0	0	0	0	0	0	0	50	0	0	0	0	0	0	0	0	0	0	0	0	24	[]	0	8
7	123456795	196	19	19	6	0	0	0	0	0	0	0	0	0	0	0	0	60	7	0	0	0	0	0	0	0	50	0	0	0	0	0	0	0	0	0	0	0	0	25	[]	0	7
8	123456795	143	27	8	2	37	5	12	6	0	0	0	0	0	0	0	0	158	7	0	8	0	0	0	0	0	50	0	0	0	0	0	0	0	0	0	0	0	0	27	[1A 1B 1C]	3	8
9	123456795	123	37	17	3	37	3	11	9	0	0	0	0	0	0	0	0	158	7	0	8	0	0	0	0	0	50	0	0	0	0	0	0	0	0	0	0	0	0	30	[1A 1B 1C]	3	10
10	123456795	98	52	25	5	37	1	13	9	0	0	0	0	0	0	0	0	158	7	0	8	0	0	0	0	0	50	0	0	0	0	0	0	0	0	0	0	0	0	34	[1A 1B 1C]	3	11
11	123456795	79	49	27	4	40	5	17	17	0	0	0	0	0	0	2	0	196	7	2	13	0	2	0	0	0	50	0	0	0	0	0	0	0	0	0	0	0	0	37	[1A 1B 1C 1D]	4	11
12	123456795	52	54	29	4	41	10	27	20	0	0	1	0	0	0	2	0	215	8	2	24	1	2	0	0	0	50	0	0	0	0	0	0	0	0	0	0	0	0	39	[1A 1B 1C 1D 2B]	5	11
13	123456795	48	37	27	7	44	13	30	30	0	0	1	0	0	0	3	0	234	9	3	34	1	3	0	0	0	50	0	0	0	0	0	0	0	0	0	0	0	0	40	[1A 1B 1C 1D 2B 3B]	6	12
14	123456795	48	26	36	9	44	11	28	34	0	0	1	0	0	0	3	0	234	9	3	34	1	3	0	0	0	50	0	0	0	0	0	0	0	0	0	0	0	0	40	[1A 1B 1C 1D 2B 3B]	6	12
15	123456795	16	3	1	0	73	26	64	52	0	0	2	0	0	0	3	0	297	10	3	60	2	3	0	0	0	50	0	0	0	0	0	0	0	0	0	0	0	0	40	[1A 1B 1C 1D 2B 3B 3A 2A 2C 3C 3D]	11	12
16	123456795	12	6	2	0	73	20	60	62	0	0	1	1	0	0	3	0	297	10	3	60	2	3	0	0	0	50	0	0	0	0	0	0	0	0	0	0	0	0	41	[1A 1B 1C 1D 2B 3B 3A 2A 2C 3C 3D]	11	12
17	123456795	10	6	3	1	73	11	57	74	0	0	1	1	0	0	3	0	297	10	3	60	2	3	0	0	0	50	0	0	0	0	0	0	0	0	0	0	0	0	41	[1A 1B 1C 1D 2B 3B 3A 2A 2C 3C 3D]	11	11
18	123456795	4	10	5	1	73	7	53	82	0	0	1	1	0	0	3	0	297	10	3	60	2	3	0	0	0	50	0	0	0	0	0	0	0	0	0	0	0	0	41	[1A 1B 1C 1D 2B 3B 3A 2A 2C 3C 3D]	11	11
19	123456795	3	8	8	1	73	3	51	88	0	0	1	1	0	0	3	0	297	10	3	60	2	3	0	0	0	50	0	0	0	0	0	0	0	0	0	0	0	0	41	[1A 1B 1C 1D 2B 3B 3A 2A 2C 3C 3D]	11	11
20	123456795	3	3	12	2	73	1	45	96	0	0	1	1	0	0	3	0	297	10	3	60	2	3	0	0	0	50	0	0	0	0	0	0	0	0	0	0	0	0	41	[1A 1B 1C 1D 2B 3B 3A 2A 2C 3C 3D]	11	10
21	123456795	3	3	10	4	73	1	41	100	0	0	1	1	0	0	2	1	297	10	3	60	2	3	0	0	0	50	0	0	0	0	0	0	0	0	0	0	0	0	41	[1A 1B 1C 1D 2B 3B 3A 2A 2C 3C 3D]	11	10
22	123456795	37	0	0	23	38	4	44	89	0	0	1	1	0	0	2	1	317	10	3	63	2	3	0	0	0	50	0	0	0	0	0	0	0	0	0	0	0	0	42	[1D 2B 3B 3A 2A 2C 3C 3D 2D]	9	9
23	123456795	37	0	0	23	38	3	42	92	0	0	1	1	0	0	2	1	317	11	3	63	2	3	0	0	0	50	0	0	0	0	0	0	0	0	0	0	0	0	42	[1D 2B 3B 3A 2A 2C 3C 3D 2D]	9	9
24	123456795	37	0	0	23	38	2	33	102	0	0	1	1	0	0	2	1	317	11	3	63	2	3	0	0	0	50	0	0	0	0	0	0	0	0	0	0	0	0	42	[1D 2B 3B 3A 2A 2C 3C 3D 2D]	9	9
25	123456795	40	0	0	40	35	1	25	95	0	0	1	1	0	0	1	1	317	11	3	63	2	3	0	0	0	50	0	0	0	0	0	0	0	0	0	0	0	0	42	[2B 3B 3A 2A 2C 3C 3D 2D]	8	8
26	123456795	41	0	0	59	34	1	21	81	0	0	0	1	0	0	1	1	317	12	3	63	2	3	0	0	0	50	0	0	0	0	0	0	0	0	0	0	0	0	42	[3B 3A 2A 2C 3C 3D 2D]	7	7
27	123456795	42	2	0	76	31	1	17	69	0	0	0	1	0	0	0	1	317	12	3	63	2	3	0	0	0	50	0	0	0	0	0	0	0	0	0	0	0	0	44	[3A 2A 2C 3C 3D 2D]	6	5
28	123456795	42	2	0	76	31	1	15	71	0	0	0	1	0	0	0	1	317	14	3	63	2	3	0	0	0	50	0	0	0	0	0	0	0	0	0	0	0	0	44	[3A 2A 2C 3C 3D 2D]	6	5
29	123456795	66	6	1	147	2	1	5	12	0	0	0	0	0	0	0	0	372	14	3	63	2	3	0	0	0	50	0	0	0	0	0	0	0	0	0	0	0	0	45	[2D]	1	2
30	123456795	64	6	3	147	2	0	5	13	0	0	0	0	0	0	0	0	372	16	3	63	2	3	0	0	0	50	0	0	0	0	0	0	0	0	0	0	0	0	47	[2D]	1	4
31	123456795	58	11	4	147	2	0	4	14	0	0	0	0	0	0	0	0	372	16	3	63	2	3	0	0	0	50	0	0	0	0	0	0	0	0	0	0	0	0	48	[2D]	1	4
32	123456795	52	14	4	150	2	0	3	15	0	0	0	0	0	0	0	0	372	16	3	63	2	3	0	0	0	50	0	0	0	0	0	0	0	0	0	0	0	0	49	[2D]	1	3
33	123456795	49	13	6	152	2	0	3	15	0	0	0	0	0	0	0	0	372	16	3	63	2	3	0	0	0	50	0	0	0	0	0	0	0	0	0	0	0	0	51	[2D]	1	4
34	123456795	46	11	11	152	2	0	3	15	0	0	0	0	0	0	0	0	372	16	3	63	2	3	0	0	0	50	0	0	0	0	0	0	0	0	0	0	0	0	54	[2D]	1	5
35	123456795	46	5	16	153	2	0	2	16	0	0	0	0	0	0	0	0	372	18	3	63	2	3	0	0	0	50	0	0	0	0	0	0	0	0	0	0	0	0	54	[2D]	1	7
36	123456795	36	3	2	157	10	2	13	16	0	0	0	0	0	0	1	0	484	19	4	75	2	4	0	0	0	50	0	0	0	0	0	0	0	0	0	0	0	0	54	[1C 1A]	2	6
37	123456795	33	6	2	157	10	1	12	18	0	0	0	0	0	0	1	0	484	20	4	75	2	4	0	0	0	50	0	0	0	0	0	0	0	0	0	0	0	0	54	[1C 1A]	2	5
38	123456795	32	5	3	158	10	1	11	19	0	0	0	0	0	0	1	0	484	21	4	75	2	4	0	0	0	50	0	0	0	0	0	0	0	0	0	0	0	0	54	[1C 1A]	2	5
39	123456795	27	9	4	158	10	1	8	22	0	0	0	0	0	0	1	0	484	21	4	75	2	4	0	0	0	50	0	0	0	0	0	0	0	0	0	0	0	0	56	[1C 1A]	2	5
40	123456795	25	6	9	158	10	1	7	23	0	0	0	0	0	0	1	0	484	21	4	75	2	4	0	0	0	50	0	0	0	0	0	0	0	0	0	0	0	0	57	[1C 1A]	2	7
41	123456795	20	4	8	147	15	2	8	35	0	0	0	0	0	0	1	0	522	22	4	76	2	4	0	0	0	50	0	0	0	0	0	0	0	0	0	0	0	0	57	[1C 1A 1B]	3	7
42	123456795	19	3	8	149	15	1	9	35	0	0	0	0	0	0	1	0	522	22	4	76	2	4	0	0	0	50	0	0	0	0	0	0	0	0	0	0	0	0	58	[1C 1A 1B]	3	6
43	123456795	16	4	4	135	16	2	10	52	0	0	0	0	0	0	1	0	585	22	4	78	2	4	0	0	0	50	0	0	0	0	0	0	0	0	0	0	0	0	59	[1C 1A 1B 3C]	4	6
44	123456795	16	1	7	135	16	2	9	53	0	0	0	0	0	0	1	0	585	22	4	78	2	4	0	0	0	50	0	0	0	0	0	0	0	0	0	0	0	0	59	[1C 1A 1B 3C]	4	7
45	123456795	15	1	7	136	16	1	10	53	0	0	0	0	0	0	1	0	585	24	4	78	2	4	0	0	0	50	0	0	0	0	0	0	0	0	0	0	0	0	59	[1C 1A 1B 3C]	4	7
46	123456795	14	1	6	138	16	1	10	53	0	0	0	0	0	0	1	0	585	24	4	78	2	4	0	0	0	50	0	0	0	0	0	0	0	0	0	0	0	0	59	[1C 1A 1B 3C]	4	7
47	123456795	12	2	7	138	16	1	9	54	0	0	0	0	0	0	1	0	585	24	4	78	2	4	0	0	0	50	0	0	0	0	0	0	0	0	0	0	0	0	59	[1C 1A 1B 3C]	4	7
48	123456795	12	2	6	139	16	0	8	56	0	0	0	0	0	0	1	0	585	26	4	78	2	4	0	0	0	50	0	0	0	0	0	0	0	0	0	0	0	0	59	[1C 1A 1B 3C]	4	6
49	123456795	12	1	6	140	16	0	7	57	0	0	0	0	0	0	1	0	585	26	4	78	2	4	0	0	0	50	0	0	0	0	0	0	0	0	0	0	0	0	59	[1C 1A 1B 3C]	4	5
50	123456795	22	1	4	173	6	0	4	30	0	0	0	0	0	0	0	0	635	26	4	78	2	4	0	0	0	50	0	0	0	0	0	0	0	0	0	0	0	0	59	[1B 3C]	2	3
51	123456795	21	2	4	173	6	0	4	30	0	0	0	0	0	0	0	0	635	26	4	78	2	4	0	0	0	50	0	0	0	0	0	0	0	0	0	0	0	0	60	[1B 3C]	2	3
52	123456795	21	1	4	174	6	0	4	30	0	0	0	0	0	0	0	0	635	27	4	78	2	4	0	0	0	50	0	0	0	0	0	0	0	0	0	0	0	0	60	[1B 3C]	2	3
53	123456795	21	0	5	174	6	0	4	30	0	0	0	0	0	0	0	0	635	27	4	78	2	4	0	0	0	50	0	0	0	0	0	0	0	0	0	0	0	0	60	[1B 3C]	2	4
54	123456795	21	0	5	174	6	0	3	31	0	0	0	0	0	0	0	0	635	27	4	78	2	4	0	0	0	50	0	0	0	0	0	0	0	0	0	0	0	0	60	[1B 3C]	2	4
55	123456795	24	2	5	189	1	0	2	17	0	0	0	0	0	0	0	0	635	27	4	78	2	4	0	0	0	50	0	0	0	0	0	0	0	0	0	0	0	0	62	[3C]	1	3
56	123456795	24	2	5	189	1	0	2	17	0	0	0	0	0	0	0	0	635	27	4	78	2	4	0	0	0	50	0	0	0	0	0	0	0	0	0	0	0	0	62	[3C]	1	3
57	123456795	24	2	5	208	0	0	1	0	0	0	0	0	0	0	0	0	714	27	4	79	2	4	0	0	0	50	0	0	0	0	0	0	0	0	0	0	0	0	62	[]	0	3
58	123456795	24	1	6	208	0	0	1	0	0	0	0	0	0	0	0	0	714	27	4	79	2	4	0	0	0	50	0	0	0	0	0	0	0	0	0	0	0	0	62	[]	0	3
59	123456795	22	3	4	210	0	0	1	0	0	0	0	0	0	0	0	0	714	27	4	79	2	4	0	0	0	50	0	0	0	0	0	0	0	0	0	0	0	0	62	[]	0	3
60	123456795	21	3	2	193	0	0	3	17	0	0	0	0	0	0	1	0	733	28	5	81	2	5	0	0	0	50	0	0	0	0	0	0	0	0	0	0	0	0	63	[2C]	1	3
