day	seedRun	susceptible	exposed	infected	removed	susceptible-in-quarantine	exposed-in-quarantine	infected-in-quarantine	removed-in-quarantine	susceptible-in-quarantine-external-1	exposed-in-quarantine-external-1	infected-in-quarantine-external-1	removed-in-quarantine-external-1	susceptible-in-quarantine-external-2	exposed-in-quarantine-external-2	infected-in-quarantine-external-2	removed-in-quarantine-external-2	num-of-screened-agents	num-of-screened-agents-external-1	num-of-screened-agents-external-2	num-of-positive-agents	num-of-positive-agents-external-1	num-of-positive-agents-external-2	num-vaccinated	num-immunized	num-immunized-in-quarantine	num-immunized-in-quarantine-external-1	num-immunized-in-quarantine-external-2	num-infected-outside	classroom-in-quarantine	num-of-classroom-in-quarantine	classroom-with-at-least-one-infected
0	123457108	270	0	0	0	0	0	0	0	0	0	0	0	0	0	0	0	0	0	0	0	0	0	50	20	0	0	0	0	[]	0	0
1	123457108	266	4	0	0	0	0	0	0	0	0	0	0	0	0	0	0	0	4	0	0	0	0	50	20	0	0	0	4	[]	0	0
2	123457108	257	13	0	0	0	0	0	0	0	0	0	0	0	0	0	0	0	6	0	0	0	0	50	20	0	0	0	13	[]	0	0
3	123457108	215	51	4	0	0	0	0	0	0	0	0	0	0	0	0	0	0	8	0	0	0	0	50	20	0	0	0	21	[]	0	3
4	123457108	146	111	13	0	0	0	0	0	0	0	0	0	0	0	0	0	0	8	0	0	0	0	50	20	0	0	0	27	[]	0	6
5	123457108	82	125	42	1	0	11	6	2	0	0	0	0	0	0	1	0	19	8	1	6	0	1	50	20	0	0	0	30	[3C]	1	10
6	123457108	81	57	46	3	0	39	35	4	0	0	0	0	0	0	5	0	95	8	5	33	0	5	50	20	0	0	0	31	[3C 1C 3D 2C]	4	11
7	123457108	79	35	48	5	1	38	47	11	0	0	0	0	0	0	5	1	114	10	6	40	0	6	50	20	0	0	0	32	[3C 1C 3D 2C 1B]	5	11
8	123457108	35	69	49	14	1	28	54	14	0	0	0	0	0	0	5	1	114	11	6	40	0	6	50	20	0	0	0	34	[3C 1C 3D 2C 1B]	5	11
9	123457108	27	19	15	9	6	50	99	34	0	0	1	0	0	0	8	2	206	14	10	86	1	10	50	20	0	0	0	35	[3C 1C 3D 2C 1B 3A 3B 2A 2B 1D]	10	11
10	123457108	27	15	15	13	6	36	99	48	0	0	0	1	0	0	7	3	206	14	10	86	1	10	50	20	0	0	0	35	[3C 1C 3D 2C 1B 3A 3B 2A 2B 1D]	10	11
11	123457108	27	10	19	14	6	27	98	58	0	0	0	1	0	0	6	4	206	14	10	86	1	10	50	20	0	0	0	35	[3C 1C 3D 2C 1B 3A 3B 2A 2B 1D]	10	11
12	123457108	24	6	8	12	6	22	107	73	0	0	1	1	0	0	5	5	225	16	10	96	2	10	50	20	0	0	0	35	[3C 1C 3D 2C 1B 3A 3B 2A 2B 1D 2D]	11	11
13	123457108	24	5	8	13	6	18	103	81	0	0	1	1	0	0	3	7	225	16	10	96	2	10	50	20	0	0	0	35	[3C 1C 3D 2C 1B 3A 3B 2A 2B 1D 2D]	11	12
14	123457108	24	5	8	13	6	12	99	91	0	0	1	1	0	0	3	7	225	17	10	96	2	10	50	20	0	0	0	35	[3C 1C 3D 2C 1B 3A 3B 2A 2B 1D 2D]	11	12
15	123457108	14	13	9	34	6	8	78	97	0	0	1	1	0	0	3	6	225	17	10	96	2	10	50	20	0	0	0	35	[1C 3D 2C 1B 3A 3B 2A 2B 1D 2D]	10	11
16	123457108	7	17	11	95	6	6	49	71	0	0	1	1	0	0	3	3	225	18	10	96	2	10	50	20	0	0	0	35	[1B 3A 3B 2A 2B 1D 2D]	7	8
17	123457108	6	12	17	115	5	1	43	64	0	0	1	1	0	0	2	3	225	21	10	96	2	10	50	20	0	0	0	35	[3A 3B 2A 2B 1D 2D]	6	7
18	123457108	6	2	8	114	5	7	48	72	0	0	0	2	0	0	2	4	244	22	11	106	2	11	50	20	0	0	0	35	[3A 3B 2A 2B 1D 2D 1A]	7	7
19	123457108	7	6	7	210	0	4	18	16	0	0	0	1	0	0	0	1	244	22	11	106	2	11	50	20	0	0	0	36	[2D 1A]	2	2
20	123457108	7	5	6	212	0	3	17	18	0	0	0	1	0	0	0	1	244	24	11	106	2	11	50	20	0	0	0	36	[2D 1A]	2	3
21	123457108	7	5	6	212	0	2	13	23	0	0	0	1	0	0	0	1	244	24	11	106	2	11	50	20	0	0	0	36	[2D 1A]	2	3
22	123457108	6	4	7	233	0	2	6	11	0	0	0	0	0	0	0	1	244	25	11	106	2	11	50	20	0	0	0	36	[1A]	1	2
23	123457108	5	4	8	233	0	1	7	11	0	0	0	0	0	0	0	1	244	26	11	106	2	11	50	20	0	0	0	36	[1A]	1	2
24	123457108	5	3	7	235	0	0	8	11	0	0	0	0	0	0	0	1	244	26	11	106	2	11	50	20	0	0	0	36	[1A]	1	2
25	123457108	5	2	7	236	0	0	7	12	0	0	0	0	0	0	0	1	244	27	11	106	2	11	50	20	0	0	0	36	[1A]	1	3
26	123457108	5	1	6	238	0	0	6	13	0	0	0	0	0	0	0	1	244	28	11	106	2	11	50	20	0	0	0	36	[1A]	1	3
27	123457108	4	2	6	238	0	0	6	13	0	0	0	0	0	0	0	1	244	29	11	106	2	11	50	20	0	0	0	36	[1A]	1	3
28	123457108	4	2	4	260	0	0	0	0	0	0	0	0	0	0	0	0	244	31	11	106	2	11	50	20	0	0	0	36	[]	0	2
29	123457108	4	1	4	261	0	0	0	0	0	0	0	0	0	0	0	0	244	31	11	106	2	11	50	20	0	0	0	36	[]	0	2
30	123457108	4	1	3	262	0	0	0	0	0	0	0	0	0	0	0	0	244	32	11	106	2	11	50	20	0	0	0	36	[]	0	1
31	123457108	4	1	3	262	0	0	0	0	0	0	0	0	0	0	0	0	244	36	11	106	2	11	50	20	0	0	0	36	[]	0	1
32	123457108	4	1	2	263	0	0	0	0	0	0	0	0	0	0	0	0	244	36	11	106	2	11	50	20	0	0	0	36	[]	0	1
33	123457108	4	0	3	263	0	0	0	0	0	0	0	0	0	0	0	0	244	38	11	106	2	11	50	20	0	0	0	36	[]	0	2
34	123457108	4	0	3	263	0	0	0	0	0	0	0	0	0	0	0	0	244	38	11	106	2	11	50	20	0	0	0	36	[]	0	2
35	123457108	3	1	3	263	0	0	0	0	0	0	0	0	0	0	0	0	244	40	11	106	2	11	50	20	0	0	0	37	[]	0	2
36	123457108	3	1	3	263	0	0	0	0	0	0	0	0	0	0	0	0	244	43	11	106	2	11	50	20	0	0	0	37	[]	0	2
37	123457108	3	1	3	263	0	0	0	0	0	0	0	0	0	0	0	0	244	45	11	106	2	11	50	20	0	0	0	37	[]	0	2
38	123457108	2	2	2	263	0	0	0	0	0	0	1	0	0	0	0	0	263	49	11	106	3	11	50	20	0	0	0	38	[]	0	2
39	123457108	2	2	1	264	0	0	0	0	0	0	1	0	0	0	0	0	263	51	11	106	3	11	50	20	0	0	0	38	[]	0	2
40	123457108	2	2	1	264	0	0	0	0	0	0	1	0	0	0	0	0	263	52	11	106	3	11	50	20	0	0	0	38	[]	0	2
41	123457108	2	1	2	264	0	0	0	0	0	0	1	0	0	0	0	0	263	54	11	106	3	11	50	20	0	0	0	38	[]	0	2
42	123457108	2	1	2	264	0	0	0	0	0	0	1	0	0	0	0	0	263	55	11	106	3	11	50	20	0	0	0	38	[]	0	2
43	123457108	2	0	3	264	0	0	0	0	0	0	1	0	0	0	0	0	282	56	11	106	3	11	50	20	0	0	0	38	[]	0	2
44	123457108	2	0	2	265	0	0	0	0	0	0	1	0	0	0	0	0	282	56	11	106	3	11	50	20	0	0	0	38	[]	0	2
45	123457108	2	0	2	265	0	0	0	0	0	0	1	0	0	0	0	0	282	58	11	106	3	11	50	20	0	0	0	38	[]	0	2
46	123457108	2	0	1	266	0	0	0	0	0	0	1	0	0	0	0	0	282	59	11	106	3	11	50	20	0	0	0	38	[]	0	2
47	123457108	2	0	1	266	0	0	0	0	0	0	1	0	0	0	0	0	282	59	11	106	3	11	50	20	0	0	0	38	[]	0	2
48	123457108	2	0	1	267	0	0	0	0	0	0	0	0	0	0	0	0	282	61	11	106	3	11	50	20	0	0	0	38	[]	0	1
49	123457108	2	0	0	268	0	0	0	0	0	0	0	0	0	0	0	0	282	61	11	106	3	11	50	20	0	0	0	38	[]	0	0
50	123457108	2	0	0	268	0	0	0	0	0	0	0	0	0	0	0	0	282	61	11	106	3	11	50	20	0	0	0	38	[]	0	0
51	123457108	2	0	0	268	0	0	0	0	0	0	0	0	0	0	0	0	282	63	11	106	3	11	50	20	0	0	0	38	[]	0	0
52	123457108	2	0	0	268	0	0	0	0	0	0	0	0	0	0	0	0	282	64	11	106	3	11	50	20	0	0	0	38	[]	0	0
53	123457108	2	0	0	268	0	0	0	0	0	0	0	0	0	0	0	0	282	66	11	106	3	11	50	20	0	0	0	38	[]	0	0
54	123457108	2	0	0	268	0	0	0	0	0	0	0	0	0	0	0	0	282	68	11	106	3	11	50	20	0	0	0	38	[]	0	0
55	123457108	2	0	0	268	0	0	0	0	0	0	0	0	0	0	0	0	282	73	11	106	3	11	50	20	0	0	0	38	[]	0	0
56	123457108	2	0	0	268	0	0	0	0	0	0	0	0	0	0	0	0	282	76	11	106	3	11	50	20	0	0	0	38	[]	0	0
57	123457108	2	0	0	268	0	0	0	0	0	0	0	0	0	0	0	0	282	78	11	106	3	11	50	20	0	0	0	38	[]	0	0
58	123457108	2	0	0	268	0	0	0	0	0	0	0	0	0	0	0	0	282	79	11	106	3	11	50	20	0	0	0	38	[]	0	0
59	123457108	2	0	0	268	0	0	0	0	0	0	0	0	0	0	0	0	282	79	11	106	3	11	50	20	0	0	0	38	[]	0	0
60	123457108	2	0	0	268	0	0	0	0	0	0	0	0	0	0	0	0	282	79	11	106	3	11	50	20	0	0	0	38	[]	0	0
