day	seedRun	susceptible	exposed	infected	removed	susceptible-in-quarantine	exposed-in-quarantine	infected-in-quarantine	removed-in-quarantine	susceptible-in-quarantine-external-1	exposed-in-quarantine-external-1	infected-in-quarantine-external-1	removed-in-quarantine-external-1	susceptible-in-quarantine-external-2	exposed-in-quarantine-external-2	infected-in-quarantine-external-2	removed-in-quarantine-external-2	num-of-screened-agents	num-of-screened-agents-external-1	num-of-screened-agents-external-2	num-of-positive-agents	num-of-positive-agents-external-1	num-of-positive-agents-external-2	num-vaccinated	num-immunized	num-immunized-in-quarantine	num-immunized-in-quarantine-external-1	num-immunized-in-quarantine-external-2	num-infected-outside	classroom-in-quarantine	num-of-classroom-in-quarantine	classroom-with-at-least-one-infected
0	123457043	256	0	0	0	0	0	0	0	0	0	0	0	0	0	0	0	0	0	0	0	0	0	74	34	0	0	0	0	[]	0	0
1	123457043	256	0	0	0	0	0	0	0	0	0	0	0	0	0	0	0	0	3	0	0	0	0	74	34	0	0	0	0	[]	0	0
2	123457043	256	0	0	0	0	0	0	0	0	0	0	0	0	0	0	0	0	5	0	0	0	0	74	34	0	0	0	0	[]	0	0
3	123457043	256	0	0	0	0	0	0	0	0	0	0	0	0	0	0	0	0	6	0	0	0	0	74	34	0	0	0	0	[]	0	0
4	123457043	256	0	0	0	0	0	0	0	0	0	0	0	0	0	0	0	0	7	0	0	0	0	74	34	0	0	0	0	[]	0	0
5	123457043	256	0	0	0	0	0	0	0	0	0	0	0	0	0	0	0	0	9	0	0	0	0	74	34	0	0	0	0	[]	0	0
6	123457043	256	0	0	0	0	0	0	0	0	0	0	0	0	0	0	0	0	14	0	0	0	0	74	34	0	0	0	0	[]	0	0
7	123457043	256	0	0	0	0	0	0	0	0	0	0	0	0	0	0	0	0	15	0	0	0	0	74	34	0	0	0	0	[]	0	0
8	123457043	255	1	0	0	0	0	0	0	0	0	0	0	0	0	0	0	0	18	0	0	0	0	74	34	0	0	0	1	[]	0	0
9	123457043	255	1	0	0	0	0	0	0	0	0	0	0	0	0	0	0	0	19	0	0	0	0	74	34	0	0	0	1	[]	0	0
10	123457043	254	2	0	0	0	0	0	0	0	0	0	0	0	0	0	0	0	21	0	0	0	0	74	34	0	0	0	2	[]	0	0
11	123457043	254	2	0	0	0	0	0	0	0	0	0	0	0	0	0	0	0	23	0	0	0	0	74	34	0	0	0	2	[]	0	0
12	123457043	254	2	0	0	0	0	0	0	0	0	0	0	0	0	0	0	0	25	0	0	0	0	74	34	0	0	0	2	[]	0	0
13	123457043	254	1	1	0	0	0	0	0	0	0	0	0	0	0	0	0	0	25	0	0	0	0	74	34	0	0	0	2	[]	0	1
14	123457043	254	0	1	1	0	0	0	0	0	0	0	0	0	0	0	0	0	27	0	0	0	0	74	34	0	0	0	2	[]	0	1
15	123457043	247	7	1	1	0	0	0	0	0	0	0	0	0	0	0	0	0	27	0	0	0	0	74	34	0	0	0	2	[]	0	1
16	123457043	232	19	4	1	0	0	0	0	0	0	0	0	0	0	0	0	0	31	0	0	0	0	74	34	0	0	0	2	[]	0	1
17	123457043	217	28	10	1	0	0	0	0	0	0	0	0	0	0	0	0	0	32	1	0	0	1	74	34	0	0	0	3	[]	0	2
18	123457043	211	25	18	2	0	0	0	0	0	0	0	0	0	0	0	0	0	35	2	0	1	2	74	34	0	0	0	3	[]	0	2
19	123457043	193	37	19	7	0	0	0	0	0	0	0	0	0	0	0	0	0	36	4	0	1	4	74	34	0	0	0	4	[]	0	2
20	123457043	193	25	29	9	0	0	0	0	0	0	0	0	0	0	0	0	0	37	4	0	1	4	74	34	0	0	0	4	[]	0	6
21	123457043	193	18	32	13	0	0	0	0	0	0	0	0	0	0	0	0	0	40	4	0	1	4	74	34	0	0	0	4	[]	0	5
22	123457043	130	74	38	14	0	0	0	0	0	0	0	0	0	0	0	0	0	40	4	0	1	4	74	34	0	0	0	4	[]	0	7
23	123457043	98	91	48	19	0	0	0	0	0	0	0	0	0	0	0	0	0	41	5	0	1	5	74	34	0	0	0	4	[]	0	7
24	123457043	89	77	68	22	0	0	0	0	0	0	0	0	0	0	0	0	0	41	7	0	1	7	74	34	0	0	0	4	[]	0	8
25	123457043	63	85	80	28	0	0	0	0	0	0	0	0	0	0	0	0	0	43	8	0	1	8	74	34	0	0	0	4	[]	0	10
26	123457043	49	80	94	33	0	0	0	0	0	0	0	0	0	0	0	0	0	46	9	0	4	9	74	34	0	0	0	4	[]	0	10
27	123457043	49	57	105	45	0	0	0	0	0	0	0	0	0	0	0	0	0	47	10	0	4	10	74	34	0	0	0	4	[]	0	10
28	123457043	49	37	120	50	0	0	0	0	0	0	0	0	0	0	0	0	0	48	15	0	4	15	74	34	0	0	0	4	[]	0	12
29	123457043	19	60	114	63	0	0	0	0	0	0	0	0	0	0	0	0	0	51	17	0	4	17	74	34	0	0	0	4	[]	0	12
30	123457043	3	60	113	80	0	0	0	0	0	0	0	0	0	0	0	0	0	52	20	0	4	20	74	34	0	0	0	4	[]	0	12
31	123457043	1	41	117	97	0	0	0	0	0	0	0	0	0	0	0	0	0	55	25	0	4	25	74	34	0	0	0	4	[]	0	12
32	123457043	1	26	108	121	0	0	0	0	0	0	0	0	0	0	0	0	0	56	28	0	5	28	74	34	0	0	0	4	[]	0	12
33	123457043	0	18	107	131	0	0	0	0	0	0	0	0	0	0	0	0	0	60	34	0	7	34	74	34	0	0	0	4	[]	0	12
34	123457043	0	15	93	148	0	0	0	0	0	0	0	0	0	0	0	0	0	65	39	0	11	39	74	34	0	0	0	4	[]	0	12
35	123457043	0	12	86	158	0	0	0	0	0	0	0	0	0	0	0	0	0	67	39	0	11	39	74	34	0	0	0	4	[]	0	12
36	123457043	0	6	83	167	0	0	0	0	0	0	0	0	0	0	0	0	0	69	41	0	12	41	74	34	0	0	0	4	[]	0	12
37	123457043	0	3	79	174	0	0	0	0	0	0	0	0	0	0	0	0	0	71	41	0	14	41	74	34	0	0	0	4	[]	0	12
38	123457043	0	3	68	185	0	0	0	0	0	0	0	0	0	0	0	0	0	72	44	0	15	44	74	34	0	0	0	4	[]	0	12
39	123457043	0	2	59	195	0	0	0	0	0	0	0	0	0	0	0	0	0	73	45	0	15	45	74	34	0	0	0	4	[]	0	12
40	123457043	0	2	52	202	0	0	0	0	0	0	0	0	0	0	0	0	0	74	45	0	16	45	74	34	0	0	0	4	[]	0	12
41	123457043	0	2	49	205	0	0	0	0	0	0	0	0	0	0	0	0	0	79	45	0	18	45	74	34	0	0	0	4	[]	0	12
42	123457043	0	1	41	214	0	0	0	0	0	0	0	0	0	0	0	0	0	81	46	0	18	46	74	34	0	0	0	4	[]	0	11
43	123457043	0	0	37	219	0	0	0	0	0	0	0	0	0	0	0	0	0	83	47	0	18	47	74	34	0	0	0	4	[]	0	11
44	123457043	0	0	33	223	0	0	0	0	0	0	0	0	0	0	0	0	0	84	48	0	19	48	74	34	0	0	0	4	[]	0	11
45	123457043	0	0	31	225	0	0	0	0	0	0	0	0	0	0	0	0	0	86	49	0	19	49	74	34	0	0	0	4	[]	0	11
46	123457043	0	0	27	229	0	0	0	0	0	0	0	0	0	0	0	0	0	87	49	0	19	49	74	34	0	0	0	4	[]	0	10
47	123457043	0	0	22	234	0	0	0	0	0	0	0	0	0	0	0	0	0	87	49	0	19	49	74	34	0	0	0	4	[]	0	10
48	123457043	0	0	18	238	0	0	0	0	0	0	0	0	0	0	0	0	0	89	50	0	19	50	74	34	0	0	0	4	[]	0	10
49	123457043	0	0	17	239	0	0	0	0	0	0	0	0	0	0	0	0	0	89	50	0	19	50	74	34	0	0	0	4	[]	0	10
50	123457043	0	0	15	241	0	0	0	0	0	0	0	0	0	0	0	0	0	89	50	0	19	50	74	34	0	0	0	4	[]	0	10
51	123457043	0	0	11	245	0	0	0	0	0	0	0	0	0	0	0	0	0	90	50	0	19	50	74	34	0	0	0	4	[]	0	8
52	123457043	0	0	9	247	0	0	0	0	0	0	0	0	0	0	0	0	0	95	50	0	19	50	74	34	0	0	0	4	[]	0	7
53	123457043	0	0	9	247	0	0	0	0	0	0	0	0	0	0	0	0	0	95	50	0	19	50	74	34	0	0	0	4	[]	0	7
54	123457043	0	0	7	249	0	0	0	0	0	0	0	0	0	0	0	0	0	96	50	0	19	50	74	34	0	0	0	4	[]	0	6
55	123457043	0	0	6	250	0	0	0	0	0	0	0	0	0	0	0	0	0	96	50	0	19	50	74	34	0	0	0	4	[]	0	5
56	123457043	0	0	6	250	0	0	0	0	0	0	0	0	0	0	0	0	0	97	50	0	19	50	74	34	0	0	0	4	[]	0	5
57	123457043	0	0	5	251	0	0	0	0	0	0	0	0	0	0	0	0	0	99	51	0	19	51	74	34	0	0	0	4	[]	0	4
58	123457043	0	0	5	251	0	0	0	0	0	0	0	0	0	0	0	0	0	100	51	0	20	51	74	34	0	0	0	4	[]	0	4
59	123457043	0	0	4	252	0	0	0	0	0	0	0	0	0	0	0	0	0	101	51	0	20	51	74	34	0	0	0	4	[]	0	4
60	123457043	0	0	4	252	0	0	0	0	0	0	0	0	0	0	0	0	0	107	52	0	21	52	74	34	0	0	0	4	[]	0	4
