day	seedRun	susceptible	exposed	infected	removed	susceptible-in-quarantine	exposed-in-quarantine	infected-in-quarantine	removed-in-quarantine	susceptible-in-quarantine-external-1	exposed-in-quarantine-external-1	infected-in-quarantine-external-1	removed-in-quarantine-external-1	susceptible-in-quarantine-external-2	exposed-in-quarantine-external-2	infected-in-quarantine-external-2	removed-in-quarantine-external-2	num-of-screened-agents	num-of-screened-agents-external-1	num-of-screened-agents-external-2	num-of-positive-agents	num-of-positive-agents-external-1	num-of-positive-agents-external-2	num-vaccinated	num-immunized	num-immunized-in-quarantine	num-immunized-in-quarantine-external-1	num-immunized-in-quarantine-external-2	num-infected-outside	classroom-in-quarantine	num-of-classroom-in-quarantine	classroom-with-at-least-one-infected
0	123457006	254	0	0	0	0	0	0	0	0	0	0	0	0	0	0	0	0	0	0	0	0	0	50	36	0	0	0	0	[]	0	0
1	123457006	254	0	0	0	0	0	0	0	0	0	0	0	0	0	0	0	0	0	0	0	0	0	50	36	0	0	0	0	[]	0	0
2	123457006	254	0	0	0	0	0	0	0	0	0	0	0	0	0	0	0	0	0	0	0	0	0	50	36	0	0	0	0	[]	0	0
3	123457006	253	1	0	0	0	0	0	0	0	0	0	0	0	0	0	0	0	0	0	0	0	0	50	36	0	0	0	1	[]	0	0
4	123457006	253	1	0	0	0	0	0	0	0	0	0	0	0	0	0	0	0	1	0	0	0	0	50	36	0	0	0	1	[]	0	0
5	123457006	252	1	1	0	0	0	0	0	0	0	0	0	0	0	0	0	0	4	0	0	0	0	50	36	0	0	0	1	[]	0	1
6	123457006	252	0	2	0	0	0	0	0	0	0	0	0	0	0	0	0	0	4	0	0	0	0	50	36	0	0	0	1	[]	0	1
7	123457006	252	0	2	0	0	0	0	0	0	0	0	0	0	0	0	0	0	4	0	0	0	0	50	36	0	0	0	1	[]	0	1
8	123457006	246	6	2	0	0	0	0	0	0	0	0	0	0	0	0	0	0	4	0	0	0	0	50	36	0	0	0	1	[]	0	1
9	123457006	244	7	2	1	0	0	0	0	0	0	0	0	0	0	0	0	0	5	0	0	0	0	50	36	0	0	0	2	[]	0	1
10	123457006	241	10	2	1	0	0	0	0	0	0	0	0	0	0	0	0	0	5	0	0	0	0	50	36	0	0	0	2	[]	0	1
11	123457006	236	11	5	2	0	0	0	0	0	0	0	0	0	0	0	0	0	8	0	0	0	0	50	36	0	0	0	2	[]	0	2
12	123457006	225	18	7	4	0	0	0	0	0	0	0	0	0	0	0	0	0	9	0	0	0	0	50	36	0	0	0	2	[]	0	2
13	123457006	225	11	11	7	0	0	0	0	0	0	0	0	0	0	0	0	0	9	0	0	0	0	50	36	0	0	0	2	[]	0	3
14	123457006	225	8	13	8	0	0	0	0	0	0	0	0	0	0	0	0	0	9	0	0	0	0	50	36	0	0	0	2	[]	0	3
15	123457006	216	16	12	10	0	0	0	0	0	0	0	0	0	0	0	0	0	9	0	0	0	0	50	36	0	0	0	3	[]	0	3
16	123457006	205	23	16	10	0	0	0	0	0	0	0	0	0	0	0	0	0	9	0	0	0	0	50	36	0	0	0	3	[]	0	4
17	123457006	187	34	21	12	0	0	0	0	0	0	0	0	0	0	0	0	0	11	0	0	0	0	50	36	0	0	0	3	[]	0	5
18	123457006	168	41	31	14	0	0	0	0	0	0	0	0	0	0	0	0	0	12	0	0	0	0	50	36	0	0	0	3	[]	0	6
19	123457006	146	50	41	16	0	0	0	0	0	0	0	0	0	0	1	0	0	13	1	0	0	1	50	36	0	0	0	3	[]	0	7
20	123457006	145	38	48	22	0	0	0	0	0	0	0	0	0	0	1	0	0	13	1	0	0	1	50	36	0	0	0	4	[]	0	8
21	123457006	145	29	50	29	0	0	0	0	0	0	0	0	0	0	1	0	0	13	1	0	0	1	50	36	0	0	0	4	[]	0	9
22	123457006	124	41	52	34	0	0	0	0	0	0	0	0	0	0	3	0	0	14	3	0	0	3	50	36	0	0	0	4	[]	0	9
23	123457006	113	41	59	38	0	0	0	0	0	0	0	0	0	0	3	0	0	15	3	0	0	3	50	36	0	0	0	4	[]	0	8
24	123457006	98	46	56	50	0	0	0	0	0	0	1	0	0	0	2	1	0	17	3	0	1	3	50	36	0	0	0	4	[]	0	9
25	123457006	76	50	67	56	0	0	0	0	0	0	1	0	0	0	3	1	0	18	4	0	1	4	50	36	0	0	0	4	[]	0	10
26	123457006	69	38	76	65	0	0	0	0	0	0	1	0	0	0	4	1	0	18	5	0	1	5	50	36	0	0	0	4	[]	0	10
27	123457006	69	28	71	80	0	0	0	0	0	0	1	0	0	0	3	2	0	18	5	0	1	5	50	36	0	0	0	4	[]	0	10
28	123457006	69	21	69	89	0	0	0	0	0	0	1	0	0	0	3	2	0	18	5	0	1	5	50	36	0	0	0	4	[]	0	11
29	123457006	50	30	69	98	0	0	0	0	0	0	2	0	0	0	2	3	0	20	5	0	2	5	50	36	0	0	0	4	[]	0	11
30	123457006	31	39	71	106	0	0	0	0	0	0	2	0	0	0	0	5	0	20	5	0	2	5	50	36	0	0	0	4	[]	0	11
31	123457006	26	37	70	113	0	0	0	0	0	0	3	0	0	0	0	5	0	22	5	0	3	5	50	36	0	0	0	4	[]	0	11
32	123457006	24	31	67	124	0	0	0	0	0	0	3	0	0	0	0	5	0	23	5	0	3	5	50	36	0	0	0	4	[]	0	11
33	123457006	21	27	69	130	0	0	0	0	0	0	3	0	0	0	0	4	0	23	5	0	3	5	50	36	0	0	0	4	[]	0	11
34	123457006	21	15	69	141	0	0	0	0	0	0	3	0	0	0	1	4	0	23	6	0	3	6	50	36	0	0	0	4	[]	0	11
35	123457006	21	12	67	146	0	0	0	0	0	0	3	0	0	0	1	4	0	24	6	0	3	6	50	36	0	0	0	4	[]	0	11
36	123457006	21	9	63	155	0	0	0	0	0	0	3	0	0	0	0	3	0	27	6	0	3	6	50	36	0	0	0	4	[]	0	11
37	123457006	19	9	59	161	0	0	0	0	0	0	3	0	0	0	0	3	0	29	6	0	3	6	50	36	0	0	0	4	[]	0	11
38	123457006	19	4	57	169	0	0	0	0	0	0	2	0	0	0	0	3	0	29	6	0	3	6	50	36	0	0	0	4	[]	0	11
39	123457006	19	2	48	180	0	0	0	0	0	0	2	0	0	0	1	2	0	29	7	0	3	7	50	36	0	0	0	4	[]	0	11
40	123457006	18	2	41	189	0	0	0	0	0	0	1	1	0	0	1	1	0	30	7	0	3	7	50	36	0	0	0	4	[]	0	10
41	123457006	18	2	32	198	0	0	0	0	0	0	1	1	0	0	0	2	0	31	7	0	3	7	50	36	0	0	0	4	[]	0	10
42	123457006	18	1	26	205	0	0	0	0	0	0	1	1	0	0	0	2	0	31	7	0	3	7	50	36	0	0	0	4	[]	0	11
43	123457006	17	2	23	208	0	0	0	0	0	0	1	0	0	0	1	2	0	31	8	0	3	8	50	36	0	0	0	4	[]	0	11
44	123457006	17	2	20	211	0	0	0	0	0	0	0	1	0	0	1	2	0	31	8	0	3	8	50	36	0	0	0	4	[]	0	9
45	123457006	17	1	19	214	0	0	0	0	0	0	0	0	0	0	0	3	0	31	8	0	3	8	50	36	0	0	0	4	[]	0	7
46	123457006	14	3	15	217	0	0	0	0	0	0	2	0	0	0	0	3	0	33	8	0	5	8	50	36	0	0	0	4	[]	0	8
47	123457006	10	5	17	217	0	0	0	0	0	0	2	0	0	0	0	3	0	34	8	0	5	8	50	36	0	0	0	4	[]	0	8
48	123457006	10	4	16	220	0	0	0	0	0	0	2	0	0	0	0	2	0	34	8	0	5	8	50	36	0	0	0	4	[]	0	8
49	123457006	10	3	14	223	0	0	0	0	0	0	2	0	0	0	0	2	0	36	8	0	5	8	50	36	0	0	0	4	[]	0	8
50	123457006	8	4	14	224	0	0	0	0	0	0	2	0	0	0	0	2	0	36	8	0	5	8	50	36	0	0	0	4	[]	0	8
51	123457006	6	5	13	226	0	0	0	0	0	0	2	0	0	0	0	2	0	36	8	0	5	8	50	36	0	0	0	4	[]	0	7
52	123457006	3	6	11	228	0	0	0	0	0	0	1	1	0	0	2	2	0	36	10	0	5	10	50	36	0	0	0	4	[]	0	7
53	123457006	1	5	12	231	0	0	0	0	0	0	0	2	0	0	2	1	0	37	10	0	5	10	50	36	0	0	0	4	[]	0	4
54	123457006	0	3	13	233	0	0	0	0	0	0	0	2	0	0	2	1	0	38	10	0	5	10	50	36	0	0	0	4	[]	0	4
55	123457006	0	1	14	234	0	0	0	0	0	0	0	2	0	0	2	1	0	42	10	0	5	10	50	36	0	0	0	4	[]	0	4
56	123457006	0	0	15	234	0	0	0	0	0	0	0	2	0	0	2	1	0	44	10	0	5	10	50	36	0	0	0	4	[]	0	4
57	123457006	0	0	13	237	0	0	0	0	0	0	0	2	0	0	2	0	0	45	10	0	5	10	50	36	0	0	0	4	[]	0	4
58	123457006	0	0	11	238	0	0	0	0	0	0	0	2	0	0	3	0	0	45	11	0	5	11	50	36	0	0	0	4	[]	0	4
59	123457006	0	0	10	239	0	0	0	0	0	0	0	2	0	0	2	1	0	45	11	0	5	11	50	36	0	0	0	4	[]	0	4
60	123457006	0	0	10	241	0	0	0	0	0	0	0	0	0	0	2	1	0	46	11	0	5	11	50	36	0	0	0	4	[]	0	4
