day	seedRun	susceptible	exposed	infected	removed	susceptible-in-quarantine	exposed-in-quarantine	infected-in-quarantine	removed-in-quarantine	susceptible-in-quarantine-external-1	exposed-in-quarantine-external-1	infected-in-quarantine-external-1	removed-in-quarantine-external-1	susceptible-in-quarantine-external-2	exposed-in-quarantine-external-2	infected-in-quarantine-external-2	removed-in-quarantine-external-2	num-of-screened-agents	num-of-screened-agents-external-1	num-of-screened-agents-external-2	num-of-positive-agents	num-of-positive-agents-external-1	num-of-positive-agents-external-2	num-vaccinated	num-immunized	num-immunized-in-quarantine	num-immunized-in-quarantine-external-1	num-immunized-in-quarantine-external-2	num-infected-outside	classroom-in-quarantine	num-of-classroom-in-quarantine	classroom-with-at-least-one-infected
0	123457284	248	0	0	0	0	0	0	0	0	0	0	0	0	0	0	0	0	0	0	0	0	0	50	42	0	0	0	0	[]	0	0
1	123457284	248	0	0	0	0	0	0	0	0	0	0	0	0	0	0	0	0	2	0	0	0	0	50	42	0	0	0	0	[]	0	0
2	123457284	248	0	0	0	0	0	0	0	0	0	0	0	0	0	0	0	0	2	0	0	0	0	50	42	0	0	0	0	[]	0	0
3	123457284	247	1	0	0	0	0	0	0	0	0	0	0	0	0	0	0	0	2	0	0	0	0	50	42	0	0	0	1	[]	0	0
4	123457284	246	1	1	0	0	0	0	0	0	0	0	0	0	0	0	0	0	2	0	0	0	0	50	42	0	0	0	1	[]	0	1
5	123457284	244	3	1	0	0	0	0	0	0	0	0	0	0	0	0	0	0	2	0	0	0	0	50	42	0	0	0	1	[]	0	1
6	123457284	244	1	3	0	0	0	0	0	0	0	0	0	0	0	0	0	0	3	0	0	0	0	50	42	0	0	0	1	[]	0	1
7	123457284	244	0	4	0	0	0	0	0	0	0	0	0	0	0	0	0	0	3	0	0	0	0	50	42	0	0	0	1	[]	0	1
8	123457284	241	3	4	0	0	0	0	0	0	0	0	0	0	0	0	0	0	3	0	0	0	0	50	42	0	0	0	1	[]	0	1
9	123457284	231	12	5	0	0	0	0	0	0	0	0	0	0	0	0	0	0	4	0	0	0	0	50	42	0	0	0	1	[]	0	1
10	123457284	224	12	11	1	0	0	0	0	0	0	0	0	0	0	0	0	0	4	0	0	0	0	50	42	0	0	0	2	[]	0	2
11	123457284	217	16	10	5	0	0	0	0	0	0	0	0	0	0	0	0	0	5	0	0	0	0	50	42	0	0	0	3	[]	0	2
12	123457284	203	24	14	7	0	0	0	0	0	0	0	0	0	0	0	0	0	5	0	0	0	0	50	42	0	0	0	4	[]	0	4
13	123457284	202	18	18	10	0	0	0	0	0	0	0	0	0	0	0	0	0	6	0	0	0	0	50	42	0	0	0	5	[]	0	4
14	123457284	201	14	23	10	0	0	0	0	0	0	0	0	0	0	0	0	0	6	0	0	0	0	50	42	0	0	0	6	[]	0	4
15	123457284	184	28	23	13	0	0	0	0	0	0	0	0	0	0	0	0	0	6	0	0	0	0	50	42	0	0	0	6	[]	0	5
16	123457284	177	28	25	18	0	0	0	0	0	0	0	0	0	0	0	0	0	8	0	0	0	0	50	42	0	0	0	6	[]	0	6
17	123457284	162	34	26	25	0	0	0	0	0	0	1	0	0	0	0	0	0	10	0	0	1	0	50	42	0	0	0	6	[]	0	7
18	123457284	141	44	33	28	0	0	0	0	0	0	0	1	0	0	1	0	0	12	1	0	1	1	50	42	0	0	0	7	[]	0	9
19	123457284	122	52	41	31	0	0	0	0	0	0	0	1	0	0	1	0	0	12	1	0	1	1	50	42	0	0	0	7	[]	0	9
20	123457284	121	39	44	40	0	0	0	0	0	0	1	1	0	0	2	0	0	14	2	0	2	2	50	42	0	0	0	8	[]	0	9
21	123457284	121	30	43	49	0	0	0	0	0	0	1	1	0	0	3	0	0	15	3	0	2	3	50	42	0	0	0	8	[]	0	11
22	123457284	96	49	38	60	0	0	0	0	0	0	1	1	0	0	2	1	0	16	3	0	2	3	50	42	0	0	0	8	[]	0	11
23	123457284	74	51	52	66	0	0	0	0	0	0	1	1	0	0	2	1	0	17	3	0	2	3	50	42	0	0	0	8	[]	0	12
24	123457284	59	56	55	73	0	0	0	0	0	0	1	1	0	0	2	1	0	18	3	0	2	3	50	42	0	0	0	8	[]	0	11
25	123457284	38	57	64	81	0	0	0	0	0	0	1	2	0	0	4	1	0	20	5	0	3	5	50	42	0	0	0	9	[]	0	11
26	123457284	25	53	75	85	0	0	0	0	0	0	1	3	0	0	5	1	0	21	6	0	4	6	50	42	0	0	0	9	[]	0	12
27	123457284	25	36	85	92	0	0	0	0	0	0	1	3	0	0	4	2	0	22	6	0	4	6	50	42	0	0	0	9	[]	0	12
28	123457284	25	26	81	106	0	0	0	0	0	0	0	4	0	0	2	4	0	23	6	0	4	6	50	42	0	0	0	9	[]	0	12
29	123457284	17	31	74	116	0	0	0	0	0	0	0	4	0	0	2	4	0	23	6	0	4	6	50	42	0	0	0	9	[]	0	12
30	123457284	15	19	75	127	0	0	0	0	0	0	0	4	0	0	4	4	0	23	8	0	4	8	50	42	0	0	0	9	[]	0	11
31	123457284	11	17	67	140	0	0	0	0	0	0	1	3	0	0	5	4	0	24	9	0	5	9	50	42	0	0	0	9	[]	0	11
32	123457284	10	16	57	153	0	0	0	0	0	0	1	3	0	0	2	6	0	25	9	0	5	9	50	42	0	0	0	9	[]	0	11
33	123457284	9	14	49	163	0	0	0	0	0	0	2	3	0	0	2	6	0	27	9	0	6	9	50	42	0	0	0	9	[]	0	11
34	123457284	9	10	43	175	0	0	0	0	0	0	2	2	0	0	1	6	0	27	9	0	6	9	50	42	0	0	0	9	[]	0	11
35	123457284	9	6	35	187	0	0	0	0	0	0	2	2	0	0	2	5	0	29	10	0	6	10	50	42	0	0	0	9	[]	0	11
36	123457284	6	8	34	189	0	0	0	0	0	0	2	2	0	0	2	5	0	31	10	0	6	10	50	42	0	0	0	9	[]	0	11
37	123457284	5	5	37	190	0	0	0	0	0	0	1	3	0	0	2	5	0	31	10	0	6	10	50	42	0	0	0	9	[]	0	11
38	123457284	3	7	31	196	0	0	0	0	0	0	0	4	0	0	1	6	0	31	10	0	6	10	50	42	0	0	0	9	[]	0	10
39	123457284	1	7	25	207	0	0	0	0	0	0	0	3	0	0	1	4	0	31	10	0	6	10	50	42	0	0	0	9	[]	0	8
40	123457284	1	5	25	211	0	0	0	0	0	0	0	2	0	0	1	3	0	32	10	0	6	10	50	42	0	0	0	9	[]	0	8
41	123457284	1	3	20	217	0	0	0	0	0	0	0	2	0	0	2	3	0	32	11	0	6	11	50	42	0	0	0	9	[]	0	8
42	123457284	1	2	20	218	0	0	0	0	0	0	0	2	0	0	2	3	0	32	11	0	6	11	50	42	0	0	0	9	[]	0	7
43	123457284	1	1	18	221	0	0	0	0	0	0	0	2	0	0	2	3	0	33	11	0	6	11	50	42	0	0	0	9	[]	0	7
44	123457284	1	0	18	224	0	0	0	0	0	0	0	2	0	0	2	1	0	33	11	0	6	11	50	42	0	0	0	9	[]	0	7
45	123457284	1	0	16	228	0	0	0	0	0	0	0	1	0	0	2	0	0	33	11	0	6	11	50	42	0	0	0	9	[]	0	6
46	123457284	0	1	14	230	0	0	0	0	0	0	0	1	0	0	1	1	0	35	11	0	6	11	50	42	0	0	0	9	[]	0	5
47	123457284	0	0	14	232	0	0	0	0	0	0	0	0	0	0	1	1	0	38	11	0	6	11	50	42	0	0	0	9	[]	0	5
48	123457284	0	0	13	233	0	0	0	0	0	0	0	0	0	0	1	1	0	39	11	0	6	11	50	42	0	0	0	9	[]	0	5
49	123457284	0	0	12	235	0	0	0	0	0	0	0	0	0	0	1	0	0	39	11	0	6	11	50	42	0	0	0	9	[]	0	4
50	123457284	0	0	11	236	0	0	0	0	0	0	0	0	0	0	1	0	0	41	11	0	6	11	50	42	0	0	0	9	[]	0	4
51	123457284	0	0	6	241	0	0	0	0	0	0	0	0	0	0	1	0	0	42	11	0	6	11	50	42	0	0	0	9	[]	0	4
52	123457284	0	0	6	241	0	0	0	0	0	0	0	0	0	0	1	0	0	43	11	0	6	11	50	42	0	0	0	9	[]	0	4
53	123457284	0	0	4	243	0	0	0	0	0	0	0	0	0	0	1	0	0	43	11	0	6	11	50	42	0	0	0	9	[]	0	3
54	123457284	0	0	4	243	0	0	0	0	0	0	0	0	0	0	0	1	0	43	11	0	6	11	50	42	0	0	0	9	[]	0	2
55	123457284	0	0	3	245	0	0	0	0	0	0	0	0	0	0	0	0	0	43	11	0	6	11	50	42	0	0	0	9	[]	0	2
56	123457284	0	0	3	245	0	0	0	0	0	0	0	0	0	0	0	0	0	45	11	0	6	11	50	42	0	0	0	9	[]	0	2
57	123457284	0	0	2	246	0	0	0	0	0	0	0	0	0	0	0	0	0	45	11	0	6	11	50	42	0	0	0	9	[]	0	1
58	123457284	0	0	2	246	0	0	0	0	0	0	0	0	0	0	0	0	0	45	11	0	6	11	50	42	0	0	0	9	[]	0	1
59	123457284	0	0	2	246	0	0	0	0	0	0	0	0	0	0	0	0	0	45	11	0	6	11	50	42	0	0	0	9	[]	0	1
60	123457284	0	0	2	246	0	0	0	0	0	0	0	0	0	0	0	0	0	45	11	0	6	11	50	42	0	0	0	9	[]	0	1
