day	seedRun	susceptible	exposed	infected	removed	susceptible-in-quarantine	exposed-in-quarantine	infected-in-quarantine	removed-in-quarantine	susceptible-in-quarantine-external-1	exposed-in-quarantine-external-1	infected-in-quarantine-external-1	removed-in-quarantine-external-1	susceptible-in-quarantine-external-2	exposed-in-quarantine-external-2	infected-in-quarantine-external-2	removed-in-quarantine-external-2	num-of-screened-agents	num-of-screened-agents-external-1	num-of-screened-agents-external-2	num-of-positive-agents	num-of-positive-agents-external-1	num-of-positive-agents-external-2	num-vaccinated-susceptible	num-vaccinated-exposed	num-vaccinated-infected	num-vaccinated-removed	num-vaccinated-susceptible-in-quarantine	num-vaccinated-exposed-in-quarantine	num-vaccinated-infected-in-quarantine	num-vaccinated-removed-in-quarantine	num-vaccinated-susceptible-in-quarantine-external-1	num-vaccinated-exposed-in-quarantine-external-1	num-vaccinated-infected-in-quarantine-external-1	num-vaccinated-removed-in-quarantine-external-1	num-vaccinated-susceptible-in-quarantine-external-2	num-vaccinated-exposed-in-quarantine-external-2	num-vaccinated-infected-in-quarantine-external-2	num-vaccinated-removed-in-quarantine-external-2	num-infected-outside	classroom-in-quarantine	num-of-classroom-in-quarantine	classroom-with-at-least-one-infected
0	123457178	72	0	0	0	0	0	0	0	0	0	0	0	0	0	0	0	0	0	0	0	0	0	218	0	0	0	0	0	0	0	0	0	0	0	0	0	0	0	0	[]	0	0
1	123457178	72	0	0	0	0	0	0	0	0	0	0	0	0	0	0	0	0	1	0	0	0	0	218	0	0	0	0	0	0	0	0	0	0	0	0	0	0	0	0	[]	0	0
2	123457178	72	0	0	0	0	0	0	0	0	0	0	0	0	0	0	0	0	1	0	0	0	0	218	0	0	0	0	0	0	0	0	0	0	0	0	0	0	0	0	[]	0	0
3	123457178	72	0	0	0	0	0	0	0	0	0	0	0	0	0	0	0	0	1	0	0	0	0	218	0	0	0	0	0	0	0	0	0	0	0	0	0	0	0	0	[]	0	0
4	123457178	72	0	0	0	0	0	0	0	0	0	0	0	0	0	0	0	0	3	0	0	0	0	218	0	0	0	0	0	0	0	0	0	0	0	0	0	0	0	0	[]	0	0
5	123457178	72	0	0	0	0	0	0	0	0	0	0	0	0	0	0	0	0	4	0	0	0	0	218	0	0	0	0	0	0	0	0	0	0	0	0	0	0	0	0	[]	0	0
6	123457178	72	0	0	0	0	0	0	0	0	0	0	0	0	0	0	0	0	5	0	0	0	0	218	0	0	0	0	0	0	0	0	0	0	0	0	0	0	0	0	[]	0	0
7	123457178	72	0	0	0	0	0	0	0	0	0	0	0	0	0	0	0	0	5	0	0	0	0	218	0	0	0	0	0	0	0	0	0	0	0	0	0	0	0	0	[]	0	0
8	123457178	72	0	0	0	0	0	0	0	0	0	0	0	0	0	0	0	0	5	0	0	0	0	218	0	0	0	0	0	0	0	0	0	0	0	0	0	0	0	0	[]	0	0
9	123457178	72	0	0	0	0	0	0	0	0	0	0	0	0	0	0	0	0	7	0	0	0	0	218	0	0	0	0	0	0	0	0	0	0	0	0	0	0	0	0	[]	0	0
10	123457178	72	0	0	0	0	0	0	0	0	0	0	0	0	0	0	0	0	10	0	0	0	0	218	0	0	0	0	0	0	0	0	0	0	0	0	0	0	0	0	[]	0	0
11	123457178	72	0	0	0	0	0	0	0	0	0	0	0	0	0	0	0	0	11	0	0	0	0	218	0	0	0	0	0	0	0	0	0	0	0	0	0	0	0	0	[]	0	0
12	123457178	72	0	0	0	0	0	0	0	0	0	0	0	0	0	0	0	0	11	0	0	0	0	218	0	0	0	0	0	0	0	0	0	0	0	0	0	0	0	0	[]	0	0
13	123457178	72	0	0	0	0	0	0	0	0	0	0	0	0	0	0	0	0	12	0	0	0	0	218	0	0	0	0	0	0	0	0	0	0	0	0	0	0	0	0	[]	0	0
14	123457178	72	0	0	0	0	0	0	0	0	0	0	0	0	0	0	0	0	12	0	0	0	0	218	0	0	0	0	0	0	0	0	0	0	0	0	0	0	0	0	[]	0	0
15	123457178	72	0	0	0	0	0	0	0	0	0	0	0	0	0	0	0	0	16	0	0	0	0	217	1	0	0	0	0	0	0	0	0	0	0	0	0	0	0	1	[]	0	0
16	123457178	72	0	0	0	0	0	0	0	0	0	0	0	0	0	0	0	0	16	0	0	0	0	217	0	1	0	0	0	0	0	0	0	0	0	0	0	0	0	1	[]	0	1
17	123457178	72	0	0	0	0	0	0	0	0	0	0	0	0	0	0	0	0	16	0	0	0	0	217	0	1	0	0	0	0	0	0	0	0	0	0	0	0	0	1	[]	0	1
18	123457178	72	0	0	0	0	0	0	0	0	0	0	0	0	0	0	0	0	17	0	0	0	0	217	0	1	0	0	0	0	0	0	0	0	0	0	0	0	0	1	[]	0	1
19	123457178	72	0	0	0	0	0	0	0	0	0	0	0	0	0	0	0	0	19	0	0	0	0	217	0	1	0	0	0	0	0	0	0	0	0	0	0	0	0	1	[]	0	1
20	123457178	72	0	0	0	0	0	0	0	0	0	0	0	0	0	0	0	0	20	0	0	0	0	217	0	0	1	0	0	0	0	0	0	0	0	0	0	0	0	1	[]	0	0
21	123457178	72	0	0	0	0	0	0	0	0	0	0	0	0	0	0	0	0	20	0	0	0	0	217	0	0	1	0	0	0	0	0	0	0	0	0	0	0	0	1	[]	0	0
22	123457178	72	0	0	0	0	0	0	0	0	0	0	0	0	0	0	0	0	20	0	0	0	0	217	0	0	1	0	0	0	0	0	0	0	0	0	0	0	0	1	[]	0	0
23	123457178	72	0	0	0	0	0	0	0	0	0	0	0	0	0	0	0	0	20	0	0	0	0	217	0	0	1	0	0	0	0	0	0	0	0	0	0	0	0	1	[]	0	0
24	123457178	72	0	0	0	0	0	0	0	0	0	0	0	0	0	0	0	0	20	0	0	0	0	217	0	0	1	0	0	0	0	0	0	0	0	0	0	0	0	1	[]	0	0
25	123457178	72	0	0	0	0	0	0	0	0	0	0	0	0	0	0	0	0	20	0	0	0	0	217	0	0	1	0	0	0	0	0	0	0	0	0	0	0	0	1	[]	0	0
26	123457178	72	0	0	0	0	0	0	0	0	0	0	0	0	0	0	0	0	20	0	0	0	0	217	0	0	1	0	0	0	0	0	0	0	0	0	0	0	0	1	[]	0	0
27	123457178	72	0	0	0	0	0	0	0	0	0	0	0	0	0	0	0	0	21	0	0	0	0	217	0	0	1	0	0	0	0	0	0	0	0	0	0	0	0	1	[]	0	0
28	123457178	71	1	0	0	0	0	0	0	0	0	0	0	0	0	0	0	0	21	0	0	0	0	217	0	0	1	0	0	0	0	0	0	0	0	0	0	0	0	2	[]	0	0
29	123457178	70	2	0	0	0	0	0	0	0	0	0	0	0	0	0	0	0	22	0	0	0	0	217	0	0	1	0	0	0	0	0	0	0	0	0	0	0	0	3	[]	0	0
30	123457178	70	2	0	0	0	0	0	0	0	0	0	0	0	0	0	0	0	23	0	0	0	0	217	0	0	1	0	0	0	0	0	0	0	0	0	0	0	0	3	[]	0	0
31	123457178	70	1	1	0	0	0	0	0	0	0	0	0	0	0	0	0	0	25	0	0	0	0	217	0	0	1	0	0	0	0	0	0	0	0	0	0	0	0	3	[]	0	1
32	123457178	69	2	1	0	0	0	0	0	0	0	0	0	0	0	0	0	0	27	0	0	0	0	215	2	0	1	0	0	0	0	0	0	0	0	0	0	0	0	3	[]	0	1
33	123457178	67	3	2	0	0	0	0	0	0	0	0	0	0	0	0	0	0	28	0	0	0	0	215	1	1	1	0	0	0	0	0	0	0	0	0	0	0	0	3	[]	0	1
34	123457178	67	2	3	0	0	0	0	0	0	0	0	0	0	0	0	0	0	28	0	0	0	0	215	1	1	1	0	0	0	0	0	0	0	0	0	0	0	0	3	[]	0	2
35	123457178	67	2	3	0	0	0	0	0	0	0	0	0	0	0	0	0	0	30	0	0	0	0	215	1	1	1	0	0	0	0	0	0	0	0	0	0	0	0	3	[]	0	2
36	123457178	65	4	3	0	0	0	0	0	0	0	0	0	0	0	0	0	0	31	0	0	0	0	214	2	1	1	0	0	0	0	0	0	0	0	0	0	0	0	3	[]	0	2
37	123457178	63	6	3	0	0	0	0	0	0	0	0	0	0	0	0	0	0	33	0	0	0	0	211	4	2	1	0	0	0	0	0	0	0	0	0	0	0	0	3	[]	0	2
38	123457178	63	6	3	0	0	0	0	0	0	0	0	0	0	0	0	0	0	34	0	0	0	0	210	5	2	1	0	0	0	0	0	0	0	0	0	0	0	0	3	[]	0	2
39	123457178	62	7	3	0	0	0	0	0	0	0	0	0	0	0	0	0	0	34	0	0	0	0	208	4	5	1	0	0	0	0	0	0	0	0	0	0	0	0	3	[]	0	2
40	123457178	62	4	6	0	0	0	0	0	0	0	0	0	0	0	0	0	0	35	0	0	0	0	202	10	5	1	0	0	0	0	0	0	0	0	0	0	0	0	3	[]	0	2
41	123457178	62	3	7	0	0	0	0	0	0	0	0	0	0	0	0	0	0	36	0	0	0	0	202	7	8	1	0	0	0	0	0	0	0	0	0	0	0	0	3	[]	0	2
42	123457178	62	2	8	0	0	0	0	0	0	0	0	0	0	0	0	0	0	37	0	0	0	0	202	5	10	1	0	0	0	0	0	0	0	0	0	0	0	0	3	[]	0	3
43	123457178	61	3	7	1	0	0	0	0	0	0	0	0	0	0	0	0	0	39	1	0	1	1	202	4	8	2	0	0	0	0	0	0	1	0	0	0	1	0	3	[]	0	3
44	123457178	56	6	9	1	0	0	0	0	0	0	0	0	0	0	0	0	0	39	1	0	1	1	198	8	8	2	0	0	0	0	0	0	0	1	0	0	1	0	3	[]	0	3
45	123457178	56	4	10	2	0	0	0	0	0	0	0	0	0	0	0	0	0	40	1	0	1	1	194	10	9	3	0	0	0	0	0	0	0	1	0	0	1	0	3	[]	0	4
46	123457178	56	4	8	4	0	0	0	0	0	0	0	0	0	0	0	0	0	40	1	0	1	1	192	8	13	3	0	0	0	0	0	0	0	1	0	0	0	1	3	[]	0	4
47	123457178	54	5	7	5	0	0	0	0	0	0	1	0	0	0	0	0	0	43	1	0	2	1	191	8	10	7	0	0	0	0	0	0	0	1	0	0	0	1	3	[]	0	4
48	123457178	54	4	8	5	0	0	0	0	0	0	1	0	0	0	0	0	0	44	2	0	2	2	191	6	10	8	0	0	0	0	0	0	0	1	0	0	1	1	3	[]	0	4
49	123457178	54	4	7	6	0	0	0	0	0	0	1	0	0	0	0	0	0	45	2	0	2	2	191	5	10	9	0	0	0	0	0	0	0	1	0	0	1	1	3	[]	0	3
50	123457178	53	5	7	6	0	0	0	0	0	0	1	0	0	0	0	0	0	45	2	0	2	2	188	5	12	10	0	0	0	0	0	0	0	1	0	0	1	1	4	[]	0	3
51	123457178	52	4	9	6	0	0	0	0	0	0	0	1	0	0	0	0	0	45	2	0	2	2	185	8	12	10	0	0	0	0	0	0	0	1	0	0	0	2	4	[]	0	5
52	123457178	52	4	7	7	0	0	0	0	0	0	0	1	0	0	1	0	0	48	3	0	2	3	182	10	12	11	0	0	0	0	0	0	0	1	0	0	0	2	4	[]	0	6
53	123457178	52	3	8	7	0	0	0	0	0	0	0	1	0	0	1	0	0	48	3	0	2	3	178	9	15	13	0	0	0	0	0	0	0	1	0	0	0	2	4	[]	0	6
54	123457178	49	4	8	9	0	0	0	0	0	0	0	1	0	0	1	0	0	49	3	0	2	3	174	12	15	14	0	0	0	0	0	0	0	1	0	0	0	2	4	[]	0	6
55	123457178	49	4	6	11	0	0	0	0	0	0	0	1	0	0	1	0	0	49	4	0	2	4	174	10	14	16	0	0	0	0	0	0	0	1	0	0	1	2	4	[]	0	6
56	123457178	49	4	5	12	0	0	0	0	0	0	0	1	0	0	1	0	0	51	4	0	2	4	174	8	15	17	0	0	0	0	0	0	0	1	0	0	1	2	4	[]	0	6
57	123457178	47	6	5	12	0	0	0	0	0	0	0	1	0	0	1	0	0	52	4	0	2	4	169	9	18	20	0	0	0	0	0	0	0	0	0	0	1	1	4	[]	0	6
58	123457178	46	5	7	12	0	0	0	0	0	0	0	1	0	0	1	0	0	52	4	0	2	4	166	10	19	21	0	0	0	0	0	0	0	0	0	0	1	1	4	[]	0	6
59	123457178	43	5	10	12	0	0	0	0	0	0	0	1	0	0	1	0	0	53	4	0	2	4	161	12	21	22	0	0	0	0	0	0	0	0	0	0	1	1	4	[]	0	6
60	123457178	40	8	10	12	0	0	0	0	0	0	0	1	0	0	1	0	0	54	5	0	2	5	157	14	20	24	0	0	0	0	0	0	0	0	0	0	2	1	4	[]	0	6
