day	seedRun	susceptible	exposed	infected	removed	susceptible-in-quarantine	exposed-in-quarantine	infected-in-quarantine	removed-in-quarantine	susceptible-in-quarantine-external-1	exposed-in-quarantine-external-1	infected-in-quarantine-external-1	removed-in-quarantine-external-1	susceptible-in-quarantine-external-2	exposed-in-quarantine-external-2	infected-in-quarantine-external-2	removed-in-quarantine-external-2	num-of-screened-agents	num-of-screened-agents-external-1	num-of-screened-agents-external-2	num-of-positive-agents	num-of-positive-agents-external-1	num-of-positive-agents-external-2	num-vaccinated	num-immunized	num-immunized-in-quarantine	num-immunized-in-quarantine-external-1	num-immunized-in-quarantine-external-2	num-infected-outside	classroom-in-quarantine	num-of-classroom-in-quarantine	classroom-with-at-least-one-infected
0	123456989	240	0	0	0	0	0	0	0	0	0	0	0	0	0	0	0	0	0	0	0	0	0	50	50	0	0	0	0	[]	0	0
1	123456989	235	5	0	0	0	0	0	0	0	0	0	0	0	0	0	0	60	2	0	0	0	0	50	50	0	0	0	5	[]	0	0
2	123456989	227	11	2	0	0	0	0	0	0	0	0	0	0	0	0	0	60	4	0	0	0	0	50	50	0	0	0	10	[]	0	2
3	123456989	209	26	5	0	0	0	0	0	0	0	0	0	0	0	0	0	60	5	0	0	0	0	50	50	0	0	0	17	[]	0	4
4	123456989	185	39	16	0	0	0	0	0	0	0	0	0	0	0	0	0	60	5	0	0	0	0	50	50	0	0	0	21	[]	0	8
5	123456989	161	52	22	5	0	0	0	0	0	0	0	0	0	0	0	0	60	5	0	0	0	0	50	50	0	0	0	25	[]	0	8
6	123456989	160	36	35	9	0	0	0	0	0	0	0	0	0	0	0	0	60	6	0	0	0	0	50	50	0	0	0	26	[]	0	10
7	123456989	153	21	34	12	5	5	7	2	0	0	1	0	0	0	0	0	79	7	0	7	1	0	50	50	0	0	0	28	[2D]	1	10
8	123456989	82	10	6	2	68	17	39	15	0	0	1	0	0	0	0	0	153	7	0	21	1	0	50	50	0	0	0	31	[2D 1A 1B 1D 2A 2C 3A]	7	10
9	123456989	58	14	7	1	83	14	40	21	0	0	1	1	0	0	0	0	172	8	0	22	2	0	50	50	0	0	0	32	[2D 1A 1B 1D 2A 2C 3A 3C]	8	11
10	123456989	43	21	14	2	83	10	39	26	0	0	1	1	0	0	0	0	172	8	0	22	2	0	50	50	0	0	0	33	[2D 1A 1B 1D 2A 2C 3A 3C]	8	11
11	123456989	38	21	19	2	83	6	35	34	0	0	1	1	0	0	0	0	172	8	0	22	2	0	50	50	0	0	0	33	[2D 1A 1B 1D 2A 2C 3A 3C]	8	11
12	123456989	30	21	23	6	83	5	31	39	0	0	1	1	0	0	0	0	172	8	0	22	2	0	50	50	0	0	0	33	[2D 1A 1B 1D 2A 2C 3A 3C]	8	11
13	123456989	30	16	24	10	83	4	28	43	0	0	1	1	0	0	0	0	172	8	0	22	2	0	50	50	0	0	0	33	[2D 1A 1B 1D 2A 2C 3A 3C]	8	10
14	123456989	30	11	28	11	83	4	23	48	0	0	1	1	0	0	0	0	172	8	0	22	2	0	50	50	0	0	0	33	[2D 1A 1B 1D 2A 2C 3A 3C]	8	10
15	123456989	15	4	1	0	94	8	50	66	0	0	1	1	0	0	0	0	211	8	0	36	2	0	50	50	0	0	0	33	[2D 1A 1B 1D 2A 2C 3A 3C 2B 3B 3D]	11	11
16	123456989	10	8	2	0	94	5	50	69	0	0	1	1	0	0	0	0	211	8	0	36	2	0	50	50	0	0	0	33	[2D 1A 1B 1D 2A 2C 3A 3C 2B 3B 3D]	11	11
17	123456989	8	7	5	0	94	3	44	77	0	0	1	1	0	0	0	0	211	8	0	36	2	0	50	50	0	0	0	34	[2D 1A 1B 1D 2A 2C 3A 3C 2B 3B 3D]	11	11
18	123456989	0	0	0	0	102	7	43	85	0	0	1	2	0	0	0	0	230	9	0	41	3	0	50	50	0	0	0	34	[2D 1A 1B 1D 2A 2C 3A 3C 2B 3B 3D 1C]	12	10
19	123456989	0	0	0	0	102	5	41	89	0	0	1	2	0	0	0	0	230	9	0	41	3	0	50	50	0	0	0	34	[2D 1A 1B 1D 2A 2C 3A 3C 2B 3B 3D 1C]	12	10
20	123456989	0	0	0	0	102	4	40	91	0	0	1	2	0	0	0	0	230	9	0	41	3	0	50	50	0	0	0	34	[2D 1A 1B 1D 2A 2C 3A 3C 2B 3B 3D 1C]	12	10
21	123456989	5	0	0	15	97	2	37	82	0	0	0	2	0	0	0	0	230	10	0	41	3	0	50	50	0	0	0	34	[1A 1B 1D 2A 2C 3A 3C 2B 3B 3D 1C]	11	9
22	123456989	66	2	0	72	34	2	26	36	0	0	0	2	0	0	0	0	265	10	0	41	3	0	50	50	0	0	0	36	[3C 2B 3B 3D 1C]	5	4
23	123456989	79	4	0	77	19	1	23	36	0	0	0	1	0	0	0	0	265	10	0	41	3	0	50	50	0	0	0	38	[2B 3B 3D 1C]	4	4
24	123456989	79	3	1	77	19	1	21	38	0	0	0	1	0	0	0	0	265	11	0	41	3	0	50	50	0	0	0	38	[2B 3B 3D 1C]	4	5
25	123456989	75	7	1	77	19	1	17	42	0	0	0	1	0	0	0	0	265	12	0	41	3	0	50	50	0	0	0	41	[2B 3B 3D 1C]	4	5
26	123456989	65	14	4	77	19	0	15	45	0	0	0	1	0	0	0	0	265	12	0	41	3	0	50	50	0	0	0	45	[2B 3B 3D 1C]	4	7
27	123456989	65	8	8	79	19	0	11	49	0	0	0	1	0	0	0	0	265	13	0	41	3	0	50	50	0	0	0	45	[2B 3B 3D 1C]	4	8
28	123456989	56	6	5	73	27	1	11	59	0	0	0	1	0	0	1	0	284	13	1	43	3	1	50	50	0	0	0	46	[2B 3B 3D 1C 3A]	5	8
29	123456989	58	8	3	111	23	1	6	28	0	0	0	1	0	0	1	0	353	13	1	45	3	1	50	50	0	0	0	46	[1C 3A 1D]	3	5
30	123456989	53	11	5	111	23	1	5	29	0	0	0	1	0	0	1	0	353	13	1	45	3	1	50	50	0	0	0	47	[1C 3A 1D]	3	6
31	123456989	46	13	9	112	23	0	5	30	0	0	0	1	0	0	1	0	353	14	1	45	3	1	50	50	0	0	0	49	[1C 3A 1D]	3	6
32	123456989	45	14	17	124	15	0	3	21	0	0	0	0	0	0	1	0	353	15	1	45	3	1	50	50	0	0	0	50	[3A 1D]	2	6
33	123456989	30	16	12	122	21	2	9	26	0	0	0	0	0	0	1	1	372	15	2	51	3	2	50	50	0	0	0	52	[3A 1D 1A]	3	7
34	123456989	30	8	18	124	21	2	9	26	0	0	0	0	0	0	1	1	372	15	2	51	3	2	50	50	0	0	0	52	[3A 1D 1A]	3	8
35	123456989	29	4	21	126	21	2	8	27	0	0	0	0	0	0	0	2	372	15	2	51	3	2	50	50	0	0	0	53	[3A 1D 1A]	3	8
36	123456989	17	1	1	80	32	4	27	75	0	0	1	0	0	0	0	2	488	16	2	63	4	2	50	50	0	0	0	54	[3A 1D 1A 3D 1B 2D 3C]	7	8
37	123456989	17	0	2	80	32	3	26	77	0	0	1	0	0	0	0	2	488	16	2	63	4	2	50	50	0	0	0	54	[3A 1D 1A 3D 1B 2D 3C]	7	9
38	123456989	16	1	2	80	32	3	24	79	0	0	1	0	0	0	0	2	488	17	2	63	4	2	50	50	0	0	0	54	[3A 1D 1A 3D 1B 2D 3C]	7	9
39	123456989	15	1	3	80	32	1	23	82	0	0	1	0	0	0	0	2	488	17	2	63	4	2	50	50	0	0	0	54	[3A 1D 1A 3D 1B 2D 3C]	7	9
40	123456989	15	0	4	80	32	0	21	85	0	0	1	0	0	0	0	2	488	17	2	63	4	2	50	50	0	0	0	54	[3A 1D 1A 3D 1B 2D 3C]	7	9
41	123456989	15	0	4	80	32	0	19	87	0	0	1	0	0	0	0	2	507	17	2	63	4	2	50	50	0	0	0	54	[3A 1D 1A 3D 1B 2D 3C]	7	9
42	123456989	23	0	4	92	24	0	16	79	0	0	1	0	0	0	0	1	507	18	2	63	4	2	50	50	0	0	0	54	[1D 1A 3D 1B 2D 3C]	6	8
43	123456989	24	0	1	94	23	0	14	82	0	0	1	0	0	0	0	1	541	19	2	65	4	2	50	50	0	0	0	54	[1A 3D 1B 2D 3C 1C]	6	8
44	123456989	24	0	1	94	23	0	8	88	0	0	0	1	0	0	0	1	541	20	2	65	4	2	50	50	0	0	0	54	[1A 3D 1B 2D 3C 1C]	6	8
45	123456989	24	0	1	94	23	0	6	90	0	0	0	1	0	0	0	1	541	20	2	65	4	2	50	50	0	0	0	54	[1A 3D 1B 2D 3C 1C]	6	7
46	123456989	24	0	0	95	23	0	4	92	0	0	0	1	0	0	0	1	541	20	2	65	4	2	50	50	0	0	0	54	[1A 3D 1B 2D 3C 1C]	6	4
47	123456989	30	0	0	109	17	0	3	80	0	0	0	1	0	0	0	0	541	21	2	65	4	2	50	50	0	0	0	54	[3D 1B 2D 3C 1C]	5	3
48	123456989	30	0	0	109	17	0	2	81	0	0	0	1	0	0	0	0	541	21	2	65	4	2	50	50	0	0	0	54	[3D 1B 2D 3C 1C]	5	2
49	123456989	30	0	0	109	17	0	2	81	0	0	0	1	0	0	0	0	541	21	2	65	4	2	50	50	0	0	0	54	[3D 1B 2D 3C 1C]	5	2
50	123456989	39	2	0	179	6	0	0	14	0	0	0	0	0	0	0	0	596	22	2	65	4	2	50	50	0	0	0	56	[1C]	1	0
51	123456989	39	2	0	179	6	0	0	14	0	0	0	0	0	0	0	0	596	23	2	65	4	2	50	50	0	0	0	56	[1C]	1	0
52	123456989	36	5	0	179	6	0	0	14	0	0	0	0	0	0	0	0	596	24	2	65	4	2	50	50	0	0	0	59	[1C]	1	0
53	123456989	36	3	2	179	6	0	0	14	0	0	0	0	0	0	0	0	596	26	2	65	4	2	50	50	0	0	0	59	[1C]	1	2
54	123456989	36	2	2	180	6	0	0	14	0	0	0	0	0	0	0	0	596	28	2	65	4	2	50	50	0	0	0	59	[1C]	1	2
55	123456989	35	2	2	181	6	0	0	14	0	0	0	0	0	0	0	0	596	30	2	65	4	2	50	50	0	0	0	60	[1C]	1	2
56	123456989	33	3	2	182	6	0	0	14	0	0	0	0	0	0	0	0	596	30	2	65	4	2	50	50	0	0	0	62	[1C]	1	2
57	123456989	38	4	1	196	0	0	1	0	0	0	0	0	0	0	0	0	675	30	2	66	4	2	50	50	0	0	0	63	[]	0	2
58	123456989	34	6	3	196	0	0	1	0	0	0	0	0	0	0	0	0	675	30	2	66	4	2	50	50	0	0	0	63	[]	0	3
59	123456989	33	6	4	196	0	0	1	0	0	0	0	0	0	0	0	0	675	30	2	66	4	2	50	50	0	0	0	63	[]	0	3
60	123456989	31	7	5	196	0	0	0	1	0	0	0	0	0	0	0	0	675	31	2	66	4	2	50	50	0	0	0	63	[]	0	3
