day	seedRun	susceptible	exposed	infected	removed	susceptible-in-quarantine	exposed-in-quarantine	infected-in-quarantine	removed-in-quarantine	susceptible-in-quarantine-external-1	exposed-in-quarantine-external-1	infected-in-quarantine-external-1	removed-in-quarantine-external-1	susceptible-in-quarantine-external-2	exposed-in-quarantine-external-2	infected-in-quarantine-external-2	removed-in-quarantine-external-2	num-of-screened-agents	num-of-screened-agents-external-1	num-of-screened-agents-external-2	num-of-positive-agents	num-of-positive-agents-external-1	num-of-positive-agents-external-2	num-vaccinated	num-immunized	num-immunized-in-quarantine	num-immunized-in-quarantine-external-1	num-immunized-in-quarantine-external-2	num-infected-outside	classroom-in-quarantine	num-of-classroom-in-quarantine	classroom-with-at-least-one-infected
0	123457087	185	0	0	0	0	0	0	0	0	0	0	0	0	0	0	0	0	0	0	0	0	0	218	105	0	0	0	0	[]	0	0
1	123457087	178	7	0	0	0	0	0	0	0	0	0	0	0	0	0	0	60	1	0	0	0	0	218	105	0	0	0	7	[]	0	0
2	123457087	157	26	2	0	0	0	0	0	0	0	0	0	0	0	0	0	60	2	0	0	0	0	218	105	0	0	0	8	[]	0	1
3	123457087	135	40	10	0	0	0	0	0	0	0	0	0	0	0	0	0	60	2	0	0	0	0	218	105	0	0	0	9	[]	0	4
4	123457087	96	68	17	0	0	0	3	0	0	0	0	0	0	0	1	0	79	4	1	3	0	1	218	105	0	0	0	9	[]	0	7
5	123457087	79	70	29	3	0	0	3	0	0	0	0	0	0	0	1	0	79	5	1	3	0	1	218	105	0	0	0	10	[]	0	7
6	123457087	78	45	38	7	1	3	7	4	0	0	0	0	0	0	2	0	98	7	2	8	0	2	218	98	7	0	0	10	[1C]	1	7
7	123457087	77	33	47	10	1	0	9	5	0	0	0	0	0	0	3	0	117	9	3	8	0	3	218	98	7	0	0	11	[1C]	1	9
8	123457087	50	37	15	7	3	14	43	13	0	0	0	0	0	0	3	0	282	10	3	43	0	3	218	71	34	0	0	12	[1C 1A 2B 2C 3A]	5	10
9	123457087	35	38	21	6	3	12	44	23	0	0	0	0	0	0	3	0	298	12	3	47	0	3	218	64	41	0	0	13	[1C 1A 2B 2C 3A 1D]	6	12
10	123457087	22	24	19	7	5	19	56	28	0	0	0	0	0	0	5	0	336	15	5	60	0	5	218	52	53	0	0	14	[1C 1A 2B 2C 3A 1D 2D 2A]	8	12
11	123457087	15	18	17	10	6	19	55	39	0	0	0	0	0	0	4	2	355	15	6	67	0	6	218	44	61	0	0	14	[1C 1A 2B 2C 3A 1D 2D 2A 3C]	9	12
12	123457087	7	19	24	10	6	17	44	52	0	0	0	0	0	0	4	2	374	15	6	67	0	6	218	44	61	0	0	14	[1C 1A 2B 2C 3A 1D 2D 2A 3C]	9	12
13	123457087	5	9	16	10	6	17	57	59	0	0	0	0	0	0	3	3	409	16	6	77	0	6	218	29	76	0	0	16	[1C 1A 2B 2C 3A 1D 2D 2A 3C 3B 3D]	11	12
14	123457087	5	6	15	14	6	12	57	64	0	0	0	0	0	0	2	4	409	16	6	77	0	6	218	29	76	0	0	16	[1C 1A 2B 2C 3A 1D 2D 2A 3C 3B 3D]	11	12
15	123457087	4	1	11	14	7	13	56	73	0	0	0	0	0	0	2	4	432	16	6	83	0	6	218	20	85	0	0	16	[1C 1A 2B 2C 3A 1D 2D 2A 3C 3B 3D 1B]	12	12
16	123457087	5	0	11	27	6	10	50	71	0	0	0	0	0	0	2	3	432	16	6	83	0	6	218	27	78	0	0	16	[1A 2B 2C 3A 1D 2D 2A 3C 3B 3D 1B]	11	11
17	123457087	5	0	9	29	6	6	53	72	0	0	0	0	0	0	2	3	432	16	6	83	0	6	218	27	78	0	0	16	[1A 2B 2C 3A 1D 2D 2A 3C 3B 3D 1B]	11	11
18	123457087	6	1	7	82	4	2	34	44	0	0	0	0	0	0	2	3	432	16	6	83	0	6	218	54	51	0	0	16	[1D 2D 2A 3C 3B 3D 1B]	7	7
19	123457087	5	2	7	95	4	0	28	40	0	0	0	0	0	0	2	2	432	17	6	83	0	6	218	61	44	0	0	16	[2D 2A 3C 3B 3D 1B]	6	6
20	123457087	7	1	8	121	2	0	12	32	0	0	0	0	0	0	2	0	432	18	6	83	0	6	218	73	32	0	0	16	[3C 3B 3D 1B]	4	5
21	123457087	8	1	6	134	1	0	11	23	0	0	0	0	0	0	1	0	432	19	6	83	0	6	218	81	24	0	0	16	[3B 3D 1B]	3	4
22	123457087	7	1	6	135	1	0	9	25	0	0	0	0	0	0	1	0	477	19	6	83	0	6	218	81	24	0	0	16	[3B 3D 1B]	3	4
23	123457087	6	1	4	163	1	0	3	6	0	0	0	0	0	0	1	0	477	21	6	83	0	6	218	96	9	0	0	17	[1B]	1	2
24	123457087	6	1	3	164	1	0	3	6	0	0	0	0	0	0	1	0	477	23	6	83	0	6	218	96	9	0	0	17	[1B]	1	2
25	123457087	7	0	4	174	0	0	0	0	0	0	0	0	0	0	0	0	477	25	6	83	0	6	218	105	0	0	0	17	[]	0	2
26	123457087	7	0	4	174	0	0	0	0	0	0	0	0	0	0	0	0	477	27	6	83	0	6	218	105	0	0	0	17	[]	0	2
27	123457087	7	0	4	174	0	0	0	0	0	0	0	0	0	0	0	0	477	28	6	83	0	6	218	105	0	0	0	17	[]	0	2
28	123457087	7	0	3	175	0	0	0	0	0	0	0	0	0	0	0	0	477	30	6	83	0	6	218	105	0	0	0	17	[]	0	1
29	123457087	6	1	2	176	0	0	0	0	0	0	0	0	0	0	0	0	537	30	6	83	0	6	218	105	0	0	0	18	[]	0	0
30	123457087	6	1	2	176	0	0	0	0	0	0	0	0	0	0	0	0	537	32	6	83	0	6	218	105	0	0	0	18	[]	0	0
31	123457087	6	1	2	176	0	0	0	0	0	0	0	0	0	0	0	0	537	34	6	83	0	6	218	105	0	0	0	18	[]	0	0
32	123457087	6	0	3	176	0	0	0	0	0	0	0	0	0	0	0	0	537	36	6	83	0	6	218	105	0	0	0	18	[]	0	0
33	123457087	5	1	2	177	0	0	0	0	0	0	0	0	0	0	0	0	537	38	6	83	0	6	218	105	0	0	0	19	[]	0	0
34	123457087	5	1	2	177	0	0	0	0	0	0	0	0	0	0	0	0	537	40	6	83	0	6	218	105	0	0	0	19	[]	0	0
35	123457087	5	1	0	179	0	0	0	0	0	0	0	0	0	0	0	0	537	41	6	83	0	6	218	105	0	0	0	19	[]	0	0
36	123457087	5	1	0	179	0	0	0	0	0	0	0	0	0	0	0	0	597	42	6	83	0	6	218	105	0	0	0	19	[]	0	0
37	123457087	5	1	0	179	0	0	0	0	0	0	0	0	0	0	0	0	597	42	6	83	0	6	218	105	0	0	0	19	[]	0	0
38	123457087	5	1	0	179	0	0	0	0	0	0	0	0	0	0	0	0	597	44	6	83	0	6	218	105	0	0	0	19	[]	0	0
39	123457087	5	1	0	179	0	0	0	0	0	0	0	0	0	0	0	0	597	45	6	83	0	6	218	105	0	0	0	19	[]	0	0
40	123457087	5	1	0	179	0	0	0	0	0	0	0	0	0	0	0	0	597	48	6	83	0	6	218	105	0	0	0	19	[]	0	0
41	123457087	5	0	1	179	0	0	0	0	0	0	0	0	0	0	0	0	597	51	6	83	0	6	218	105	0	0	0	19	[]	0	1
42	123457087	5	0	1	179	0	0	0	0	0	0	0	0	0	0	0	0	597	53	6	83	0	6	218	105	0	0	0	19	[]	0	1
43	123457087	5	0	1	179	0	0	0	0	0	0	0	0	0	0	0	0	657	54	6	83	0	6	218	105	0	0	0	19	[]	0	1
44	123457087	5	0	1	179	0	0	0	0	0	0	0	0	0	0	0	0	657	56	6	83	0	6	218	105	0	0	0	19	[]	0	1
45	123457087	5	0	1	179	0	0	0	0	0	0	0	0	0	0	0	0	657	57	6	83	0	6	218	105	0	0	0	19	[]	0	1
46	123457087	5	0	1	179	0	0	0	0	0	0	0	0	0	0	0	0	657	60	6	83	0	6	218	105	0	0	0	19	[]	0	1
47	123457087	5	0	0	180	0	0	0	0	0	0	0	0	0	0	0	0	657	60	6	83	0	6	218	105	0	0	0	19	[]	0	0
48	123457087	4	1	0	180	0	0	0	0	0	0	0	0	0	0	0	0	657	62	6	83	0	6	218	105	0	0	0	20	[]	0	0
49	123457087	3	1	1	180	0	0	0	0	0	0	0	0	0	0	0	0	657	65	6	83	0	6	218	105	0	0	0	21	[]	0	1
50	123457087	3	1	1	180	0	0	0	0	0	0	0	0	0	0	0	0	717	69	6	83	0	6	218	105	0	0	0	21	[]	0	1
51	123457087	3	1	1	180	0	0	0	0	0	0	0	0	0	0	0	0	717	71	6	83	0	6	218	105	0	0	0	21	[]	0	1
52	123457087	3	0	1	181	0	0	0	0	0	0	0	0	0	0	0	0	717	73	6	83	0	6	218	105	0	0	0	21	[]	0	1
53	123457087	3	0	0	182	0	0	0	0	0	0	0	0	0	0	0	0	717	77	6	83	0	6	218	105	0	0	0	21	[]	0	0
54	123457087	3	0	0	182	0	0	0	0	0	0	0	0	0	0	0	0	717	81	6	83	0	6	218	105	0	0	0	21	[]	0	0
55	123457087	3	0	0	182	0	0	0	0	0	0	0	0	0	0	0	0	717	82	6	83	0	6	218	105	0	0	0	21	[]	0	0
56	123457087	3	0	0	182	0	0	0	0	0	0	0	0	0	0	0	0	717	84	6	83	0	6	218	105	0	0	0	21	[]	0	0
57	123457087	3	0	0	182	0	0	0	0	0	0	0	0	0	0	0	0	777	84	6	83	0	6	218	105	0	0	0	21	[]	0	0
58	123457087	3	0	0	182	0	0	0	0	0	0	0	0	0	0	0	0	777	84	6	83	0	6	218	105	0	0	0	21	[]	0	0
59	123457087	3	0	0	182	0	0	0	0	0	0	0	0	0	0	0	0	777	85	6	83	0	6	218	105	0	0	0	21	[]	0	0
60	123457087	3	0	0	182	0	0	0	0	0	0	0	0	0	0	0	0	777	85	6	83	0	6	218	105	0	0	0	21	[]	0	0
