day	seedRun	susceptible	exposed	infected	removed	susceptible-in-quarantine	exposed-in-quarantine	infected-in-quarantine	removed-in-quarantine	susceptible-in-quarantine-external-1	exposed-in-quarantine-external-1	infected-in-quarantine-external-1	removed-in-quarantine-external-1	susceptible-in-quarantine-external-2	exposed-in-quarantine-external-2	infected-in-quarantine-external-2	removed-in-quarantine-external-2	num-of-screened-agents	num-of-screened-agents-external-1	num-of-screened-agents-external-2	num-of-positive-agents	num-of-positive-agents-external-1	num-of-positive-agents-external-2	num-vaccinated-susceptible	num-vaccinated-exposed	num-vaccinated-infected	num-vaccinated-removed	num-vaccinated-susceptible-in-quarantine	num-vaccinated-exposed-in-quarantine	num-vaccinated-infected-in-quarantine	num-vaccinated-removed-in-quarantine	num-vaccinated-susceptible-in-quarantine-external-1	num-vaccinated-exposed-in-quarantine-external-1	num-vaccinated-infected-in-quarantine-external-1	num-vaccinated-removed-in-quarantine-external-1	num-vaccinated-susceptible-in-quarantine-external-2	num-vaccinated-exposed-in-quarantine-external-2	num-vaccinated-infected-in-quarantine-external-2	num-vaccinated-removed-in-quarantine-external-2	num-infected-outside	classroom-in-quarantine	num-of-classroom-in-quarantine	classroom-with-at-least-one-infected
0	123457006	72	0	0	0	0	0	0	0	0	0	0	0	0	0	0	0	0	0	0	0	0	0	218	0	0	0	0	0	0	0	0	0	0	0	0	0	0	0	0	[]	0	0
1	123457006	71	1	0	0	0	0	0	0	0	0	0	0	0	0	0	0	0	1	0	0	0	0	216	2	0	0	0	0	0	0	0	0	0	0	0	0	0	0	3	[]	0	0
2	123457006	70	2	0	0	0	0	0	0	0	0	0	0	0	0	0	0	0	2	0	0	0	0	211	6	1	0	0	0	0	0	0	0	0	0	0	0	0	0	9	[]	0	1
3	123457006	67	4	1	0	0	0	0	0	0	0	0	0	0	0	0	0	0	3	0	0	0	0	210	5	3	0	0	0	0	0	0	0	0	0	0	0	0	0	12	[]	0	3
4	123457006	65	3	4	0	0	0	0	0	0	0	0	0	0	0	0	0	0	4	0	0	0	0	209	6	3	0	0	0	0	0	0	0	0	0	0	0	0	0	13	[]	0	6
5	123457006	63	3	5	1	0	0	0	0	0	0	0	0	0	0	0	0	0	4	0	0	0	0	207	7	3	1	0	0	0	0	0	0	0	0	0	0	0	0	15	[]	0	6
6	123457006	63	2	5	2	0	0	0	0	0	0	0	0	0	0	0	0	0	5	0	0	0	0	207	4	6	1	0	0	0	0	0	0	0	0	0	0	0	0	15	[]	0	6
7	123457006	63	2	3	4	0	0	0	0	0	0	0	0	0	0	0	0	0	6	0	0	0	0	206	5	2	5	0	0	0	0	0	0	0	0	0	0	0	0	16	[]	0	4
8	123457006	62	2	1	7	0	0	0	0	0	0	0	0	0	0	0	0	0	6	0	0	0	0	205	6	2	5	0	0	0	0	0	0	0	0	0	0	0	0	18	[]	0	2
9	123457006	61	2	1	8	0	0	0	0	0	0	0	0	0	0	0	0	0	8	0	0	0	0	203	4	6	5	0	0	0	0	0	0	0	0	0	0	0	0	19	[]	0	3
10	123457006	59	4	1	8	0	0	0	0	0	0	0	0	0	0	0	0	0	9	0	0	0	0	201	6	6	5	0	0	0	0	0	0	0	0	0	0	0	0	21	[]	0	3
11	123457006	56	7	0	9	0	0	0	0	0	0	0	0	0	0	0	0	0	9	0	0	0	0	200	4	7	7	0	0	0	0	0	0	0	0	0	0	0	0	22	[]	0	4
12	123457006	56	4	3	9	0	0	0	0	0	0	0	0	0	0	0	0	19	11	0	0	1	0	199	4	5	9	0	0	0	0	0	0	1	0	0	0	0	0	23	[]	0	6
13	123457006	54	5	2	11	0	0	0	0	0	0	0	0	0	0	0	0	19	12	0	0	1	0	197	4	7	9	0	0	0	0	0	0	1	0	0	0	0	0	27	[]	0	6
14	123457006	52	5	3	12	0	0	0	0	0	0	0	0	0	0	0	0	19	12	0	0	1	0	197	2	9	9	0	0	0	0	0	0	1	0	0	0	0	0	29	[]	0	7
15	123457006	50	6	3	13	0	0	0	0	0	0	0	0	0	0	0	0	19	12	0	0	1	0	190	8	9	10	0	0	0	0	0	0	1	0	0	0	0	0	32	[]	0	8
16	123457006	46	8	5	13	0	0	0	0	0	0	0	0	0	0	0	0	19	13	0	0	1	0	185	11	9	12	0	0	0	0	0	0	1	0	0	0	0	0	33	[]	0	8
17	123457006	44	6	4	12	1	2	1	2	0	0	0	0	0	0	0	0	38	14	0	1	1	0	169	12	10	13	12	0	1	0	0	0	1	0	0	0	0	0	35	[2C]	1	8
18	123457006	41	7	4	14	1	0	3	2	0	0	0	0	0	0	0	0	38	14	0	1	1	0	166	13	11	14	12	0	0	1	0	0	1	0	0	0	0	0	36	[2C]	1	8
19	123457006	38	7	6	15	1	0	3	2	0	0	0	0	0	0	0	0	38	14	0	1	1	0	159	19	12	14	12	0	0	1	0	0	1	0	0	0	0	0	37	[2C]	1	8
20	123457006	37	7	7	15	1	0	3	2	0	0	0	0	0	0	0	0	38	14	0	1	1	0	158	19	13	14	12	0	0	1	0	0	1	0	0	0	0	0	39	[2C]	1	8
21	123457006	37	4	8	17	1	0	3	2	0	0	0	0	0	0	0	0	38	15	0	1	1	0	155	17	17	15	12	0	0	1	0	0	1	0	0	0	0	0	42	[2C]	1	8
22	123457006	35	5	6	19	1	0	3	2	0	0	0	0	0	0	1	0	57	16	1	1	1	1	152	13	23	16	12	0	0	1	0	0	1	0	0	0	0	0	44	[2C]	1	9
23	123457006	31	7	8	19	1	0	3	2	0	0	0	0	0	0	1	0	57	16	1	1	1	1	144	16	26	18	12	0	0	1	0	0	1	0	0	0	0	0	46	[2C]	1	10
24	123457006	27	9	9	20	1	0	3	2	0	0	0	0	0	0	1	0	57	16	1	1	1	1	137	20	26	21	12	0	0	1	0	0	1	0	0	0	0	0	47	[2C]	1	11
25	123457006	24	8	11	22	1	0	3	2	0	0	0	0	0	0	1	0	57	16	1	1	1	1	134	19	28	23	12	0	0	1	0	0	1	0	0	0	0	0	48	[2C]	1	11
26	123457006	21	6	14	24	1	0	3	2	0	0	0	0	0	0	1	0	57	16	1	1	1	1	125	22	31	26	12	0	0	1	0	0	1	0	0	0	0	0	48	[2C]	1	11
27	123457006	20	3	12	24	2	2	5	3	0	0	0	0	0	0	1	0	95	17	2	8	1	2	115	18	27	30	18	0	5	3	0	0	1	0	0	0	1	0	52	[2C 1D]	2	10
28	123457006	19	3	10	27	2	1	5	4	0	0	0	0	0	0	0	1	95	18	2	8	1	2	115	8	30	37	18	0	4	4	0	0	0	1	0	0	1	0	53	[2C 1D]	2	11
29	123457006	18	4	10	27	2	1	5	4	0	0	0	0	0	0	0	1	95	18	2	8	1	2	107	15	28	40	18	0	4	4	0	0	0	1	0	0	1	0	54	[2C 1D]	2	11
30	123457006	17	5	8	29	2	0	5	5	0	0	0	0	0	0	0	1	95	18	2	8	1	2	103	17	26	44	18	0	4	4	0	0	0	1	0	0	1	0	54	[2C 1D]	2	10
31	123457006	17	5	7	36	1	0	3	2	0	0	0	0	0	0	0	1	95	20	2	8	1	2	113	13	27	51	6	0	4	3	0	0	0	0	0	0	1	0	54	[1D]	1	10
32	123457006	14	8	5	38	1	0	3	2	0	0	0	0	0	0	0	1	95	22	2	8	1	2	108	16	28	52	6	0	3	4	0	0	0	0	0	0	1	0	54	[1D]	1	10
33	123457006	11	10	6	38	1	0	3	2	0	0	0	0	0	0	0	1	95	22	2	8	1	2	103	16	31	54	6	0	3	4	0	0	0	0	0	0	1	0	55	[1D]	1	11
34	123457006	11	7	8	33	1	0	4	7	0	0	0	0	0	0	0	1	114	22	3	10	1	3	98	12	31	49	10	1	4	11	0	0	0	0	0	0	2	0	56	[1D 3A]	2	11
35	123457006	11	5	8	35	1	0	4	7	0	0	0	0	0	0	0	1	114	23	3	10	1	3	98	9	31	52	10	1	4	11	0	0	0	0	0	0	2	0	56	[1D 3A]	2	11
36	123457006	9	6	8	37	1	0	4	7	0	0	0	0	0	0	0	0	114	24	3	10	1	3	94	10	28	58	10	1	4	11	0	0	0	0	0	0	2	0	57	[1D 3A]	2	11
37	123457006	9	6	7	38	1	0	4	7	0	0	0	0	0	0	0	0	114	25	3	10	1	3	89	12	26	63	10	1	3	12	0	0	0	0	0	0	2	0	58	[1D 3A]	2	12
38	123457006	6	6	7	35	2	0	4	12	0	0	0	0	0	0	0	0	133	25	4	13	1	4	84	12	22	58	13	0	7	19	0	0	0	0	0	0	3	0	58	[1D 3A 3B]	3	12
39	123457006	5	6	6	37	2	0	3	13	0	0	0	0	0	0	0	0	133	26	4	13	1	4	79	11	24	62	13	0	6	20	0	0	0	0	0	0	2	1	60	[1D 3A 3B]	3	11
40	123457006	2	5	6	35	5	0	2	17	0	0	0	0	0	0	0	0	152	27	5	15	1	5	70	10	21	61	20	1	6	25	0	0	0	0	0	0	2	2	60	[1D 3A 3B 3C]	4	11
41	123457006	3	3	7	41	4	0	1	13	0	0	0	0	0	0	0	0	152	27	5	15	1	5	75	9	19	73	14	1	5	19	0	0	0	0	0	0	1	2	61	[3A 3B 3C]	3	9
42	123457006	2	3	8	35	4	0	1	19	0	0	0	0	0	0	0	0	171	27	6	16	1	6	69	4	20	69	19	2	6	25	0	0	0	0	0	0	2	2	63	[3A 3B 3C 2B]	4	9
43	123457006	2	2	8	36	4	0	1	19	0	0	0	0	0	0	0	0	171	27	6	16	1	6	68	4	18	72	19	1	5	27	0	0	0	0	0	0	2	2	63	[3A 3B 3C 2B]	4	9
44	123457006	2	2	8	36	4	0	0	20	0	0	0	0	0	0	0	0	171	27	6	16	1	6	62	9	14	77	19	1	5	27	0	0	0	0	0	0	1	3	63	[3A 3B 3C 2B]	4	8
45	123457006	2	2	8	36	4	0	0	20	0	0	0	0	0	0	0	0	171	27	6	16	1	6	60	9	13	80	19	1	4	28	0	0	0	0	0	0	1	3	64	[3A 3B 3C 2B]	4	8
46	123457006	2	0	9	37	4	0	0	20	0	0	0	0	0	0	0	0	171	27	6	16	1	6	58	10	12	82	19	1	4	28	0	0	0	0	0	0	1	3	65	[3A 3B 3C 2B]	4	8
47	123457006	2	0	8	38	4	0	0	20	0	0	0	0	0	0	0	0	171	29	6	16	1	6	56	10	12	84	19	0	4	29	0	0	0	0	0	0	0	4	65	[3A 3B 3C 2B]	4	7
48	123457006	2	0	7	45	4	0	0	14	0	0	0	0	0	0	0	0	171	29	6	16	1	6	60	6	13	97	15	0	3	21	0	0	0	0	0	0	0	3	65	[3B 3C 2B]	3	6
49	123457006	2	0	6	46	4	0	0	14	0	0	0	0	0	0	0	0	171	29	6	16	1	6	60	6	10	100	15	0	1	23	0	0	0	0	0	0	0	3	65	[3B 3C 2B]	3	5
50	123457006	2	0	6	46	4	0	0	14	0	0	0	0	0	0	0	0	190	32	7	16	1	7	56	8	10	101	15	0	1	23	0	0	0	0	0	0	1	3	65	[3B 3C 2B]	3	6
51	123457006	2	0	6	46	4	0	0	14	0	0	0	0	0	0	0	0	190	32	7	16	1	7	54	6	10	105	15	0	1	23	0	0	0	0	0	0	1	3	66	[3B 3C 2B]	3	7
52	123457006	3	0	6	51	3	0	0	9	0	0	0	0	0	0	0	0	190	33	7	16	1	7	57	4	12	116	12	0	0	14	0	0	0	0	0	0	1	2	66	[3C 2B]	2	6
53	123457006	3	0	4	53	3	0	0	9	0	0	0	0	0	0	0	0	190	33	7	16	1	7	56	4	10	119	12	0	0	14	0	0	0	0	0	0	1	2	66	[3C 2B]	2	6
54	123457006	6	0	4	56	0	0	0	6	0	0	0	0	0	0	0	0	190	34	7	16	1	7	62	4	11	126	5	0	0	8	0	0	0	0	0	0	1	1	66	[2B]	1	6
55	123457006	6	0	3	57	0	0	0	6	0	0	0	0	0	0	0	0	209	34	7	16	1	7	61	3	11	128	5	0	0	8	0	0	0	0	0	0	1	1	67	[2B]	1	5
56	123457006	6	0	2	58	0	0	1	5	0	0	0	0	0	0	0	0	228	34	8	18	1	8	66	1	8	128	0	1	1	11	0	0	0	0	0	0	2	0	67	[2A]	1	5
57	123457006	6	0	2	58	0	0	1	5	0	0	0	0	0	0	0	0	228	34	8	18	1	8	66	1	7	129	0	1	1	11	0	0	0	0	0	0	2	0	67	[2A]	1	5
58	123457006	5	1	2	58	0	0	1	5	0	0	0	0	0	0	0	0	228	35	8	18	1	8	66	0	7	130	0	1	1	11	0	0	0	0	0	0	1	1	68	[2A]	1	5
59	123457006	5	1	2	58	0	0	1	5	0	0	0	0	0	0	0	0	228	35	8	18	1	8	65	1	6	131	0	1	0	12	0	0	0	0	0	0	1	1	69	[2A]	1	5
60	123457006	5	0	3	58	0	0	1	5	0	0	0	0	0	0	0	0	228	35	8	18	1	8	64	2	4	133	0	1	0	12	0	0	0	0	0	0	1	1	70	[2A]	1	6
