day	seedRun	susceptible	exposed	infected	removed	susceptible-in-quarantine	exposed-in-quarantine	infected-in-quarantine	removed-in-quarantine	susceptible-in-quarantine-external-1	exposed-in-quarantine-external-1	infected-in-quarantine-external-1	removed-in-quarantine-external-1	susceptible-in-quarantine-external-2	exposed-in-quarantine-external-2	infected-in-quarantine-external-2	removed-in-quarantine-external-2	num-of-screened-agents	num-of-screened-agents-external-1	num-of-screened-agents-external-2	num-of-positive-agents	num-of-positive-agents-external-1	num-of-positive-agents-external-2	num-vaccinated	num-immunized	num-immunized-in-quarantine	num-immunized-in-quarantine-external-1	num-immunized-in-quarantine-external-2	num-infected-outside	classroom-in-quarantine	num-of-classroom-in-quarantine	classroom-with-at-least-one-infected
0	123456971	217	0	0	0	0	0	0	0	0	0	0	0	0	0	0	0	0	0	0	0	0	0	146	73	0	0	0	0	[]	0	0
1	123456971	217	0	0	0	0	0	0	0	0	0	0	0	0	0	0	0	0	0	0	0	0	0	146	73	0	0	0	0	[]	0	0
2	123456971	216	1	0	0	0	0	0	0	0	0	0	0	0	0	0	0	0	4	0	0	0	0	146	73	0	0	0	1	[]	0	0
3	123456971	216	1	0	0	0	0	0	0	0	0	0	0	0	0	0	0	0	4	0	0	0	0	146	73	0	0	0	1	[]	0	0
4	123456971	216	1	0	0	0	0	0	0	0	0	0	0	0	0	0	0	0	4	0	0	0	0	146	73	0	0	0	1	[]	0	0
5	123456971	204	12	1	0	0	0	0	0	0	0	0	0	0	0	0	0	0	4	0	0	0	0	146	73	0	0	0	1	[]	0	1
6	123456971	204	7	6	0	0	0	0	0	0	0	0	0	0	0	0	0	0	5	0	0	0	0	146	73	0	0	0	1	[]	0	2
7	123456971	203	6	8	0	0	0	0	0	0	0	0	0	0	0	0	0	0	5	0	0	0	0	146	73	0	0	0	2	[]	0	2
8	123456971	187	20	9	1	0	0	0	0	0	0	0	0	0	0	0	0	0	6	0	0	0	0	146	73	0	0	0	2	[]	0	2
9	123456971	151	50	14	2	0	0	0	0	0	0	0	0	0	0	0	0	0	7	0	0	0	0	146	73	0	0	0	2	[]	0	3
10	123456971	95	87	31	4	0	0	0	0	0	0	0	0	0	0	0	0	0	10	0	0	0	0	146	73	0	0	0	2	[]	0	7
11	123456971	61	95	53	7	0	0	0	0	0	0	0	0	0	0	1	0	0	10	1	0	0	1	146	73	0	0	0	3	[]	0	9
12	123456971	50	75	69	17	0	0	0	0	0	0	0	0	0	0	6	0	0	11	6	0	0	6	146	73	0	0	0	3	[]	0	9
13	123456971	50	48	89	20	0	0	0	0	0	0	0	0	0	0	10	0	0	12	10	0	0	10	146	73	0	0	0	3	[]	0	11
14	123456971	50	32	91	32	0	0	0	0	0	0	0	0	0	0	11	1	0	12	12	0	0	12	146	73	0	0	0	3	[]	0	11
15	123456971	38	35	89	43	0	0	0	0	0	0	0	0	0	0	8	4	0	14	12	0	0	12	146	73	0	0	0	3	[]	0	11
16	123456971	32	29	88	51	0	0	0	0	0	0	3	0	0	0	9	5	0	19	14	0	3	14	146	73	0	0	0	4	[]	0	12
17	123456971	25	30	75	67	0	0	0	0	0	0	4	0	0	0	9	7	0	21	16	0	4	16	146	73	0	0	0	4	[]	0	12
18	123456971	17	29	71	75	0	0	0	0	0	0	4	0	0	0	13	8	0	22	21	0	4	21	146	73	0	0	0	4	[]	0	12
19	123456971	15	26	73	77	0	0	0	0	0	0	4	0	0	0	10	12	0	22	22	0	4	22	146	73	0	0	0	4	[]	0	12
20	123456971	15	18	72	86	0	0	0	0	0	0	4	0	0	0	10	12	0	26	22	0	4	22	146	73	0	0	0	4	[]	0	12
21	123456971	15	12	70	92	0	0	0	0	0	0	2	2	0	0	12	12	0	27	25	0	4	25	146	73	0	0	0	4	[]	0	12
22	123456971	15	4	72	102	0	0	0	0	0	0	3	2	0	0	11	8	0	28	25	0	5	25	146	73	0	0	0	4	[]	0	12
23	123456971	14	4	64	113	0	0	0	0	0	0	2	3	0	0	10	7	0	30	27	0	5	27	146	73	0	0	0	4	[]	0	11
24	123456971	14	4	52	124	0	0	0	0	0	0	2	3	0	0	10	8	0	31	30	0	5	30	146	73	0	0	0	4	[]	0	11
25	123456971	14	4	39	133	0	0	0	0	0	0	2	3	0	0	14	8	0	31	34	0	5	34	146	73	0	0	0	4	[]	0	11
26	123456971	11	6	30	147	0	0	0	0	0	0	1	1	0	0	12	9	0	33	35	0	5	35	146	73	0	0	0	4	[]	0	11
27	123456971	11	5	27	154	0	0	0	0	0	0	1	0	0	0	11	8	0	33	35	0	5	35	146	73	0	0	0	4	[]	0	11
28	123456971	11	4	26	161	0	0	0	0	0	0	1	0	0	0	7	7	0	34	35	0	5	35	146	73	0	0	0	4	[]	0	11
29	123456971	7	6	23	166	0	0	0	0	0	0	1	0	0	0	8	6	0	35	36	0	5	36	146	73	0	0	0	4	[]	0	11
30	123456971	7	6	19	170	0	0	0	0	0	0	1	0	0	0	8	6	0	36	36	0	5	36	146	73	0	0	0	4	[]	0	11
31	123456971	7	4	19	174	0	0	0	0	0	0	1	0	0	0	7	5	0	36	37	0	5	37	146	73	0	0	0	4	[]	0	11
32	123456971	7	4	18	176	0	0	0	0	0	0	0	0	0	0	5	7	0	40	37	0	5	37	146	73	0	0	0	4	[]	0	11
33	123456971	7	2	15	181	0	0	0	0	0	0	1	0	0	0	6	5	0	44	38	0	6	38	146	73	0	0	0	4	[]	0	11
34	123456971	7	1	12	188	0	0	0	0	0	0	0	1	0	0	5	3	0	47	38	0	6	38	146	73	0	0	0	4	[]	0	8
35	123456971	7	1	9	194	0	0	0	0	0	0	1	1	0	0	4	0	0	53	38	0	7	38	146	73	0	0	0	4	[]	0	7
36	123456971	7	1	7	197	0	0	0	0	0	0	0	2	0	0	3	0	0	55	38	0	7	38	146	73	0	0	0	4	[]	0	5
37	123456971	7	1	5	199	0	0	0	0	0	0	0	2	0	0	1	2	0	58	38	0	7	38	146	73	0	0	0	4	[]	0	3
38	123456971	7	1	4	200	0	0	0	0	0	0	0	2	0	0	0	3	0	61	38	0	7	38	146	73	0	0	0	4	[]	0	1
39	123456971	7	0	4	202	0	0	0	0	0	0	0	2	0	0	0	2	0	62	38	0	7	38	146	73	0	0	0	4	[]	0	1
40	123456971	7	0	4	202	0	0	0	0	0	0	0	2	0	0	0	2	0	63	38	0	7	38	146	73	0	0	0	4	[]	0	1
41	123456971	7	0	3	204	0	0	0	0	0	0	0	2	0	0	0	1	0	63	38	0	7	38	146	73	0	0	0	4	[]	0	1
42	123456971	7	0	2	205	0	0	0	0	0	0	0	2	0	0	0	1	0	64	38	0	7	38	146	73	0	0	0	4	[]	0	1
43	123456971	7	0	2	207	0	0	0	0	0	0	0	1	0	0	0	0	0	65	38	0	7	38	146	73	0	0	0	4	[]	0	1
44	123456971	7	0	2	207	0	0	0	0	0	0	0	1	0	0	0	0	0	66	38	0	7	38	146	73	0	0	0	4	[]	0	1
45	123456971	7	0	2	208	0	0	0	0	0	0	0	0	0	0	0	0	0	66	38	0	7	38	146	73	0	0	0	4	[]	0	1
46	123456971	7	0	1	209	0	0	0	0	0	0	0	0	0	0	0	0	0	67	38	0	7	38	146	73	0	0	0	4	[]	0	0
47	123456971	7	0	0	210	0	0	0	0	0	0	0	0	0	0	0	0	0	73	38	0	7	38	146	73	0	0	0	4	[]	0	0
48	123456971	7	0	0	210	0	0	0	0	0	0	0	0	0	0	0	0	0	73	38	0	7	38	146	73	0	0	0	4	[]	0	0
49	123456971	6	1	0	210	0	0	0	0	0	0	0	0	0	0	0	0	0	74	38	0	7	38	146	73	0	0	0	5	[]	0	0
50	123456971	6	0	1	210	0	0	0	0	0	0	0	0	0	0	0	0	0	79	38	0	7	38	146	73	0	0	0	5	[]	0	0
51	123456971	6	0	1	210	0	0	0	0	0	0	0	0	0	0	0	0	0	82	38	0	7	38	146	73	0	0	0	5	[]	0	0
52	123456971	6	0	1	210	0	0	0	0	0	0	0	0	0	0	0	0	0	82	38	0	7	38	146	73	0	0	0	5	[]	0	0
53	123456971	6	0	1	210	0	0	0	0	0	0	0	0	0	0	0	0	0	84	38	0	7	38	146	73	0	0	0	5	[]	0	0
54	123456971	6	0	0	211	0	0	0	0	0	0	0	0	0	0	0	0	0	86	38	0	7	38	146	73	0	0	0	5	[]	0	0
55	123456971	6	0	0	211	0	0	0	0	0	0	0	0	0	0	0	0	0	87	38	0	7	38	146	73	0	0	0	5	[]	0	0
56	123456971	6	0	0	211	0	0	0	0	0	0	0	0	0	0	0	0	0	90	38	0	7	38	146	73	0	0	0	5	[]	0	0
57	123456971	6	0	0	211	0	0	0	0	0	0	0	0	0	0	0	0	0	91	38	0	7	38	146	73	0	0	0	5	[]	0	0
58	123456971	6	0	0	211	0	0	0	0	0	0	0	0	0	0	0	0	0	91	38	0	7	38	146	73	0	0	0	5	[]	0	0
59	123456971	6	0	0	211	0	0	0	0	0	0	0	0	0	0	0	0	0	94	38	0	7	38	146	73	0	0	0	5	[]	0	0
60	123456971	6	0	0	211	0	0	0	0	0	0	0	0	0	0	0	0	0	97	38	0	7	38	146	73	0	0	0	5	[]	0	0
