day	seedRun	susceptible	exposed	infected	removed	susceptible-in-quarantine	exposed-in-quarantine	infected-in-quarantine	removed-in-quarantine	susceptible-in-quarantine-external-1	exposed-in-quarantine-external-1	infected-in-quarantine-external-1	removed-in-quarantine-external-1	susceptible-in-quarantine-external-2	exposed-in-quarantine-external-2	infected-in-quarantine-external-2	removed-in-quarantine-external-2	num-of-screened-agents	num-of-screened-agents-external-1	num-of-screened-agents-external-2	num-of-positive-agents	num-of-positive-agents-external-1	num-of-positive-agents-external-2	num-vaccinated	num-immunized	num-immunized-in-quarantine	num-immunized-in-quarantine-external-1	num-immunized-in-quarantine-external-2	num-infected-outside	classroom-in-quarantine	num-of-classroom-in-quarantine	classroom-with-at-least-one-infected
0	123456920	225	0	0	0	0	0	0	0	0	0	0	0	0	0	0	0	0	0	0	0	0	0	146	65	0	0	0	0	[]	0	0
1	123456920	225	0	0	0	0	0	0	0	0	0	0	0	0	0	0	0	0	2	0	0	0	0	146	65	0	0	0	0	[]	0	0
2	123456920	225	0	0	0	0	0	0	0	0	0	0	0	0	0	0	0	0	4	0	0	0	0	146	65	0	0	0	0	[]	0	0
3	123456920	224	1	0	0	0	0	0	0	0	0	0	0	0	0	0	0	0	6	0	0	0	0	146	65	0	0	0	1	[]	0	0
4	123456920	216	8	1	0	0	0	0	0	0	0	0	0	0	0	0	0	0	9	0	0	0	0	146	65	0	0	0	2	[]	0	1
5	123456920	207	14	4	0	0	0	0	0	0	0	0	0	0	0	0	0	0	11	0	0	0	0	146	65	0	0	0	2	[]	0	1
6	123456920	207	11	6	1	0	0	0	0	0	0	0	0	0	0	0	0	0	13	0	0	0	0	146	65	0	0	0	2	[]	0	2
7	123456920	207	9	8	1	0	0	0	0	0	0	0	0	0	0	0	0	0	17	0	0	0	0	146	65	0	0	0	2	[]	0	2
8	123456920	200	12	10	2	0	0	0	0	0	0	0	0	0	0	1	0	0	18	1	0	0	1	146	65	0	0	0	2	[]	0	2
9	123456920	188	19	13	4	0	0	0	0	0	0	0	0	0	0	1	0	0	21	1	0	0	1	146	65	0	0	0	2	[]	0	2
10	123456920	178	23	17	5	0	0	0	0	0	0	1	0	0	0	1	0	0	23	1	0	1	1	146	65	0	0	0	2	[]	0	4
11	123456920	164	33	20	6	0	0	0	0	0	0	0	1	0	0	1	0	0	24	1	0	1	1	146	65	0	0	0	2	[]	0	4
12	123456920	139	45	30	6	0	0	0	0	0	0	0	1	0	0	4	0	0	25	4	0	1	4	146	65	0	0	0	2	[]	0	7
13	123456920	138	36	37	8	0	0	0	0	0	0	1	1	0	0	4	0	0	27	4	0	2	4	146	65	0	0	0	3	[]	0	7
14	123456920	137	29	28	20	0	0	0	0	0	0	2	1	0	0	8	0	0	28	8	0	3	8	146	65	0	0	0	4	[]	0	7
15	123456920	120	37	34	22	0	0	0	0	0	0	1	2	0	0	6	3	0	29	9	0	3	9	146	65	0	0	0	4	[]	0	8
16	123456920	116	34	38	24	0	0	0	0	0	0	2	2	0	0	4	5	0	33	9	0	4	9	146	65	0	0	0	5	[]	0	8
17	123456920	108	31	42	28	0	0	0	0	0	0	2	2	0	0	7	5	0	34	12	0	4	12	146	65	0	0	0	6	[]	0	9
18	123456920	99	34	42	33	0	0	0	0	0	0	3	2	0	0	7	5	0	36	13	0	5	13	146	65	0	0	0	6	[]	0	9
19	123456920	66	52	47	41	0	0	0	0	0	0	4	2	0	0	7	6	0	39	14	0	6	14	146	65	0	0	0	6	[]	0	11
20	123456920	66	38	53	47	0	0	0	0	0	0	5	1	0	0	7	8	0	41	16	0	7	16	146	65	0	0	0	6	[]	0	12
21	123456920	66	26	51	60	0	0	0	0	0	0	4	2	0	0	8	8	0	42	17	0	7	17	146	65	0	0	0	6	[]	0	11
22	123456920	48	38	48	70	0	0	0	0	0	0	4	2	0	0	6	9	0	42	19	0	7	19	146	65	0	0	0	7	[]	0	11
23	123456920	36	37	54	75	0	0	0	0	0	0	4	2	0	0	5	12	0	43	21	0	8	21	146	65	0	0	0	7	[]	0	11
24	123456920	26	38	52	86	0	0	0	0	0	0	4	2	0	0	9	8	0	45	25	0	9	25	146	65	0	0	0	7	[]	0	11
25	123456920	26	24	54	97	0	0	0	0	0	0	4	2	0	0	9	9	0	47	27	0	9	27	146	65	0	0	0	7	[]	0	12
26	123456920	22	22	49	106	0	0	0	0	0	0	5	1	0	0	10	10	0	48	29	0	10	29	146	65	0	0	0	7	[]	0	12
27	123456920	22	13	50	115	0	0	0	0	0	0	3	3	0	0	9	10	0	49	31	0	10	31	146	65	0	0	0	7	[]	0	12
28	123456920	22	11	44	123	0	0	0	0	0	0	2	3	0	0	10	10	0	51	33	0	10	33	146	65	0	0	0	7	[]	0	12
29	123456920	21	10	39	131	0	0	0	0	0	0	3	2	0	0	9	10	0	52	33	0	11	33	146	65	0	0	0	7	[]	0	12
30	123456920	20	8	33	140	0	0	0	0	0	0	3	2	0	0	7	12	0	53	35	0	12	35	146	65	0	0	0	7	[]	0	12
31	123456920	20	6	30	145	0	0	0	0	0	0	3	2	0	0	8	11	0	53	36	0	12	36	146	65	0	0	0	7	[]	0	12
32	123456920	19	4	30	149	0	0	0	0	0	0	3	2	0	0	7	11	0	54	37	0	12	37	146	65	0	0	0	7	[]	0	10
33	123456920	19	4	24	157	0	0	0	0	0	0	2	2	0	0	6	11	0	54	38	0	12	38	146	65	0	0	0	7	[]	0	10
34	123456920	19	3	19	168	0	0	0	0	0	0	1	2	0	0	6	7	0	55	38	0	12	38	146	65	0	0	0	7	[]	0	9
35	123456920	19	3	14	175	0	0	0	0	0	0	1	2	0	0	5	6	0	57	38	0	12	38	146	65	0	0	0	7	[]	0	8
36	123456920	18	4	11	180	0	0	0	0	0	0	1	1	0	0	5	5	0	59	39	0	12	39	146	65	0	0	0	7	[]	0	8
37	123456920	18	2	9	185	0	0	0	0	0	0	1	1	0	0	3	6	0	61	40	0	12	40	146	65	0	0	0	7	[]	0	6
38	123456920	18	2	8	188	0	0	0	0	0	0	0	2	0	0	2	5	0	62	40	0	12	40	146	65	0	0	0	7	[]	0	5
39	123456920	18	2	8	189	0	0	0	0	0	0	0	1	0	0	2	5	0	63	40	0	12	40	146	65	0	0	0	7	[]	0	5
40	123456920	17	1	8	194	0	0	0	0	0	0	0	0	0	0	2	3	0	65	40	0	12	40	146	65	0	0	0	7	[]	0	5
41	123456920	17	1	6	196	0	0	0	0	0	0	0	0	0	0	3	2	0	68	41	0	12	41	146	65	0	0	0	7	[]	0	5
42	123456920	17	1	4	199	0	0	0	0	0	0	0	0	0	0	3	1	0	69	41	0	12	41	146	65	0	0	0	7	[]	0	5
43	123456920	17	1	4	200	0	0	0	0	0	0	0	0	0	0	3	0	0	70	41	0	12	41	146	65	0	0	0	7	[]	0	5
44	123456920	17	1	4	200	0	0	0	0	0	0	0	0	0	0	3	0	0	71	41	0	12	41	146	65	0	0	0	7	[]	0	5
45	123456920	16	1	4	201	0	0	0	0	0	0	0	0	0	0	3	0	0	73	41	0	12	41	146	65	0	0	0	7	[]	0	5
46	123456920	16	1	4	202	0	0	0	0	0	0	0	0	0	0	1	1	0	74	41	0	12	41	146	65	0	0	0	7	[]	0	4
47	123456920	16	1	4	203	0	0	0	0	0	0	0	0	0	0	0	1	0	78	41	0	12	41	146	65	0	0	0	7	[]	0	3
48	123456920	16	1	3	204	0	0	0	0	0	0	0	0	0	0	0	1	0	78	41	0	12	41	146	65	0	0	0	7	[]	0	2
49	123456920	16	0	4	204	0	0	0	0	0	0	0	0	0	0	0	1	0	78	41	0	12	41	146	65	0	0	0	7	[]	0	2
50	123456920	16	0	3	204	0	0	0	0	0	0	0	0	0	0	1	1	0	81	42	0	12	42	146	65	0	0	0	7	[]	0	2
51	123456920	16	0	2	206	0	0	0	0	0	0	0	0	0	0	1	0	0	82	42	0	12	42	146	65	0	0	0	7	[]	0	2
52	123456920	13	3	2	206	0	0	0	0	0	0	0	0	0	0	1	0	0	84	42	0	12	42	146	65	0	0	0	7	[]	0	2
53	123456920	13	2	2	207	0	0	0	0	0	0	0	0	0	0	1	0	0	86	42	0	12	42	146	65	0	0	0	7	[]	0	1
54	123456920	12	2	3	207	0	0	0	0	0	0	0	0	0	0	1	0	0	89	42	0	12	42	146	65	0	0	0	7	[]	0	1
55	123456920	12	2	2	208	0	0	0	0	0	0	0	0	0	0	1	0	0	89	42	0	12	42	146	65	0	0	0	7	[]	0	1
56	123456920	12	1	3	208	0	0	0	0	0	0	0	0	0	0	1	0	0	93	42	0	12	42	146	65	0	0	0	7	[]	0	1
57	123456920	12	0	3	209	0	0	0	0	0	0	0	0	0	0	1	0	0	94	42	0	12	42	146	65	0	0	0	7	[]	0	1
58	123456920	12	0	1	211	0	0	0	0	0	0	0	0	0	0	1	0	0	95	42	0	12	42	146	65	0	0	0	7	[]	0	1
59	123456920	12	0	1	211	0	0	0	0	0	0	0	0	0	0	1	0	0	95	42	0	12	42	146	65	0	0	0	7	[]	0	1
60	123456920	12	0	1	212	0	0	0	0	0	0	0	0	0	0	0	0	0	96	42	0	12	42	146	65	0	0	0	7	[]	0	0
