day	seedRun	susceptible	exposed	infected	removed	susceptible-in-quarantine	exposed-in-quarantine	infected-in-quarantine	removed-in-quarantine	susceptible-in-quarantine-external-1	exposed-in-quarantine-external-1	infected-in-quarantine-external-1	removed-in-quarantine-external-1	susceptible-in-quarantine-external-2	exposed-in-quarantine-external-2	infected-in-quarantine-external-2	removed-in-quarantine-external-2	num-of-screened-agents	num-of-screened-agents-external-1	num-of-screened-agents-external-2	num-of-positive-agents	num-of-positive-agents-external-1	num-of-positive-agents-external-2	num-vaccinated	num-immunized	num-immunized-in-quarantine	num-immunized-in-quarantine-external-1	num-immunized-in-quarantine-external-2	num-infected-outside	classroom-in-quarantine	num-of-classroom-in-quarantine	classroom-with-at-least-one-infected
0	123456814	176	0	0	0	0	0	0	0	0	0	0	0	0	0	0	0	0	0	0	0	0	0	218	114	0	0	0	0	[]	0	0
1	123456814	166	10	0	0	0	0	0	0	0	0	0	0	0	0	0	0	0	5	0	0	0	0	218	114	0	0	0	10	[]	0	0
2	123456814	152	20	3	0	0	0	0	0	0	0	1	0	0	0	0	0	19	7	0	0	1	0	218	114	0	0	0	16	[]	0	3
3	123456814	114	53	8	0	0	0	0	0	0	0	1	0	0	0	0	0	19	8	0	0	1	0	218	114	0	0	0	27	[]	0	4
4	123456814	71	82	17	1	0	0	2	0	0	0	1	0	0	0	2	0	57	10	2	2	1	2	218	114	0	0	0	32	[]	0	8
5	123456814	37	90	28	1	0	5	7	3	0	0	3	0	0	0	1	1	95	19	2	8	3	2	218	106	8	0	0	37	[2B]	1	9
6	123456814	34	58	31	6	0	15	20	5	0	0	3	0	0	0	3	1	133	21	4	22	3	4	218	93	21	0	0	40	[2B 3D 1A]	3	11
7	123456814	31	39	34	5	0	13	33	12	0	0	3	0	0	0	4	2	190	23	6	31	3	6	218	88	26	0	0	43	[2B 3D 1A 3C]	4	12
8	123456814	6	40	41	7	6	11	34	21	0	0	3	0	0	0	5	2	209	24	7	35	3	7	218	83	31	0	0	43	[2B 3D 1A 3C 1B]	5	12
9	123456814	4	25	35	10	6	12	42	32	0	0	3	0	0	0	5	2	245	24	7	46	3	7	218	67	47	0	0	43	[2B 3D 1A 3C 1B 1C 3A]	7	12
10	123456814	3	15	27	12	6	13	50	39	0	0	2	1	0	0	6	2	279	24	8	55	3	8	218	49	65	0	0	44	[2B 3D 1A 3C 1B 1C 3A 2D 3B]	9	12
11	123456814	2	11	28	16	6	9	50	43	0	0	2	1	0	0	4	4	279	24	8	55	3	8	218	49	65	0	0	45	[2B 3D 1A 3C 1B 1C 3A 2D 3B]	9	12
12	123456814	1	8	24	21	6	6	50	49	0	0	3	0	0	0	3	5	298	25	8	58	4	8	218	49	65	0	0	45	[2B 3D 1A 3C 1B 1C 3A 2D 3B]	9	12
13	123456814	1	3	26	24	6	3	48	54	0	0	2	1	0	0	3	5	298	25	8	58	4	8	218	49	65	0	0	45	[2B 3D 1A 3C 1B 1C 3A 2D 3B]	9	12
14	123456814	1	2	16	21	6	3	47	68	0	0	2	1	0	0	3	6	317	26	9	62	4	9	218	43	71	0	0	45	[2B 3D 1A 3C 1B 1C 3A 2D 3B 1D]	10	12
15	123456814	1	1	13	37	6	0	40	67	0	0	1	1	0	0	3	6	317	26	9	62	4	9	218	51	63	0	0	45	[3D 1A 3C 1B 1C 3A 2D 3B 1D]	9	11
16	123456814	1	1	11	66	6	0	30	52	0	0	1	1	0	0	2	5	317	31	9	62	4	9	218	64	50	0	0	45	[3C 1B 1C 3A 2D 3B 1D]	7	9
17	123456814	1	1	7	88	6	0	20	45	0	0	1	1	0	0	2	4	333	31	9	62	4	9	218	69	45	0	0	45	[1B 1C 3A 2D 3B 1D]	6	8
18	123456814	5	2	8	97	0	0	16	41	0	0	1	1	0	0	1	4	333	32	9	62	4	9	218	74	40	0	0	47	[1C 3A 2D 3B 1D]	5	7
19	123456814	2	3	9	122	0	0	9	26	0	0	1	1	0	0	1	2	333	33	9	62	4	9	218	90	24	0	0	47	[2D 3B 1D]	3	6
20	123456814	2	2	7	147	0	0	2	14	0	0	0	1	0	0	1	0	333	37	9	62	4	9	218	108	6	0	0	47	[1D]	1	4
21	123456814	2	2	6	148	0	0	2	14	0	0	0	1	0	0	1	0	333	39	9	62	4	9	218	108	6	0	0	47	[1D]	1	4
22	123456814	0	3	5	154	0	0	1	12	0	0	0	0	0	0	1	0	333	40	9	62	4	9	218	108	6	0	0	47	[1D]	1	2
23	123456814	0	3	3	154	0	0	2	12	0	0	1	0	0	0	1	0	352	42	9	63	5	9	218	108	6	0	0	47	[1D]	1	2
24	123456814	0	2	4	168	0	0	1	0	0	0	1	0	0	0	0	0	352	45	9	63	5	9	218	114	0	0	0	47	[]	0	1
25	123456814	0	2	3	169	0	0	1	0	0	0	1	0	0	0	0	0	352	45	9	63	5	9	218	114	0	0	0	47	[]	0	1
26	123456814	0	2	2	170	0	0	1	0	0	0	1	0	0	0	0	0	352	48	9	63	5	9	218	114	0	0	0	47	[]	0	1
27	123456814	0	2	2	170	0	0	1	0	0	0	1	0	0	0	0	0	352	51	9	63	5	9	218	114	0	0	0	47	[]	0	1
28	123456814	0	2	1	170	0	0	2	0	0	0	0	1	0	0	0	0	370	54	9	64	5	9	218	114	0	0	0	47	[]	0	1
29	123456814	0	2	1	170	0	0	2	0	0	0	0	1	0	0	0	0	370	55	9	64	5	9	218	114	0	0	0	47	[]	0	1
30	123456814	0	1	2	170	0	0	2	0	0	0	0	1	0	0	0	0	370	57	9	64	5	9	218	114	0	0	0	47	[]	0	1
31	123456814	0	0	3	170	0	0	2	0	0	0	0	1	0	0	0	0	370	58	9	64	5	9	218	114	0	0	0	47	[]	0	1
32	123456814	0	0	2	171	0	0	1	1	0	0	0	1	0	0	0	0	370	59	9	64	5	9	218	114	0	0	0	47	[]	0	1
33	123456814	0	0	2	173	0	0	1	0	0	0	0	0	0	0	0	0	370	59	9	64	5	9	218	114	0	0	0	47	[]	0	1
34	123456814	0	0	2	173	0	0	1	0	0	0	0	0	0	0	0	0	370	60	9	64	5	9	218	114	0	0	0	47	[]	0	1
35	123456814	0	0	2	173	0	0	1	0	0	0	0	0	0	0	0	0	370	60	9	64	5	9	218	114	0	0	0	47	[]	0	1
36	123456814	0	0	1	174	0	0	1	0	0	0	0	0	0	0	0	0	370	60	9	64	5	9	218	114	0	0	0	47	[]	0	1
37	123456814	0	0	1	174	0	0	1	0	0	0	0	0	0	0	0	0	370	61	9	64	5	9	218	114	0	0	0	47	[]	0	1
38	123456814	0	0	1	175	0	0	0	0	0	0	0	0	0	0	0	0	370	63	9	64	5	9	218	114	0	0	0	47	[]	0	1
39	123456814	0	0	1	175	0	0	0	0	0	0	0	0	0	0	0	0	370	63	9	64	5	9	218	114	0	0	0	47	[]	0	1
40	123456814	0	0	1	175	0	0	0	0	0	0	0	0	0	0	0	0	370	63	9	64	5	9	218	114	0	0	0	47	[]	0	1
41	123456814	0	0	1	175	0	0	0	0	0	0	0	0	0	0	0	0	370	65	9	64	5	9	218	114	0	0	0	47	[]	0	1
42	123456814	0	0	1	175	0	0	0	0	0	0	0	0	0	0	0	0	370	65	9	64	5	9	218	114	0	0	0	47	[]	0	1
43	123456814	0	0	1	175	0	0	0	0	0	0	0	0	0	0	0	0	370	67	9	64	5	9	218	114	0	0	0	47	[]	0	1
44	123456814	0	0	1	175	0	0	0	0	0	0	0	0	0	0	0	0	370	71	9	64	5	9	218	114	0	0	0	47	[]	0	1
45	123456814	0	0	1	175	0	0	0	0	0	0	0	0	0	0	0	0	370	71	9	64	5	9	218	114	0	0	0	47	[]	0	1
46	123456814	0	0	1	175	0	0	0	0	0	0	0	0	0	0	0	0	370	72	9	64	5	9	218	114	0	0	0	47	[]	0	1
47	123456814	0	0	1	175	0	0	0	0	0	0	0	0	0	0	0	0	370	76	9	64	5	9	218	114	0	0	0	47	[]	0	1
48	123456814	0	0	1	175	0	0	0	0	0	0	0	0	0	0	0	0	370	78	9	64	5	9	218	114	0	0	0	47	[]	0	1
49	123456814	0	0	0	176	0	0	0	0	0	0	0	0	0	0	0	0	370	78	9	64	5	9	218	114	0	0	0	47	[]	0	0
50	123456814	0	0	0	176	0	0	0	0	0	0	0	0	0	0	0	0	370	80	9	64	5	9	218	114	0	0	0	47	[]	0	0
51	123456814	0	0	0	176	0	0	0	0	0	0	0	0	0	0	0	0	370	82	9	64	5	9	218	114	0	0	0	47	[]	0	0
52	123456814	0	0	0	176	0	0	0	0	0	0	0	0	0	0	0	0	370	83	9	64	5	9	218	114	0	0	0	47	[]	0	0
53	123456814	0	0	0	176	0	0	0	0	0	0	0	0	0	0	0	0	370	84	9	64	5	9	218	114	0	0	0	47	[]	0	0
54	123456814	0	0	0	176	0	0	0	0	0	0	0	0	0	0	0	0	370	86	9	64	5	9	218	114	0	0	0	47	[]	0	0
55	123456814	0	0	0	176	0	0	0	0	0	0	0	0	0	0	0	0	370	87	9	64	5	9	218	114	0	0	0	47	[]	0	0
56	123456814	0	0	0	176	0	0	0	0	0	0	0	0	0	0	0	0	370	88	9	64	5	9	218	114	0	0	0	47	[]	0	0
57	123456814	0	0	0	176	0	0	0	0	0	0	0	0	0	0	0	0	370	89	9	64	5	9	218	114	0	0	0	47	[]	0	0
58	123456814	0	0	0	176	0	0	0	0	0	0	0	0	0	0	0	0	370	91	9	64	5	9	218	114	0	0	0	47	[]	0	0
59	123456814	0	0	0	176	0	0	0	0	0	0	0	0	0	0	0	0	370	93	9	64	5	9	218	114	0	0	0	47	[]	0	0
60	123456814	0	0	0	176	0	0	0	0	0	0	0	0	0	0	0	0	370	94	9	64	5	9	218	114	0	0	0	47	[]	0	0
