day	seedRun	susceptible	exposed	infected	removed	susceptible-in-quarantine	exposed-in-quarantine	infected-in-quarantine	removed-in-quarantine	susceptible-in-quarantine-external-1	exposed-in-quarantine-external-1	infected-in-quarantine-external-1	removed-in-quarantine-external-1	susceptible-in-quarantine-external-2	exposed-in-quarantine-external-2	infected-in-quarantine-external-2	removed-in-quarantine-external-2	num-of-screened-agents	num-of-screened-agents-external-1	num-of-screened-agents-external-2	num-of-positive-agents	num-of-positive-agents-external-1	num-of-positive-agents-external-2	num-vaccinated	num-immunized	num-immunized-in-quarantine	num-immunized-in-quarantine-external-1	num-immunized-in-quarantine-external-2	num-infected-outside	classroom-in-quarantine	num-of-classroom-in-quarantine	classroom-with-at-least-one-infected
0	123456954	196	0	0	0	0	0	0	0	0	0	0	0	0	0	0	0	0	0	0	0	0	0	218	94	0	0	0	0	[]	0	0
1	123456954	196	0	0	0	0	0	0	0	0	0	0	0	0	0	0	0	0	1	0	0	0	0	218	94	0	0	0	0	[]	0	0
2	123456954	196	0	0	0	0	0	0	0	0	0	0	0	0	0	0	0	0	4	0	0	0	0	218	94	0	0	0	0	[]	0	0
3	123456954	195	1	0	0	0	0	0	0	0	0	0	0	0	0	0	0	0	4	0	0	0	0	218	94	0	0	0	1	[]	0	0
4	123456954	195	1	0	0	0	0	0	0	0	0	0	0	0	0	0	0	0	5	0	0	0	0	218	94	0	0	0	1	[]	0	0
5	123456954	195	1	0	0	0	0	0	0	0	0	0	0	0	0	0	0	0	6	0	0	0	0	218	94	0	0	0	1	[]	0	0
6	123456954	195	0	1	0	0	0	0	0	0	0	0	0	0	0	0	0	0	9	0	0	0	0	218	94	0	0	0	1	[]	0	1
7	123456954	195	0	1	0	0	0	0	0	0	0	0	0	0	0	0	0	0	9	0	0	0	0	218	94	0	0	0	1	[]	0	1
8	123456954	193	2	1	0	0	0	0	0	0	0	0	0	0	0	0	0	0	9	0	0	0	0	218	94	0	0	0	1	[]	0	1
9	123456954	190	4	2	0	0	0	0	0	0	0	0	0	0	0	0	0	0	12	0	0	0	0	218	94	0	0	0	1	[]	0	1
10	123456954	190	2	0	1	0	0	2	0	0	0	0	0	0	0	1	0	19	13	1	2	0	1	218	94	0	0	0	1	[]	0	1
11	123456954	190	1	1	1	0	0	2	0	0	0	0	0	0	0	0	1	19	13	1	2	0	1	218	94	0	0	0	1	[]	0	1
12	123456954	187	3	2	1	0	0	2	0	0	0	0	0	0	0	0	1	19	15	1	2	0	1	218	94	0	0	0	1	[]	0	1
13	123456954	187	3	2	1	0	0	2	0	0	0	0	0	0	0	0	1	19	15	1	2	0	1	218	94	0	0	0	1	[]	0	1
14	123456954	187	3	2	1	0	0	1	1	0	0	0	0	0	0	0	1	19	16	1	2	0	1	218	94	0	0	0	1	[]	0	1
15	123456954	176	6	1	0	6	0	4	2	0	0	0	0	0	0	0	1	36	18	1	4	0	1	218	87	7	0	0	1	[2A]	1	1
16	123456954	175	6	2	0	6	0	3	3	0	0	0	0	0	0	0	1	36	22	1	4	0	1	218	87	7	0	0	1	[2A]	1	2
17	123456954	171	9	3	0	6	0	3	3	0	0	0	0	0	0	0	1	36	22	1	4	0	1	218	87	7	0	0	1	[2A]	1	3
18	123456954	165	13	4	1	6	0	3	3	0	0	0	0	0	0	0	1	36	27	1	4	0	1	218	87	7	0	0	1	[2A]	1	3
19	123456954	160	16	6	1	6	0	3	3	0	0	0	0	0	0	0	1	36	30	1	4	0	1	218	87	7	0	0	1	[2A]	1	3
20	123456954	160	12	5	2	6	0	6	3	0	0	0	0	0	0	1	1	55	32	2	7	0	2	218	87	7	0	0	1	[2A]	1	3
21	123456954	160	8	8	3	6	0	4	5	0	0	0	0	0	0	1	1	55	33	2	7	0	2	218	87	7	0	0	1	[2A]	1	3
22	123456954	157	7	11	4	6	0	4	5	0	0	0	0	0	0	1	1	55	33	2	7	0	2	218	87	7	0	0	1	[2A]	1	3
23	123456954	155	7	10	7	6	0	4	5	0	0	0	0	0	0	1	1	55	35	2	7	0	2	218	87	7	0	0	1	[2A]	1	3
24	123456954	154	6	10	8	6	0	4	5	0	0	0	0	0	0	2	1	74	37	3	7	0	3	218	87	7	0	0	1	[2A]	1	4
25	123456954	152	5	8	16	6	1	3	3	0	0	0	0	0	0	2	0	90	38	3	9	0	3	218	88	6	0	0	2	[1C]	1	3
26	123456954	150	5	9	17	6	1	1	5	0	0	0	0	0	0	2	0	90	40	3	9	0	3	218	88	6	0	0	2	[1C]	1	4
27	123456954	150	4	3	10	6	2	5	13	0	0	1	0	0	0	2	0	109	42	3	13	1	3	218	82	12	0	0	2	[1C 2D]	2	4
28	123456954	150	4	2	11	6	1	6	13	0	0	0	1	0	0	2	0	109	43	3	13	1	3	218	82	12	0	0	2	[1C 2D]	2	4
29	123456954	148	6	2	11	6	1	4	15	0	0	0	1	0	0	2	0	128	46	3	13	1	3	218	82	12	0	0	2	[1C 2D]	2	4
30	123456954	144	8	4	11	6	0	4	16	0	0	0	1	0	0	2	0	128	48	3	13	1	3	218	82	12	0	0	2	[1C 2D]	2	5
31	123456954	143	4	8	12	6	0	2	18	0	0	0	1	0	0	2	0	128	51	3	13	1	3	218	82	12	0	0	2	[1C 2D]	2	5
32	123456954	137	10	8	12	6	0	2	18	0	0	0	1	0	0	1	1	128	52	3	13	1	3	218	82	12	0	0	2	[1C 2D]	2	4
33	123456954	133	11	10	13	6	0	1	19	0	0	0	1	0	0	1	1	128	52	3	13	1	3	218	82	12	0	0	3	[1C 2D]	2	4
34	123456954	132	3	4	14	7	4	6	23	0	0	1	1	0	0	0	1	147	54	3	18	2	3	218	77	17	0	0	3	[1C 2D 1D]	3	3
35	123456954	138	1	5	23	1	2	5	19	0	0	1	1	0	0	0	0	147	56	3	18	2	3	218	83	11	0	0	3	[2D 1D]	2	2
36	123456954	136	3	5	23	1	1	6	19	0	0	1	1	0	0	0	0	147	56	3	18	2	3	218	83	11	0	0	3	[2D 1D]	2	2
37	123456954	135	3	6	37	1	1	5	7	0	0	1	0	0	0	0	0	147	56	3	18	2	3	218	89	5	0	0	3	[1D]	1	2
38	123456954	133	3	7	38	1	0	5	8	0	0	1	0	0	0	0	0	147	59	3	18	2	3	218	89	5	0	0	3	[1D]	1	2
39	123456954	132	2	6	41	1	0	3	10	0	0	1	0	0	0	0	0	147	61	3	18	2	3	218	89	5	0	0	3	[1D]	1	2
40	123456954	132	2	6	41	1	0	3	10	0	0	1	0	0	0	0	0	147	64	3	18	2	3	218	89	5	0	0	3	[1D]	1	2
41	123456954	132	2	6	41	1	0	2	11	0	0	1	0	0	0	0	0	147	66	3	18	2	3	218	89	5	0	0	3	[1D]	1	2
42	123456954	132	1	5	43	1	0	2	11	0	0	0	1	0	0	0	0	147	68	3	18	2	3	218	89	5	0	0	3	[1D]	1	2
43	123456954	131	2	4	44	1	0	2	11	0	0	0	1	0	0	0	0	147	69	3	18	2	3	218	89	5	0	0	3	[1D]	1	2
44	123456954	131	3	3	59	0	0	0	0	0	0	0	0	0	0	0	0	147	70	3	18	2	3	218	94	0	0	0	3	[]	0	1
45	123456954	131	2	3	60	0	0	0	0	0	0	0	0	0	0	0	0	147	72	3	18	2	3	218	94	0	0	0	3	[]	0	1
46	123456954	129	3	4	60	0	0	0	0	0	0	0	0	0	0	0	0	147	74	3	18	2	3	218	94	0	0	0	4	[]	0	1
47	123456954	128	4	4	60	0	0	0	0	0	0	0	0	0	0	0	0	147	78	3	18	2	3	218	94	0	0	0	4	[]	0	1
48	123456954	128	2	5	61	0	0	0	0	0	0	0	0	0	0	0	0	147	78	3	18	2	3	218	94	0	0	0	4	[]	0	2
49	123456954	128	0	5	63	0	0	0	0	0	0	0	0	0	0	0	0	147	82	3	18	2	3	218	94	0	0	0	4	[]	0	1
50	123456954	125	3	5	63	0	0	0	0	0	0	0	0	0	0	0	0	147	82	3	18	2	3	218	94	0	0	0	4	[]	0	1
51	123456954	123	3	6	64	0	0	0	0	0	0	0	0	0	0	0	0	147	84	3	18	2	3	218	94	0	0	0	4	[]	0	3
52	123456954	118	7	6	65	0	0	0	0	0	0	0	0	0	0	0	0	147	86	3	18	2	3	218	94	0	0	0	4	[]	0	3
53	123456954	114	9	7	66	0	0	0	0	0	0	0	0	0	0	0	0	147	88	3	18	2	3	218	94	0	0	0	4	[]	0	2
54	123456954	114	9	2	70	0	0	0	0	0	0	0	0	0	0	1	0	166	89	4	18	2	4	218	94	0	0	0	4	[]	0	2
55	123456954	114	6	5	70	0	0	0	0	0	0	0	0	0	0	1	0	166	91	4	18	2	4	218	94	0	0	0	4	[]	0	4
56	123456954	114	4	7	70	0	0	0	0	0	0	0	0	0	0	1	0	166	92	4	18	2	4	218	94	0	0	0	4	[]	0	5
57	123456954	111	6	7	71	0	0	0	0	0	0	0	0	0	0	1	0	166	93	4	18	2	4	218	94	0	0	0	4	[]	0	5
58	123456954	104	10	9	72	0	0	0	0	0	0	0	0	0	0	1	0	166	99	4	18	2	4	218	94	0	0	0	4	[]	0	4
59	123456954	97	14	11	72	0	0	1	0	0	0	0	0	0	0	1	0	185	100	4	19	2	4	218	94	0	0	0	4	[]	0	4
60	123456954	94	9	3	72	2	2	10	1	0	0	0	0	0	0	2	1	223	107	6	28	2	6	218	87	7	0	0	4	[3A]	1	4
