day	seedRun	susceptible	exposed	infected	removed	susceptible-in-quarantine	exposed-in-quarantine	infected-in-quarantine	removed-in-quarantine	susceptible-in-quarantine-external-1	exposed-in-quarantine-external-1	infected-in-quarantine-external-1	removed-in-quarantine-external-1	susceptible-in-quarantine-external-2	exposed-in-quarantine-external-2	infected-in-quarantine-external-2	removed-in-quarantine-external-2	num-of-screened-agents	num-of-screened-agents-external-1	num-of-screened-agents-external-2	num-of-positive-agents	num-of-positive-agents-external-1	num-of-positive-agents-external-2	num-vaccinated	num-immunized	num-immunized-in-quarantine	num-immunized-in-quarantine-external-1	num-immunized-in-quarantine-external-2	num-infected-outside	classroom-in-quarantine	num-of-classroom-in-quarantine	classroom-with-at-least-one-infected
0	123457114	183	0	0	0	0	0	0	0	0	0	0	0	0	0	0	0	0	0	0	0	0	0	218	107	0	0	0	0	[]	0	0
1	123457114	182	1	0	0	0	0	0	0	0	0	0	0	0	0	0	0	0	4	0	0	0	0	218	107	0	0	0	1	[]	0	0
2	123457114	182	1	0	0	0	0	0	0	0	0	0	0	0	0	0	0	0	6	0	0	0	0	218	107	0	0	0	1	[]	0	0
3	123457114	181	1	1	0	0	0	0	0	0	0	0	0	0	0	0	0	0	9	0	0	0	0	218	107	0	0	0	1	[]	0	1
4	123457114	179	3	1	0	0	0	0	0	0	0	0	0	0	0	0	0	0	12	0	0	0	0	218	107	0	0	0	1	[]	0	1
5	123457114	179	2	0	0	0	0	1	0	0	0	0	0	0	0	1	0	19	14	1	1	0	1	218	107	0	0	0	1	[]	0	1
6	123457114	179	0	2	0	0	0	1	0	0	0	0	0	0	0	1	0	19	14	1	1	0	1	218	107	0	0	0	1	[]	0	2
7	123457114	179	0	2	0	0	0	0	1	0	0	0	0	0	0	1	0	19	16	1	1	0	1	218	107	0	0	0	1	[]	0	2
8	123457114	175	4	2	0	0	0	0	1	0	0	0	0	0	0	1	0	19	16	1	1	0	1	218	107	0	0	0	2	[]	0	2
9	123457114	170	7	4	0	0	0	0	1	0	0	0	0	0	0	1	0	19	18	1	1	0	1	218	107	0	0	0	2	[]	0	3
10	123457114	167	8	3	1	0	0	2	1	0	0	0	0	0	0	1	0	37	19	1	3	0	1	218	107	0	0	0	2	[]	0	3
11	123457114	166	8	2	1	0	0	3	1	0	0	0	0	0	0	2	0	56	21	2	4	0	2	218	107	0	0	0	2	[]	0	3
12	123457114	162	9	5	1	0	0	3	1	0	0	0	0	0	0	2	0	56	23	2	4	0	2	218	107	0	0	0	2	[]	0	4
13	123457114	162	8	5	2	0	0	3	1	0	0	0	0	0	0	2	0	56	23	2	4	0	2	218	107	0	0	0	2	[]	0	4
14	123457114	162	7	5	3	0	0	3	1	0	0	0	0	0	0	2	0	56	24	2	4	0	2	218	107	0	0	0	2	[]	0	4
15	123457114	160	6	6	7	0	0	3	0	0	0	0	0	0	0	1	0	56	26	2	4	0	2	218	107	0	0	0	2	[]	0	4
16	123457114	156	8	6	8	0	0	4	0	0	0	0	0	0	0	1	0	74	29	2	5	0	2	218	107	0	0	0	2	[]	0	3
17	123457114	152	5	2	5	2	4	7	4	0	0	0	0	0	0	2	0	93	34	3	9	0	3	218	101	6	0	0	2	[3A]	1	3
18	123457114	149	7	2	6	2	2	7	6	0	0	0	0	0	0	1	1	93	36	3	9	0	3	218	101	6	0	0	2	[3A]	1	3
19	123457114	147	7	4	6	2	2	5	8	0	0	0	0	0	0	0	2	93	38	3	9	0	3	218	101	6	0	0	2	[3A]	1	4
20	123457114	147	5	6	8	2	2	3	8	0	0	0	0	0	0	0	2	93	40	3	9	0	3	218	101	6	0	0	2	[3A]	1	4
21	123457114	147	1	9	11	2	2	2	8	0	0	0	0	0	0	0	1	93	41	3	9	0	3	218	101	6	0	0	2	[3A]	1	3
22	123457114	144	4	9	11	2	1	3	8	0	0	0	0	0	0	0	1	93	44	3	9	0	3	218	101	6	0	0	2	[3A]	1	3
23	123457114	139	9	7	13	2	1	2	9	0	0	0	0	0	0	0	1	93	45	3	9	0	3	218	101	6	0	0	2	[3A]	1	3
24	123457114	136	10	9	13	2	1	1	10	0	0	0	0	0	0	0	1	93	46	3	9	0	3	218	101	6	0	0	2	[3A]	1	3
25	123457114	135	7	13	13	2	0	1	11	0	0	0	0	0	0	0	1	93	48	3	9	0	3	218	101	6	0	0	2	[3A]	1	3
26	123457114	134	5	13	17	2	0	1	10	0	0	0	0	0	0	0	1	93	48	3	9	0	3	218	101	6	0	0	2	[3A]	1	4
27	123457114	136	4	13	30	0	0	0	0	0	0	0	0	0	0	0	0	93	51	3	9	0	3	218	107	0	0	0	2	[]	0	3
28	123457114	136	3	13	31	0	0	0	0	0	0	0	0	0	0	0	0	93	52	3	9	0	3	218	107	0	0	0	2	[]	0	3
29	123457114	134	5	12	32	0	0	0	0	0	0	0	0	0	0	0	0	93	55	3	9	0	3	218	107	0	0	0	2	[]	0	3
30	123457114	132	7	11	33	0	0	0	0	0	0	0	0	0	0	0	0	93	58	3	9	0	3	218	107	0	0	0	2	[]	0	3
31	123457114	127	7	8	26	0	0	5	9	0	0	0	0	0	0	1	0	112	59	4	14	0	4	218	102	5	0	0	2	[1B]	1	5
32	123457114	124	8	10	26	0	0	4	10	0	0	0	0	0	0	1	0	112	61	4	14	0	4	218	102	5	0	0	2	[1B]	1	5
33	123457114	113	6	6	28	9	1	8	10	0	0	0	0	0	0	1	1	131	62	5	18	0	5	218	97	10	0	0	2	[1B 3D]	2	5
34	123457114	113	4	7	29	9	0	9	10	0	0	0	0	0	0	1	1	131	64	5	18	0	5	218	97	10	0	0	2	[1B 3D]	2	5
35	123457114	113	3	8	29	9	0	9	10	0	0	0	0	0	0	1	1	131	64	5	18	0	5	218	97	10	0	0	2	[1B 3D]	2	5
36	123457114	111	4	8	30	9	0	9	10	0	0	0	0	0	0	1	1	131	65	5	18	0	5	218	97	10	0	0	2	[1B 3D]	2	5
37	123457114	109	6	6	32	9	0	6	13	0	0	0	0	0	0	1	1	131	66	5	18	0	5	218	97	10	0	0	2	[1B 3D]	2	5
38	123457114	105	9	6	33	9	0	5	14	0	0	0	0	0	0	1	1	131	67	5	18	0	5	218	97	10	0	0	2	[1B 3D]	2	5
39	123457114	104	8	5	33	9	0	6	15	0	0	0	0	0	0	2	1	150	70	6	20	0	6	218	97	10	0	0	2	[1B 3D]	2	5
40	123457114	104	7	2	33	9	0	5	18	0	0	0	0	0	0	4	1	188	71	8	22	0	8	218	97	10	0	0	2	[1B 3D]	2	5
41	123457114	104	7	2	48	9	0	4	5	0	0	0	0	0	0	3	1	188	71	8	22	0	8	218	102	5	0	0	2	[3D]	1	4
42	123457114	104	6	3	48	9	0	3	6	0	0	0	0	0	0	3	1	188	73	8	22	0	8	218	102	5	0	0	2	[3D]	1	4
43	123457114	113	4	3	56	0	0	2	2	0	0	0	0	0	0	2	1	188	75	8	22	0	8	218	107	0	0	0	2	[]	0	3
44	123457114	113	4	2	56	0	0	3	2	0	0	0	0	0	0	2	1	205	77	8	23	0	8	218	107	0	0	0	2	[]	0	3
45	123457114	110	2	1	55	2	1	5	4	0	0	0	0	0	0	2	1	241	79	8	25	0	8	218	97	10	0	0	2	[2A]	1	3
46	123457114	107	5	1	55	2	1	3	6	0	0	0	0	0	0	0	3	241	80	8	25	0	8	218	97	10	0	0	2	[2A]	1	2
47	123457114	104	5	4	55	2	1	2	7	0	0	0	0	0	0	0	3	241	82	8	25	0	8	218	97	10	0	0	2	[2A]	1	3
48	123457114	104	4	4	56	2	1	2	7	0	0	0	0	0	0	0	3	241	84	8	25	0	8	218	97	10	0	0	2	[2A]	1	3
49	123457114	104	3	4	60	2	0	3	5	0	0	0	0	0	0	0	2	241	86	8	25	0	8	218	97	10	0	0	2	[2A]	1	3
50	123457114	100	7	4	61	2	0	3	5	0	0	0	0	0	0	0	1	241	88	8	25	0	8	218	97	10	0	0	2	[2A]	1	3
51	123457114	97	10	4	61	2	0	3	5	0	0	0	0	0	0	0	1	241	89	8	25	0	8	218	97	10	0	0	2	[2A]	1	3
52	123457114	91	12	6	63	2	0	3	5	0	0	0	0	0	0	0	1	241	93	8	25	0	8	218	97	10	0	0	2	[2A]	1	3
53	123457114	88	6	2	59	5	2	9	9	0	0	0	0	0	0	2	1	278	93	10	31	0	10	218	91	16	0	0	2	[2A 2B]	2	4
54	123457114	86	6	4	60	5	1	9	9	0	0	0	0	0	0	1	2	278	95	10	31	0	10	218	91	16	0	0	2	[2A 2B]	2	5
55	123457114	88	3	5	70	3	1	5	6	0	0	0	0	0	0	1	1	278	99	10	31	0	10	218	101	6	0	0	2	[2B]	1	4
56	123457114	88	3	4	71	3	1	3	8	0	0	0	0	0	0	1	1	278	99	10	31	0	10	218	101	6	0	0	2	[2B]	1	3
57	123457114	88	2	5	71	3	1	2	9	0	0	0	0	0	0	1	1	278	99	10	31	0	10	218	101	6	0	0	2	[2B]	1	4
58	123457114	86	3	4	72	3	1	3	9	0	0	0	0	0	0	1	1	295	100	10	32	0	10	218	101	6	0	0	2	[2B]	1	4
59	123457114	82	5	5	73	3	0	4	9	0	0	0	0	0	0	0	2	295	102	10	32	0	10	218	101	6	0	0	2	[2B]	1	4
60	123457114	79	7	6	73	3	0	4	9	0	0	0	0	0	0	0	2	295	105	10	32	0	10	218	101	6	0	0	2	[2B]	1	4
