day	seedRun	susceptible	exposed	infected	removed	susceptible-in-quarantine	exposed-in-quarantine	infected-in-quarantine	removed-in-quarantine	susceptible-in-quarantine-external-1	exposed-in-quarantine-external-1	infected-in-quarantine-external-1	removed-in-quarantine-external-1	susceptible-in-quarantine-external-2	exposed-in-quarantine-external-2	infected-in-quarantine-external-2	removed-in-quarantine-external-2	num-of-screened-agents	num-of-screened-agents-external-1	num-of-screened-agents-external-2	num-of-positive-agents	num-of-positive-agents-external-1	num-of-positive-agents-external-2	num-vaccinated	num-immunized	num-immunized-in-quarantine	num-immunized-in-quarantine-external-1	num-immunized-in-quarantine-external-2	num-infected-outside	classroom-in-quarantine	num-of-classroom-in-quarantine	classroom-with-at-least-one-infected
0	123456814	222	0	0	0	0	0	0	0	0	0	0	0	0	0	0	0	0	0	0	0	0	0	146	68	0	0	0	0	[]	0	0
1	123456814	219	3	0	0	0	0	0	0	0	0	0	0	0	0	0	0	0	3	0	0	0	0	146	68	0	0	0	3	[]	0	0
2	123456814	214	8	0	0	0	0	0	0	0	0	0	0	0	0	0	0	0	5	0	0	0	0	146	68	0	0	0	8	[]	0	0
3	123456814	193	27	2	0	0	0	0	0	0	0	0	0	0	0	0	0	0	9	0	0	0	0	146	68	0	0	0	13	[]	0	2
4	123456814	178	35	9	0	0	0	0	0	0	0	0	0	0	0	0	0	0	15	1	0	0	1	146	68	0	0	0	17	[]	0	2
5	123456814	142	57	22	1	0	0	0	0	0	0	0	0	0	0	0	0	0	18	1	0	0	1	146	68	0	0	0	21	[]	0	5
6	123456814	137	44	37	4	0	0	0	0	0	0	0	0	0	0	0	0	0	19	2	0	1	2	146	68	0	0	0	26	[]	0	9
7	123456814	135	36	41	10	0	0	0	0	0	0	0	0	0	0	0	0	0	22	2	0	1	2	146	68	0	0	0	28	[]	0	9
8	123456814	62	101	47	12	0	0	0	0	0	0	0	0	0	0	0	0	0	25	2	0	2	2	146	68	0	0	0	31	[]	0	10
9	123456814	28	109	64	21	0	0	0	0	0	0	0	0	0	0	0	0	0	28	4	0	2	4	146	68	0	0	0	31	[]	0	11
10	123456814	9	99	81	33	0	0	0	0	0	0	0	0	0	0	0	0	0	30	9	0	2	9	146	68	0	0	0	31	[]	0	12
11	123456814	5	75	96	46	0	0	0	0	0	0	0	0	0	0	0	0	0	30	10	0	2	10	146	68	0	0	0	31	[]	0	12
12	123456814	1	55	107	59	0	0	0	0	0	0	0	0	0	0	0	0	0	30	15	0	2	15	146	68	0	0	0	31	[]	0	12
13	123456814	1	46	102	73	0	0	0	0	0	0	0	0	0	0	0	0	0	31	18	0	2	18	146	68	0	0	0	31	[]	0	12
14	123456814	1	29	108	84	0	0	0	0	0	0	0	0	0	0	0	0	0	33	19	0	3	19	146	68	0	0	0	31	[]	0	12
15	123456814	0	22	98	102	0	0	0	0	0	0	0	0	0	0	0	0	0	34	20	0	3	20	146	68	0	0	0	31	[]	0	12
16	123456814	0	16	95	111	0	0	0	0	0	0	0	0	0	0	0	0	0	37	26	0	5	26	146	68	0	0	0	31	[]	0	12
17	123456814	0	8	87	127	0	0	0	0	0	0	0	0	0	0	0	0	0	38	28	0	5	28	146	68	0	0	0	31	[]	0	12
18	123456814	0	7	69	146	0	0	0	0	0	0	0	0	0	0	0	0	0	40	29	0	5	29	146	68	0	0	0	31	[]	0	12
19	123456814	0	5	63	154	0	0	0	0	0	0	0	0	0	0	0	0	0	42	30	0	6	30	146	68	0	0	0	31	[]	0	11
20	123456814	0	2	54	166	0	0	0	0	0	0	0	0	0	0	0	0	0	45	31	0	6	31	146	68	0	0	0	31	[]	0	11
21	123456814	0	2	44	176	0	0	0	0	0	0	0	0	0	0	0	0	0	47	31	0	7	31	146	68	0	0	0	31	[]	0	10
22	123456814	0	1	41	180	0	0	0	0	0	0	0	0	0	0	0	0	0	51	33	0	7	33	146	68	0	0	0	31	[]	0	11
23	123456814	0	0	39	183	0	0	0	0	0	0	0	0	0	0	0	0	0	52	33	0	8	33	146	68	0	0	0	31	[]	0	11
24	123456814	0	0	34	188	0	0	0	0	0	0	0	0	0	0	0	0	0	55	34	0	8	34	146	68	0	0	0	31	[]	0	11
25	123456814	0	0	29	193	0	0	0	0	0	0	0	0	0	0	0	0	0	57	35	0	8	35	146	68	0	0	0	31	[]	0	10
26	123456814	0	0	26	196	0	0	0	0	0	0	0	0	0	0	0	0	0	58	35	0	8	35	146	68	0	0	0	31	[]	0	10
27	123456814	0	0	23	199	0	0	0	0	0	0	0	0	0	0	0	0	0	59	36	0	8	36	146	68	0	0	0	31	[]	0	10
28	123456814	0	0	21	201	0	0	0	0	0	0	0	0	0	0	0	0	0	60	36	0	8	36	146	68	0	0	0	31	[]	0	9
29	123456814	0	0	18	204	0	0	0	0	0	0	0	0	0	0	0	0	0	60	36	0	8	36	146	68	0	0	0	31	[]	0	8
30	123456814	0	0	15	207	0	0	0	0	0	0	0	0	0	0	0	0	0	60	37	0	8	37	146	68	0	0	0	31	[]	0	8
31	123456814	0	0	15	207	0	0	0	0	0	0	0	0	0	0	0	0	0	62	37	0	9	37	146	68	0	0	0	31	[]	0	8
32	123456814	0	0	14	208	0	0	0	0	0	0	0	0	0	0	0	0	0	64	37	0	9	37	146	68	0	0	0	31	[]	0	8
33	123456814	0	0	12	210	0	0	0	0	0	0	0	0	0	0	0	0	0	65	38	0	9	38	146	68	0	0	0	31	[]	0	7
34	123456814	0	0	11	211	0	0	0	0	0	0	0	0	0	0	0	0	0	66	38	0	9	38	146	68	0	0	0	31	[]	0	7
35	123456814	0	0	11	211	0	0	0	0	0	0	0	0	0	0	0	0	0	67	38	0	9	38	146	68	0	0	0	31	[]	0	7
36	123456814	0	0	11	211	0	0	0	0	0	0	0	0	0	0	0	0	0	70	38	0	9	38	146	68	0	0	0	31	[]	0	7
37	123456814	0	0	9	213	0	0	0	0	0	0	0	0	0	0	0	0	0	70	39	0	9	39	146	68	0	0	0	31	[]	0	6
38	123456814	0	0	8	214	0	0	0	0	0	0	0	0	0	0	0	0	0	72	40	0	9	40	146	68	0	0	0	31	[]	0	6
39	123456814	0	0	8	214	0	0	0	0	0	0	0	0	0	0	0	0	0	73	40	0	9	40	146	68	0	0	0	31	[]	0	6
40	123456814	0	0	8	214	0	0	0	0	0	0	0	0	0	0	0	0	0	74	40	0	9	40	146	68	0	0	0	31	[]	0	6
41	123456814	0	0	8	214	0	0	0	0	0	0	0	0	0	0	0	0	0	75	40	0	9	40	146	68	0	0	0	31	[]	0	6
42	123456814	0	0	7	215	0	0	0	0	0	0	0	0	0	0	0	0	0	78	40	0	9	40	146	68	0	0	0	31	[]	0	6
43	123456814	0	0	6	216	0	0	0	0	0	0	0	0	0	0	0	0	0	82	40	0	9	40	146	68	0	0	0	31	[]	0	5
44	123456814	0	0	6	216	0	0	0	0	0	0	0	0	0	0	0	0	0	85	40	0	9	40	146	68	0	0	0	31	[]	0	5
45	123456814	0	0	6	216	0	0	0	0	0	0	0	0	0	0	0	0	0	86	40	0	9	40	146	68	0	0	0	31	[]	0	5
46	123456814	0	0	5	217	0	0	0	0	0	0	0	0	0	0	0	0	0	86	40	0	9	40	146	68	0	0	0	31	[]	0	4
47	123456814	0	0	4	218	0	0	0	0	0	0	0	0	0	0	0	0	0	86	40	0	9	40	146	68	0	0	0	31	[]	0	3
48	123456814	0	0	4	218	0	0	0	0	0	0	0	0	0	0	0	0	0	90	40	0	9	40	146	68	0	0	0	31	[]	0	3
49	123456814	0	0	3	219	0	0	0	0	0	0	0	0	0	0	0	0	0	90	40	0	9	40	146	68	0	0	0	31	[]	0	3
50	123456814	0	0	3	219	0	0	0	0	0	0	0	0	0	0	0	0	0	92	40	0	9	40	146	68	0	0	0	31	[]	0	3
51	123456814	0	0	3	219	0	0	0	0	0	0	0	0	0	0	0	0	0	92	40	0	9	40	146	68	0	0	0	31	[]	0	3
52	123456814	0	0	3	219	0	0	0	0	0	0	0	0	0	0	0	0	0	95	40	0	9	40	146	68	0	0	0	31	[]	0	3
53	123456814	0	0	3	219	0	0	0	0	0	0	0	0	0	0	0	0	0	96	40	0	9	40	146	68	0	0	0	31	[]	0	3
54	123456814	0	0	3	219	0	0	0	0	0	0	0	0	0	0	0	0	0	102	40	0	9	40	146	68	0	0	0	31	[]	0	3
55	123456814	0	0	3	219	0	0	0	0	0	0	0	0	0	0	0	0	0	104	40	0	9	40	146	68	0	0	0	31	[]	0	3
56	123456814	0	0	3	219	0	0	0	0	0	0	0	0	0	0	0	0	0	104	40	0	9	40	146	68	0	0	0	31	[]	0	3
57	123456814	0	0	2	220	0	0	0	0	0	0	0	0	0	0	0	0	0	106	40	0	9	40	146	68	0	0	0	31	[]	0	2
58	123456814	0	0	2	220	0	0	0	0	0	0	0	0	0	0	0	0	0	108	40	0	9	40	146	68	0	0	0	31	[]	0	2
59	123456814	0	0	1	221	0	0	0	0	0	0	0	0	0	0	0	0	0	113	40	0	9	40	146	68	0	0	0	31	[]	0	1
60	123456814	0	0	1	221	0	0	0	0	0	0	0	0	0	0	0	0	0	113	40	0	9	40	146	68	0	0	0	31	[]	0	1
