day	seedRun	susceptible	exposed	infected	removed	susceptible-in-quarantine	exposed-in-quarantine	infected-in-quarantine	removed-in-quarantine	susceptible-in-quarantine-external-1	exposed-in-quarantine-external-1	infected-in-quarantine-external-1	removed-in-quarantine-external-1	susceptible-in-quarantine-external-2	exposed-in-quarantine-external-2	infected-in-quarantine-external-2	removed-in-quarantine-external-2	num-of-screened-agents	num-of-screened-agents-external-1	num-of-screened-agents-external-2	num-of-positive-agents	num-of-positive-agents-external-1	num-of-positive-agents-external-2	num-vaccinated	num-immunized	num-immunized-in-quarantine	num-immunized-in-quarantine-external-1	num-immunized-in-quarantine-external-2	num-infected-outside	classroom-in-quarantine	num-of-classroom-in-quarantine	classroom-with-at-least-one-infected
0	123457068	187	0	0	0	0	0	0	0	0	0	0	0	0	0	0	0	0	0	0	0	0	0	218	103	0	0	0	0	[]	0	0
1	123457068	181	6	0	0	0	0	0	0	0	0	0	0	0	0	0	0	60	3	0	0	0	0	218	103	0	0	0	6	[]	0	0
2	123457068	165	21	1	0	0	0	0	0	0	0	0	0	0	0	0	0	60	5	0	0	0	0	218	103	0	0	0	14	[]	0	1
3	123457068	128	53	6	0	0	0	0	0	0	0	0	0	0	0	0	0	60	6	0	0	0	0	218	103	0	0	0	25	[]	0	4
4	123457068	95	64	11	0	0	8	6	1	0	0	1	0	0	0	1	0	98	9	1	6	1	1	218	97	6	0	0	29	[1D]	1	7
5	123457068	61	70	23	0	1	14	13	2	0	0	0	1	0	0	2	0	117	11	2	11	1	2	218	93	10	0	0	33	[1D 3A]	2	8
6	123457068	60	32	28	2	1	26	30	2	0	0	0	1	0	0	5	0	174	11	5	27	1	5	218	84	19	0	0	34	[1D 3A 2B 2A]	4	10
7	123457068	58	21	36	7	1	18	36	4	0	0	0	1	0	0	4	1	174	12	5	27	1	5	218	84	19	0	0	36	[1D 3A 2B 2A]	4	11
8	123457068	39	22	14	3	2	24	61	16	0	0	0	1	0	0	4	1	287	14	5	47	1	5	218	65	38	0	0	38	[1D 3A 2B 2A 1A 1B 2C]	7	12
9	123457068	23	34	18	3	2	18	59	24	0	0	0	1	0	0	4	1	287	15	5	47	1	5	218	65	38	0	0	42	[1D 3A 2B 2A 1A 1B 2C]	7	12
10	123457068	7	36	27	8	2	12	57	32	0	0	0	1	0	0	2	3	287	16	5	47	1	5	218	65	38	0	0	42	[1D 3A 2B 2A 1A 1B 2C]	7	12
11	123457068	1	14	28	7	6	19	65	40	0	0	0	1	0	0	2	4	323	16	6	56	1	6	218	56	47	0	0	42	[1D 3A 2B 2A 1A 1B 2C 3C 2D]	9	12
12	123457068	1	5	9	4	6	18	70	56	0	0	2	1	0	2	8	5	361	18	7	69	3	7	218	31	65	0	7	42	[1D 3A 2B 2A 1A 1B 2C 3C 2D 3B 3D 1C]	12	12
13	123457068	1	4	8	6	6	12	64	68	0	0	1	2	0	0	9	6	361	18	7	69	3	7	218	31	65	0	7	42	[1D 3A 2B 2A 1A 1B 2C 3C 2D 3B 3D 1C]	12	12
14	123457068	1	4	7	21	6	6	52	73	0	0	1	2	0	0	6	8	361	19	7	69	3	7	218	37	59	0	7	42	[3A 2B 2A 1A 1B 2C 3C 2D 3B 3D 1C]	11	11
15	123457068	1	5	7	36	5	3	44	70	0	0	1	2	0	0	3	10	371	19	7	69	3	7	218	41	55	0	7	43	[2B 2A 1A 1B 2C 3C 2D 3B 3D 1C]	10	10
16	123457068	1	4	7	68	5	2	33	53	0	0	1	2	0	0	3	8	371	19	7	69	3	7	218	50	46	0	7	43	[1A 1B 2C 3C 2D 3B 3D 1C]	8	8
17	123457068	1	3	7	69	5	0	33	55	0	0	1	2	0	0	3	8	371	19	7	69	3	7	218	50	46	0	7	43	[1A 1B 2C 3C 2D 3B 3D 1C]	8	9
18	123457068	2	3	7	109	4	0	18	31	0	0	1	1	0	0	2	9	371	19	7	69	3	7	218	69	27	0	7	43	[3C 2D 3B 3D 1C]	5	6
19	123457068	1	3	6	111	4	0	14	35	0	0	1	1	0	0	2	9	371	19	7	69	3	7	218	69	27	0	7	43	[3C 2D 3B 3D 1C]	5	5
20	123457068	1	3	3	114	4	0	12	37	0	0	1	1	0	0	2	9	371	21	7	69	3	7	218	69	27	0	7	43	[3C 2D 3B 3D 1C]	5	5
21	123457068	5	2	3	141	0	0	2	22	0	0	1	1	0	0	1	9	390	21	8	69	3	8	218	78	18	0	7	43	[3B 3D 1C]	3	3
22	123457068	5	2	3	176	0	0	0	0	0	0	0	0	0	0	1	0	450	22	8	69	3	8	218	103	0	0	0	43	[]	0	1
23	123457068	5	2	3	176	0	0	0	0	0	0	0	0	0	0	1	0	450	26	8	69	3	8	218	103	0	0	0	43	[]	0	1
24	123457068	5	2	2	177	0	0	0	0	0	0	0	0	0	0	1	0	450	29	8	69	3	8	218	103	0	0	0	43	[]	0	1
25	123457068	4	3	2	177	0	0	0	0	0	0	0	0	0	0	1	0	450	31	8	69	3	8	218	103	0	0	0	44	[]	0	1
26	123457068	3	1	5	177	0	0	0	0	0	0	0	0	0	0	1	0	469	34	8	69	3	8	218	103	0	0	0	44	[]	0	2
27	123457068	3	1	5	177	0	0	0	0	0	0	0	0	0	0	1	0	469	35	8	69	3	8	218	103	0	0	0	44	[]	0	2
28	123457068	3	1	5	177	0	0	0	0	0	0	0	0	0	0	1	0	469	38	8	69	3	8	218	103	0	0	0	44	[]	0	2
29	123457068	3	1	4	178	0	0	0	0	0	0	0	0	0	0	1	0	529	39	8	69	3	8	218	103	0	0	0	44	[]	0	1
30	123457068	3	1	4	178	0	0	0	0	0	0	0	0	0	0	1	0	529	40	8	69	3	8	218	103	0	0	0	44	[]	0	1
31	123457068	3	1	4	179	0	0	0	0	0	0	0	0	0	0	0	0	529	42	8	69	3	8	218	103	0	0	0	44	[]	0	0
32	123457068	3	1	2	181	0	0	0	0	0	0	0	0	0	0	0	0	529	44	8	69	3	8	218	103	0	0	0	44	[]	0	0
33	123457068	3	1	2	181	0	0	0	0	0	0	0	0	0	0	0	0	529	45	8	69	3	8	218	103	0	0	0	44	[]	0	0
34	123457068	3	0	3	181	0	0	0	0	0	0	0	0	0	0	0	0	529	45	8	69	3	8	218	103	0	0	0	44	[]	0	1
35	123457068	3	0	3	181	0	0	0	0	0	0	0	0	0	0	0	0	529	46	8	69	3	8	218	103	0	0	0	44	[]	0	1
36	123457068	3	0	0	183	0	0	0	0	0	0	0	0	0	0	1	0	607	47	9	69	3	9	218	103	0	0	0	44	[]	0	1
37	123457068	3	0	0	183	0	0	0	0	0	0	0	0	0	0	1	0	607	53	9	69	3	9	218	103	0	0	0	44	[]	0	1
38	123457068	3	0	0	183	0	0	0	0	0	0	0	0	0	0	1	0	607	55	9	69	3	9	218	103	0	0	0	44	[]	0	1
39	123457068	3	0	0	183	0	0	0	0	0	0	0	0	0	0	1	0	607	56	9	69	3	9	218	103	0	0	0	44	[]	0	1
40	123457068	2	1	0	183	0	0	0	0	0	0	0	0	0	0	1	0	607	58	9	69	3	9	218	103	0	0	0	45	[]	0	1
41	123457068	2	1	0	183	0	0	0	0	0	0	0	0	0	0	1	0	607	61	9	69	3	9	218	103	0	0	0	45	[]	0	1
42	123457068	1	2	0	183	0	0	0	0	0	0	0	0	0	0	1	0	607	64	9	69	3	9	218	103	0	0	0	46	[]	0	1
43	123457068	1	2	0	183	0	0	0	0	0	0	0	0	0	0	1	0	666	68	9	69	3	9	218	103	0	0	0	46	[]	0	1
44	123457068	1	2	0	183	0	0	0	0	0	0	0	0	0	0	1	0	666	70	9	69	3	9	218	103	0	0	0	46	[]	0	1
45	123457068	1	1	1	183	0	0	0	0	0	0	0	0	0	0	1	0	666	70	9	69	3	9	218	103	0	0	0	46	[]	0	1
46	123457068	1	1	1	184	0	0	0	0	0	0	0	0	0	0	0	0	666	72	9	69	3	9	218	103	0	0	0	46	[]	0	0
47	123457068	1	1	1	184	0	0	0	0	0	0	0	0	0	0	0	0	666	73	9	69	3	9	218	103	0	0	0	46	[]	0	0
48	123457068	1	1	1	184	0	0	0	0	0	0	0	0	0	0	0	0	666	73	9	69	3	9	218	103	0	0	0	46	[]	0	0
49	123457068	1	1	1	184	0	0	0	0	0	0	0	0	0	0	0	0	666	73	9	69	3	9	218	103	0	0	0	46	[]	0	0
50	123457068	1	1	1	184	0	0	0	0	0	0	0	0	0	0	0	0	726	73	9	69	3	9	218	103	0	0	0	46	[]	0	0
51	123457068	1	1	1	184	0	0	0	0	0	0	0	0	0	0	0	0	726	74	9	69	3	9	218	103	0	0	0	46	[]	0	0
52	123457068	0	1	2	184	0	0	0	0	0	0	0	0	0	0	0	0	726	76	9	69	3	9	218	103	0	0	0	46	[]	0	1
53	123457068	0	0	3	184	0	0	0	0	0	0	0	0	0	0	0	0	726	77	9	69	3	9	218	103	0	0	0	46	[]	0	1
54	123457068	0	0	1	184	0	0	1	0	0	0	0	0	0	0	1	0	745	78	10	70	3	10	218	103	0	0	0	46	[]	0	1
55	123457068	0	0	1	184	0	0	1	0	0	0	0	0	0	0	1	0	745	81	10	70	3	10	218	103	0	0	0	46	[]	0	1
56	123457068	0	0	0	185	0	0	1	0	0	0	0	0	0	0	1	0	745	81	10	70	3	10	218	103	0	0	0	46	[]	0	1
57	123457068	0	0	0	185	0	0	1	0	0	0	0	0	0	0	1	0	805	83	10	70	3	10	218	103	0	0	0	46	[]	0	1
58	123457068	0	0	0	185	0	0	1	0	0	0	0	0	0	0	1	0	805	84	10	70	3	10	218	103	0	0	0	46	[]	0	1
59	123457068	0	0	0	185	0	0	0	1	0	0	0	0	0	0	1	0	805	85	10	70	3	10	218	103	0	0	0	46	[]	0	1
60	123457068	0	0	0	185	0	0	0	1	0	0	0	0	0	0	1	0	805	86	10	70	3	10	218	103	0	0	0	46	[]	0	1
