day	seedRun	susceptible	exposed	infected	removed	susceptible-in-quarantine	exposed-in-quarantine	infected-in-quarantine	removed-in-quarantine	susceptible-in-quarantine-external-1	exposed-in-quarantine-external-1	infected-in-quarantine-external-1	removed-in-quarantine-external-1	susceptible-in-quarantine-external-2	exposed-in-quarantine-external-2	infected-in-quarantine-external-2	removed-in-quarantine-external-2	num-of-screened-agents	num-of-screened-agents-external-1	num-of-screened-agents-external-2	num-of-positive-agents	num-of-positive-agents-external-1	num-of-positive-agents-external-2	num-vaccinated	num-immunized	num-immunized-in-quarantine	num-immunized-in-quarantine-external-1	num-immunized-in-quarantine-external-2	num-infected-outside	classroom-in-quarantine	num-of-classroom-in-quarantine	classroom-with-at-least-one-infected
0	123457021	238	0	0	0	0	0	0	0	0	0	0	0	0	0	0	0	0	0	0	0	0	0	74	52	0	0	0	0	[]	0	0
1	123457021	227	11	0	0	0	0	0	0	0	0	0	0	0	0	0	0	0	2	0	0	0	0	74	52	0	0	0	11	[]	0	0
2	123457021	192	42	3	0	0	0	0	0	0	0	0	0	0	0	1	0	0	2	1	0	0	1	74	52	0	0	0	19	[]	0	3
3	123457021	145	77	14	1	0	0	0	0	0	0	0	0	0	0	1	0	0	3	1	0	0	1	74	52	0	0	0	27	[]	0	7
4	123457021	88	109	35	4	0	0	0	0	0	0	0	0	0	0	2	0	0	5	2	0	0	2	74	52	0	0	0	35	[]	0	9
5	123457021	36	122	67	9	0	0	0	0	0	0	0	0	0	0	4	0	0	5	4	0	0	4	74	52	0	0	0	42	[]	0	11
6	123457021	34	84	91	17	0	0	0	0	0	0	1	0	0	0	11	0	0	8	11	0	1	11	74	52	0	0	0	44	[]	0	12
7	123457021	33	59	103	27	0	0	0	0	0	0	2	0	0	0	11	3	0	10	14	0	2	14	74	52	0	0	0	45	[]	0	12
8	123457021	7	73	100	38	0	0	0	0	0	0	3	0	0	0	13	4	0	13	17	0	3	17	74	52	0	0	0	47	[]	0	12
9	123457021	2	54	112	48	0	0	0	0	0	0	3	0	0	0	13	6	0	13	19	0	3	19	74	52	0	0	0	47	[]	0	12
10	123457021	0	39	109	65	0	0	0	0	0	0	3	1	0	0	15	6	0	14	21	0	4	21	74	52	0	0	0	47	[]	0	12
11	123457021	0	24	107	77	0	0	0	0	0	0	4	1	0	0	17	8	0	16	25	0	5	25	74	52	0	0	0	47	[]	0	12
12	123457021	0	17	101	88	0	0	0	0	0	0	5	1	0	0	17	9	0	19	27	0	6	27	74	52	0	0	0	47	[]	0	12
13	123457021	0	13	95	95	0	0	0	0	0	0	4	2	0	0	20	9	0	20	30	0	6	30	74	52	0	0	0	47	[]	0	12
14	123457021	0	10	80	113	0	0	0	0	0	0	3	3	0	0	16	13	0	22	31	0	6	31	74	52	0	0	0	47	[]	0	12
15	123457021	0	9	70	123	0	0	0	0	0	0	1	5	0	0	17	13	0	24	34	0	6	34	74	52	0	0	0	47	[]	0	12
16	123457021	0	4	61	144	0	0	0	0	0	0	1	4	0	0	14	10	0	24	35	0	6	35	74	52	0	0	0	47	[]	0	12
17	123457021	0	4	55	154	0	0	0	0	0	0	1	3	0	0	9	12	0	26	35	0	6	35	74	52	0	0	0	47	[]	0	12
18	123457021	0	3	46	168	0	0	0	0	0	0	1	2	0	0	7	11	0	27	35	0	6	35	74	52	0	0	0	47	[]	0	12
19	123457021	0	2	39	177	0	0	0	0	0	0	1	2	0	0	6	11	0	28	36	0	6	36	74	52	0	0	0	47	[]	0	12
20	123457021	0	1	33	184	0	0	0	0	0	0	1	1	0	0	7	11	0	29	39	0	6	39	74	52	0	0	0	47	[]	0	12
21	123457021	0	1	28	193	0	0	0	0	0	0	2	0	0	0	6	8	0	30	39	0	7	39	74	52	0	0	0	47	[]	0	12
22	123457021	0	1	21	203	0	0	0	0	0	0	1	0	0	0	5	7	0	33	39	0	7	39	74	52	0	0	0	47	[]	0	12
23	123457021	0	1	21	206	0	0	0	0	0	0	1	0	0	0	4	5	0	34	39	0	7	39	74	52	0	0	0	47	[]	0	12
24	123457021	0	1	20	208	0	0	0	0	0	0	0	1	0	0	4	4	0	37	39	0	7	39	74	52	0	0	0	47	[]	0	11
25	123457021	0	1	14	216	0	0	0	0	0	0	0	1	0	0	5	1	0	39	40	0	7	40	74	52	0	0	0	47	[]	0	10
26	123457021	0	0	13	219	0	0	0	0	0	0	0	1	0	0	3	2	0	41	40	0	7	40	74	52	0	0	0	47	[]	0	10
27	123457021	0	0	8	222	0	0	0	0	0	0	1	1	0	0	4	2	0	43	41	0	8	41	74	52	0	0	0	47	[]	0	9
28	123457021	0	0	6	224	0	0	0	0	0	0	1	1	0	0	4	2	0	44	41	0	8	41	74	52	0	0	0	47	[]	0	8
29	123457021	0	0	6	225	0	0	0	0	0	0	1	1	0	0	3	2	0	44	41	0	8	41	74	52	0	0	0	47	[]	0	7
30	123457021	0	0	6	228	0	0	0	0	0	0	1	1	0	0	1	1	0	46	41	0	8	41	74	52	0	0	0	47	[]	0	6
31	123457021	0	0	6	229	0	0	0	0	0	0	1	0	0	0	1	1	0	46	41	0	8	41	74	52	0	0	0	47	[]	0	6
32	123457021	0	0	6	229	0	0	0	0	0	0	0	1	0	0	0	2	0	46	41	0	8	41	74	52	0	0	0	47	[]	0	4
33	123457021	0	0	6	229	0	0	0	0	0	0	0	1	0	0	0	2	0	49	41	0	8	41	74	52	0	0	0	47	[]	0	4
34	123457021	0	0	5	230	0	0	0	0	0	0	0	1	0	0	0	2	0	50	41	0	8	41	74	52	0	0	0	47	[]	0	4
35	123457021	0	0	3	233	0	0	0	0	0	0	0	1	0	0	0	1	0	52	41	0	8	41	74	52	0	0	0	47	[]	0	2
36	123457021	0	0	2	233	0	0	0	0	0	0	0	1	0	0	1	1	0	54	42	0	8	42	74	52	0	0	0	47	[]	0	2
37	123457021	0	0	1	236	0	0	0	0	0	0	0	0	0	0	0	1	0	54	42	0	8	42	74	52	0	0	0	47	[]	0	0
38	123457021	0	0	0	237	0	0	0	0	0	0	0	0	0	0	0	1	0	54	42	0	8	42	74	52	0	0	0	47	[]	0	0
39	123457021	0	0	0	237	0	0	0	0	0	0	0	0	0	0	0	1	0	54	42	0	8	42	74	52	0	0	0	47	[]	0	0
40	123457021	0	0	0	237	0	0	0	0	0	0	0	0	0	0	0	1	0	56	42	0	8	42	74	52	0	0	0	47	[]	0	0
41	123457021	0	0	0	237	0	0	0	0	0	0	0	0	0	0	0	1	0	59	42	0	8	42	74	52	0	0	0	47	[]	0	0
42	123457021	0	0	0	237	0	0	0	0	0	0	0	0	0	0	0	1	0	60	42	0	8	42	74	52	0	0	0	47	[]	0	0
43	123457021	0	0	0	237	0	0	0	0	0	0	0	0	0	0	0	1	0	65	42	0	8	42	74	52	0	0	0	47	[]	0	0
44	123457021	0	0	0	237	0	0	0	0	0	0	0	0	0	0	0	1	0	66	42	0	8	42	74	52	0	0	0	47	[]	0	0
45	123457021	0	0	0	237	0	0	0	0	0	0	0	0	0	0	0	1	0	69	42	0	8	42	74	52	0	0	0	47	[]	0	0
46	123457021	0	0	0	238	0	0	0	0	0	0	0	0	0	0	0	0	0	71	42	0	8	42	74	52	0	0	0	47	[]	0	0
47	123457021	0	0	0	238	0	0	0	0	0	0	0	0	0	0	0	0	0	72	42	0	8	42	74	52	0	0	0	47	[]	0	0
48	123457021	0	0	0	238	0	0	0	0	0	0	0	0	0	0	0	0	0	75	42	0	8	42	74	52	0	0	0	47	[]	0	0
49	123457021	0	0	0	238	0	0	0	0	0	0	0	0	0	0	0	0	0	78	42	0	8	42	74	52	0	0	0	47	[]	0	0
50	123457021	0	0	0	238	0	0	0	0	0	0	0	0	0	0	0	0	0	80	42	0	8	42	74	52	0	0	0	47	[]	0	0
51	123457021	0	0	0	238	0	0	0	0	0	0	0	0	0	0	0	0	0	82	42	0	8	42	74	52	0	0	0	47	[]	0	0
52	123457021	0	0	0	238	0	0	0	0	0	0	0	0	0	0	0	0	0	84	42	0	8	42	74	52	0	0	0	47	[]	0	0
53	123457021	0	0	0	238	0	0	0	0	0	0	0	0	0	0	0	0	0	85	42	0	8	42	74	52	0	0	0	47	[]	0	0
54	123457021	0	0	0	238	0	0	0	0	0	0	0	0	0	0	0	0	0	87	42	0	8	42	74	52	0	0	0	47	[]	0	0
55	123457021	0	0	0	238	0	0	0	0	0	0	0	0	0	0	0	0	0	90	42	0	8	42	74	52	0	0	0	47	[]	0	0
56	123457021	0	0	0	238	0	0	0	0	0	0	0	0	0	0	0	0	0	93	42	0	8	42	74	52	0	0	0	47	[]	0	0
57	123457021	0	0	0	238	0	0	0	0	0	0	0	0	0	0	0	0	0	94	42	0	8	42	74	52	0	0	0	47	[]	0	0
58	123457021	0	0	0	238	0	0	0	0	0	0	0	0	0	0	0	0	0	95	42	0	8	42	74	52	0	0	0	47	[]	0	0
59	123457021	0	0	0	238	0	0	0	0	0	0	0	0	0	0	0	0	0	97	42	0	8	42	74	52	0	0	0	47	[]	0	0
60	123457021	0	0	0	238	0	0	0	0	0	0	0	0	0	0	0	0	0	99	42	0	8	42	74	52	0	0	0	47	[]	0	0
