day	seedRun	susceptible	exposed	infected	removed	susceptible-in-quarantine	exposed-in-quarantine	infected-in-quarantine	removed-in-quarantine	susceptible-in-quarantine-external-1	exposed-in-quarantine-external-1	infected-in-quarantine-external-1	removed-in-quarantine-external-1	susceptible-in-quarantine-external-2	exposed-in-quarantine-external-2	infected-in-quarantine-external-2	removed-in-quarantine-external-2	num-of-screened-agents	num-of-screened-agents-external-1	num-of-screened-agents-external-2	num-of-positive-agents	num-of-positive-agents-external-1	num-of-positive-agents-external-2	num-vaccinated	num-immunized	num-immunized-in-quarantine	num-immunized-in-quarantine-external-1	num-immunized-in-quarantine-external-2	num-infected-outside	classroom-in-quarantine	num-of-classroom-in-quarantine	classroom-with-at-least-one-infected
0	123457044	145	0	0	0	0	0	0	0	0	0	0	0	0	0	0	0	0	0	0	0	0	0	218	145	0	0	0	0	[]	0	0
1	123457044	138	7	0	0	0	0	0	0	0	0	0	0	0	0	0	0	0	1	0	0	0	0	218	145	0	0	0	7	[]	0	0
2	123457044	125	19	1	0	0	0	0	0	0	0	0	0	0	0	0	0	0	1	0	0	0	0	218	145	0	0	0	16	[]	0	1
3	123457044	113	26	6	0	0	0	0	0	0	0	0	0	0	0	0	0	0	2	0	0	0	0	218	145	0	0	0	20	[]	0	4
4	123457044	83	51	11	0	0	0	0	0	0	0	0	0	0	0	0	0	0	5	0	0	0	0	218	145	0	0	0	25	[]	0	5
5	123457044	59	62	22	1	0	0	0	0	0	0	0	0	0	0	1	0	0	5	1	0	0	1	218	145	0	0	0	26	[]	0	9
6	123457044	57	46	31	8	0	0	0	0	0	0	0	0	0	0	3	0	0	5	3	0	0	3	218	145	0	0	0	28	[]	0	11
7	123457044	53	32	42	13	0	0	0	0	0	0	1	0	0	0	4	0	0	8	4	0	1	4	218	145	0	0	0	32	[]	0	11
8	123457044	30	48	43	19	0	0	0	0	0	0	1	0	0	0	4	0	0	11	4	0	1	4	218	145	0	0	0	34	[]	0	12
9	123457044	21	40	55	23	0	0	0	0	0	0	1	0	0	0	5	0	0	15	5	0	1	5	218	145	0	0	0	35	[]	0	12
10	123457044	20	30	57	28	0	0	0	0	0	0	1	0	0	0	8	1	0	17	9	0	1	9	218	145	0	0	0	36	[]	0	12
11	123457044	19	23	54	34	0	0	0	0	0	0	3	0	0	0	11	1	0	20	12	0	3	12	218	145	0	0	0	37	[]	0	12
12	123457044	16	19	54	40	0	0	0	0	0	0	3	0	0	0	10	3	0	21	13	0	3	13	218	145	0	0	0	40	[]	0	12
13	123457044	15	16	40	50	0	0	0	0	0	0	4	0	0	0	15	5	0	24	20	0	4	20	218	145	0	0	0	41	[]	0	12
14	123457044	14	15	36	55	0	0	0	0	0	0	4	0	0	0	13	8	0	28	21	0	4	21	218	145	0	0	0	42	[]	0	12
15	123457044	13	11	36	61	0	0	0	0	0	0	3	1	0	0	12	8	0	28	21	0	4	21	218	145	0	0	0	42	[]	0	12
16	123457044	8	15	32	67	0	0	0	0	0	0	3	1	0	0	10	9	0	31	22	0	4	22	218	145	0	0	0	42	[]	0	12
17	123457044	3	15	30	75	0	0	0	0	0	0	2	1	0	0	8	11	0	32	23	0	4	23	218	145	0	0	0	43	[]	0	12
18	123457044	1	12	30	79	0	0	0	0	0	0	2	1	0	0	9	11	0	34	24	0	4	24	218	145	0	0	0	43	[]	0	12
19	123457044	1	9	30	81	0	0	0	0	0	0	2	1	0	0	8	13	0	35	26	0	4	26	218	145	0	0	0	43	[]	0	12
20	123457044	1	7	28	88	0	0	0	0	0	0	2	1	0	0	5	13	0	37	27	0	4	27	218	145	0	0	0	43	[]	0	12
21	123457044	1	4	23	99	0	0	0	0	0	0	0	1	0	0	6	11	0	37	29	0	4	29	218	145	0	0	0	43	[]	0	10
22	123457044	1	3	20	102	0	0	0	0	0	0	0	1	0	0	7	11	0	38	31	0	4	31	218	145	0	0	0	43	[]	0	10
23	123457044	1	2	17	113	0	0	0	0	0	0	0	0	0	0	6	6	0	40	32	0	4	32	218	145	0	0	0	43	[]	0	8
24	123457044	1	1	14	118	0	0	0	0	0	0	0	0	0	0	4	7	0	44	32	0	4	32	218	145	0	0	0	43	[]	0	8
25	123457044	1	1	13	119	0	0	0	0	0	0	0	0	0	0	3	8	0	45	32	0	4	32	218	145	0	0	0	43	[]	0	7
26	123457044	1	1	10	123	0	0	0	0	0	0	0	0	0	0	3	7	0	46	32	0	4	32	218	145	0	0	0	43	[]	0	7
27	123457044	1	1	10	124	0	0	0	0	0	0	0	0	0	0	2	7	0	48	32	0	4	32	218	145	0	0	0	43	[]	0	7
28	123457044	1	1	9	126	0	0	0	0	0	0	0	0	0	0	2	6	0	48	32	0	4	32	218	145	0	0	0	43	[]	0	6
29	123457044	1	1	8	128	0	0	0	0	0	0	0	0	0	0	3	4	0	52	33	0	4	33	218	145	0	0	0	43	[]	0	6
30	123457044	0	1	7	131	0	0	0	0	0	0	0	0	0	0	2	4	0	55	33	0	4	33	218	145	0	0	0	44	[]	0	7
31	123457044	0	1	5	135	0	0	0	0	0	0	0	0	0	0	2	2	0	55	33	0	4	33	218	145	0	0	0	44	[]	0	5
32	123457044	0	1	4	138	0	0	0	0	0	0	0	0	0	0	1	1	0	56	33	0	4	33	218	145	0	0	0	44	[]	0	4
33	123457044	0	1	4	139	0	0	0	0	0	0	0	0	0	0	1	0	0	57	33	0	4	33	218	145	0	0	0	44	[]	0	4
34	123457044	0	1	4	139	0	0	0	0	0	0	0	0	0	0	1	0	0	58	33	0	4	33	218	145	0	0	0	44	[]	0	4
35	123457044	0	1	4	139	0	0	0	0	0	0	0	0	0	0	1	0	0	60	33	0	4	33	218	145	0	0	0	44	[]	0	4
36	123457044	0	1	4	139	0	0	0	0	0	0	0	0	0	0	1	0	0	61	33	0	4	33	218	145	0	0	0	44	[]	0	4
37	123457044	0	1	4	139	0	0	0	0	0	0	0	0	0	0	1	0	0	62	33	0	4	33	218	145	0	0	0	44	[]	0	4
38	123457044	0	1	4	139	0	0	0	0	0	0	0	0	0	0	1	0	0	63	33	0	4	33	218	145	0	0	0	44	[]	0	4
39	123457044	0	0	5	140	0	0	0	0	0	0	0	0	0	0	0	0	0	64	33	0	4	33	218	145	0	0	0	44	[]	0	3
40	123457044	0	0	4	141	0	0	0	0	0	0	0	0	0	0	0	0	0	67	33	0	4	33	218	145	0	0	0	44	[]	0	2
41	123457044	0	0	4	141	0	0	0	0	0	0	0	0	0	0	0	0	0	68	33	0	4	33	218	145	0	0	0	44	[]	0	2
42	123457044	0	0	3	142	0	0	0	0	0	0	0	0	0	0	0	0	0	68	33	0	4	33	218	145	0	0	0	44	[]	0	1
43	123457044	0	0	3	142	0	0	0	0	0	0	0	0	0	0	0	0	0	69	33	0	4	33	218	145	0	0	0	44	[]	0	1
44	123457044	0	0	2	143	0	0	0	0	0	0	0	0	0	0	0	0	0	70	33	0	4	33	218	145	0	0	0	44	[]	0	0
45	123457044	0	0	1	144	0	0	0	0	0	0	0	0	0	0	0	0	0	72	33	0	4	33	218	145	0	0	0	44	[]	0	0
46	123457044	0	0	1	144	0	0	0	0	0	0	0	0	0	0	0	0	0	73	33	0	4	33	218	145	0	0	0	44	[]	0	0
47	123457044	0	0	1	144	0	0	0	0	0	0	0	0	0	0	0	0	0	78	33	0	4	33	218	145	0	0	0	44	[]	0	0
48	123457044	0	0	1	144	0	0	0	0	0	0	0	0	0	0	0	0	0	79	33	0	4	33	218	145	0	0	0	44	[]	0	0
49	123457044	0	0	1	144	0	0	0	0	0	0	0	0	0	0	0	0	0	80	33	0	4	33	218	145	0	0	0	44	[]	0	0
50	123457044	0	0	1	144	0	0	0	0	0	0	0	0	0	0	0	0	0	81	33	0	4	33	218	145	0	0	0	44	[]	0	0
51	123457044	0	0	0	145	0	0	0	0	0	0	0	0	0	0	0	0	0	84	33	0	4	33	218	145	0	0	0	44	[]	0	0
52	123457044	0	0	0	145	0	0	0	0	0	0	0	0	0	0	0	0	0	87	33	0	4	33	218	145	0	0	0	44	[]	0	0
53	123457044	0	0	0	145	0	0	0	0	0	0	0	0	0	0	0	0	0	88	33	0	4	33	218	145	0	0	0	44	[]	0	0
54	123457044	0	0	0	145	0	0	0	0	0	0	0	0	0	0	0	0	0	90	33	0	4	33	218	145	0	0	0	44	[]	0	0
55	123457044	0	0	0	145	0	0	0	0	0	0	0	0	0	0	0	0	0	91	33	0	4	33	218	145	0	0	0	44	[]	0	0
56	123457044	0	0	0	145	0	0	0	0	0	0	0	0	0	0	0	0	0	93	33	0	4	33	218	145	0	0	0	44	[]	0	0
57	123457044	0	0	0	145	0	0	0	0	0	0	0	0	0	0	0	0	0	96	33	0	4	33	218	145	0	0	0	44	[]	0	0
58	123457044	0	0	0	145	0	0	0	0	0	0	0	0	0	0	0	0	0	98	33	0	4	33	218	145	0	0	0	44	[]	0	0
59	123457044	0	0	0	145	0	0	0	0	0	0	0	0	0	0	0	0	0	102	33	0	4	33	218	145	0	0	0	44	[]	0	0
60	123457044	0	0	0	145	0	0	0	0	0	0	0	0	0	0	0	0	0	103	33	0	4	33	218	145	0	0	0	44	[]	0	0
