day	seedRun	susceptible	exposed	infected	removed	susceptible-in-quarantine	exposed-in-quarantine	infected-in-quarantine	removed-in-quarantine	susceptible-in-quarantine-external-1	exposed-in-quarantine-external-1	infected-in-quarantine-external-1	removed-in-quarantine-external-1	susceptible-in-quarantine-external-2	exposed-in-quarantine-external-2	infected-in-quarantine-external-2	removed-in-quarantine-external-2	num-of-screened-agents	num-of-screened-agents-external-1	num-of-screened-agents-external-2	num-of-positive-agents	num-of-positive-agents-external-1	num-of-positive-agents-external-2	num-vaccinated	num-immunized	num-immunized-in-quarantine	num-immunized-in-quarantine-external-1	num-immunized-in-quarantine-external-2	num-infected-outside	classroom-in-quarantine	num-of-classroom-in-quarantine	classroom-with-at-least-one-infected
0	123456921	138	0	0	0	0	0	0	0	0	0	0	0	0	0	0	0	0	0	0	0	0	0	218	152	0	0	0	0	[]	0	0
1	123456921	135	3	0	0	0	0	0	0	0	0	0	0	0	0	0	0	0	3	0	0	0	0	218	152	0	0	0	3	[]	0	0
2	123456921	126	12	0	0	0	0	0	0	0	0	0	0	0	0	0	0	0	5	0	0	0	0	218	152	0	0	0	12	[]	0	0
3	123456921	105	28	5	0	0	0	0	0	0	0	0	0	0	0	0	0	0	5	0	0	0	0	218	152	0	0	0	18	[]	0	4
4	123456921	76	50	11	1	0	0	0	0	0	0	0	0	0	0	0	0	0	9	0	0	0	0	218	152	0	0	0	22	[]	0	5
5	123456921	52	65	17	3	0	0	0	0	0	0	0	0	0	0	1	0	0	13	1	0	0	1	218	152	0	0	0	25	[]	0	8
6	123456921	48	47	37	4	0	0	0	0	0	0	0	0	0	0	2	0	0	14	2	0	0	2	218	152	0	0	0	29	[]	0	10
7	123456921	46	37	46	7	0	0	0	0	0	0	0	0	0	0	2	0	0	15	2	0	0	2	218	152	0	0	0	31	[]	0	10
8	123456921	28	46	50	10	0	0	0	0	0	0	1	0	0	0	3	0	0	17	3	0	1	3	218	152	0	0	0	35	[]	0	11
9	123456921	18	47	51	17	0	0	0	0	0	0	1	1	0	0	3	0	0	18	3	0	2	3	218	152	0	0	0	37	[]	0	11
10	123456921	11	37	57	26	0	0	0	0	0	0	1	1	0	0	5	0	0	18	5	0	2	5	218	152	0	0	0	39	[]	0	12
11	123456921	7	32	51	38	0	0	0	0	0	0	1	1	0	0	8	0	0	18	8	0	2	8	218	152	0	0	0	40	[]	0	12
12	123456921	7	22	56	43	0	0	0	0	0	0	1	1	0	0	8	0	0	20	8	0	2	8	218	152	0	0	0	40	[]	0	12
13	123456921	6	21	53	46	0	0	0	0	0	0	1	1	0	0	10	0	0	21	10	0	2	10	218	152	0	0	0	41	[]	0	12
14	123456921	6	16	45	58	0	0	0	0	0	0	0	2	0	0	11	0	0	22	11	0	2	11	218	152	0	0	0	41	[]	0	12
15	123456921	6	10	44	66	0	0	0	0	0	0	0	2	0	0	8	2	0	25	11	0	2	11	218	152	0	0	0	41	[]	0	11
16	123456921	6	6	40	74	0	0	0	0	0	0	0	2	0	0	7	3	0	28	12	0	2	12	218	152	0	0	0	41	[]	0	10
17	123456921	6	3	37	78	0	0	0	0	0	0	0	2	0	0	8	4	0	31	14	0	2	14	218	152	0	0	0	41	[]	0	10
18	123456921	6	1	34	83	0	0	0	0	0	0	0	1	0	0	9	4	0	33	16	0	2	16	218	152	0	0	0	41	[]	0	10
19	123456921	6	1	25	93	0	0	0	0	0	0	0	0	0	0	7	6	0	33	16	0	2	16	218	152	0	0	0	41	[]	0	9
20	123456921	5	1	21	99	0	0	0	0	0	0	0	0	0	0	7	5	0	34	17	0	2	17	218	152	0	0	0	42	[]	0	9
21	123456921	5	1	20	103	0	0	0	0	0	0	0	0	0	0	6	3	0	36	17	0	2	17	218	152	0	0	0	42	[]	0	8
22	123456921	5	0	14	107	0	0	0	0	0	0	0	0	0	0	8	4	0	40	20	0	2	20	218	152	0	0	0	42	[]	0	7
23	123456921	5	0	14	109	0	0	0	0	0	0	0	0	0	0	6	4	0	40	20	0	2	20	218	152	0	0	0	42	[]	0	6
24	123456921	4	1	12	111	0	0	0	0	0	0	0	0	0	0	6	4	0	41	21	0	2	21	218	152	0	0	0	43	[]	0	6
25	123456921	4	0	9	115	0	0	0	0	0	0	0	0	0	0	6	4	0	42	21	0	2	21	218	152	0	0	0	43	[]	0	6
26	123456921	4	0	9	116	0	0	0	0	0	0	0	0	0	0	5	4	0	45	21	0	2	21	218	152	0	0	0	43	[]	0	6
27	123456921	4	0	6	120	0	0	0	0	0	0	0	0	0	0	6	2	0	46	22	0	2	22	218	152	0	0	0	43	[]	0	6
28	123456921	4	0	4	124	0	0	0	0	0	0	0	0	0	0	4	2	0	46	22	0	2	22	218	152	0	0	0	43	[]	0	5
29	123456921	4	0	4	124	0	0	0	0	0	0	0	0	0	0	3	3	0	48	22	0	2	22	218	152	0	0	0	43	[]	0	4
30	123456921	4	0	3	126	0	0	0	0	0	0	0	0	0	0	1	4	0	48	22	0	2	22	218	152	0	0	0	43	[]	0	3
31	123456921	4	0	2	127	0	0	0	0	0	0	0	0	0	0	1	4	0	49	22	0	2	22	218	152	0	0	0	43	[]	0	2
32	123456921	4	0	2	130	0	0	0	0	0	0	0	0	0	0	1	1	0	53	22	0	2	22	218	152	0	0	0	43	[]	0	2
33	123456921	4	0	2	130	0	0	0	0	0	0	0	0	0	0	1	1	0	54	22	0	2	22	218	152	0	0	0	43	[]	0	2
34	123456921	4	0	1	131	0	0	0	0	0	0	1	0	0	0	0	1	0	59	22	0	3	22	218	152	0	0	0	43	[]	0	1
35	123456921	4	0	1	131	0	0	0	0	0	0	1	0	0	0	0	1	0	61	22	0	3	22	218	152	0	0	0	43	[]	0	1
36	123456921	4	0	1	131	0	0	0	0	0	0	1	0	0	0	0	1	0	64	22	0	3	22	218	152	0	0	0	43	[]	0	1
37	123456921	4	0	1	132	0	0	0	0	0	0	1	0	0	0	0	0	0	67	22	0	3	22	218	152	0	0	0	43	[]	0	1
38	123456921	3	1	0	133	0	0	0	0	0	0	1	0	0	0	0	0	0	70	22	0	3	22	218	152	0	0	0	44	[]	0	1
39	123456921	3	1	0	133	0	0	0	0	0	0	1	0	0	0	0	0	0	70	22	0	3	22	218	152	0	0	0	44	[]	0	1
40	123456921	2	2	0	133	0	0	0	0	0	0	1	0	0	0	0	0	0	71	22	0	3	22	218	152	0	0	0	45	[]	0	1
41	123456921	2	2	0	133	0	0	0	0	0	0	1	0	0	0	0	0	0	73	22	0	3	22	218	152	0	0	0	45	[]	0	1
42	123456921	2	0	2	133	0	0	0	0	0	0	1	0	0	0	0	0	0	75	22	0	3	22	218	152	0	0	0	45	[]	0	2
43	123456921	1	1	2	133	0	0	0	0	0	0	1	0	0	0	0	0	0	77	22	0	3	22	218	152	0	0	0	45	[]	0	2
44	123456921	0	2	2	134	0	0	0	0	0	0	0	0	0	0	0	0	0	79	22	0	3	22	218	152	0	0	0	45	[]	0	1
45	123456921	0	2	2	134	0	0	0	0	0	0	0	0	0	0	0	0	0	82	22	0	3	22	218	152	0	0	0	45	[]	0	1
46	123456921	0	2	2	134	0	0	0	0	0	0	0	0	0	0	0	0	0	86	22	0	3	22	218	152	0	0	0	45	[]	0	1
47	123456921	0	1	1	135	0	0	0	0	0	0	0	0	0	0	1	0	0	87	23	0	3	23	218	152	0	0	0	45	[]	0	1
48	123456921	0	0	2	135	0	0	0	0	0	0	0	0	0	0	1	0	0	87	23	0	3	23	218	152	0	0	0	45	[]	0	1
49	123456921	0	0	2	135	0	0	0	0	0	0	0	0	0	0	1	0	0	89	23	0	3	23	218	152	0	0	0	45	[]	0	1
50	123456921	0	0	2	135	0	0	0	0	0	0	0	0	0	0	1	0	0	90	23	0	3	23	218	152	0	0	0	45	[]	0	1
51	123456921	0	0	0	137	0	0	0	0	0	0	0	0	0	0	1	0	0	90	23	0	3	23	218	152	0	0	0	45	[]	0	1
52	123456921	0	0	0	137	0	0	0	0	0	0	0	0	0	0	1	0	0	92	23	0	3	23	218	152	0	0	0	45	[]	0	1
53	123456921	0	0	0	137	0	0	0	0	0	0	0	0	0	0	0	1	0	95	23	0	3	23	218	152	0	0	0	45	[]	0	0
54	123456921	0	0	0	137	0	0	0	0	0	0	0	0	0	0	0	1	0	95	23	0	3	23	218	152	0	0	0	45	[]	0	0
55	123456921	0	0	0	137	0	0	0	0	0	0	0	0	0	0	0	1	0	100	23	0	3	23	218	152	0	0	0	45	[]	0	0
56	123456921	0	0	0	137	0	0	0	0	0	0	0	0	0	0	0	1	0	102	23	0	3	23	218	152	0	0	0	45	[]	0	0
57	123456921	0	0	0	138	0	0	0	0	0	0	0	0	0	0	0	0	0	102	23	0	3	23	218	152	0	0	0	45	[]	0	0
58	123456921	0	0	0	138	0	0	0	0	0	0	0	0	0	0	0	0	0	105	23	0	3	23	218	152	0	0	0	45	[]	0	0
59	123456921	0	0	0	138	0	0	0	0	0	0	0	0	0	0	0	0	0	105	23	0	3	23	218	152	0	0	0	45	[]	0	0
60	123456921	0	0	0	138	0	0	0	0	0	0	0	0	0	0	0	0	0	107	23	0	3	23	218	152	0	0	0	45	[]	0	0
