day	seedRun	susceptible	exposed	infected	removed	susceptible-in-quarantine	exposed-in-quarantine	infected-in-quarantine	removed-in-quarantine	susceptible-in-quarantine-external-1	exposed-in-quarantine-external-1	infected-in-quarantine-external-1	removed-in-quarantine-external-1	susceptible-in-quarantine-external-2	exposed-in-quarantine-external-2	infected-in-quarantine-external-2	removed-in-quarantine-external-2	num-of-screened-agents	num-of-screened-agents-external-1	num-of-screened-agents-external-2	num-of-positive-agents	num-of-positive-agents-external-1	num-of-positive-agents-external-2	num-vaccinated	num-immunized	num-immunized-in-quarantine	num-immunized-in-quarantine-external-1	num-immunized-in-quarantine-external-2	num-infected-outside	classroom-in-quarantine	num-of-classroom-in-quarantine	classroom-with-at-least-one-infected
0	123457165	240	0	0	0	0	0	0	0	0	0	0	0	0	0	0	0	0	0	0	0	0	0	50	50	0	0	0	0	[]	0	0
1	123457165	231	9	0	0	0	0	0	0	0	0	0	0	0	0	0	0	60	1	0	0	0	0	50	50	0	0	0	9	[]	0	0
2	123457165	221	15	4	0	0	0	0	0	0	0	0	0	0	0	0	0	60	1	0	0	0	0	50	50	0	0	0	12	[]	0	4
3	123457165	202	28	9	1	0	0	0	0	0	0	0	0	0	0	0	0	60	1	0	0	0	0	50	50	0	0	0	17	[]	0	6
4	123457165	181	42	15	2	0	0	0	0	0	0	0	0	0	0	0	0	60	2	0	0	0	0	50	50	0	0	0	19	[]	0	8
5	123457165	148	61	27	4	0	0	0	0	0	0	0	0	0	0	0	0	60	3	0	0	0	0	50	50	0	0	0	22	[]	0	8
6	123457165	145	47	40	8	0	0	0	0	0	0	0	0	0	0	0	0	60	5	0	0	0	0	50	50	0	0	0	25	[]	0	10
7	123457165	139	25	46	10	5	4	7	3	0	0	0	0	0	0	1	0	79	5	1	7	0	1	50	50	0	0	0	26	[2C]	1	10
8	123457165	85	8	4	3	54	20	44	20	0	0	1	0	0	0	1	0	205	6	1	35	1	1	50	50	0	0	0	26	[2C 1D 1A 2A 3A 3B 3D]	7	10
9	123457165	75	13	7	5	54	13	46	25	0	0	1	0	0	0	1	0	205	7	1	35	1	1	50	50	0	0	0	28	[2C 1D 1A 2A 3A 3B 3D]	7	10
10	123457165	63	11	3	3	60	12	51	34	0	0	0	1	0	0	2	0	224	7	2	41	1	2	50	50	0	0	0	29	[2C 1D 1A 2A 3A 3B 3D 1C]	8	10
11	123457165	51	5	1	3	69	17	47	43	0	0	0	1	0	0	2	1	243	7	3	44	1	3	50	50	0	0	0	30	[2C 1D 1A 2A 3A 3B 3D 1C 3C]	9	10
12	123457165	49	7	1	3	69	12	47	48	0	0	0	1	0	0	2	1	243	7	3	44	1	3	50	50	0	0	0	31	[2C 1D 1A 2A 3A 3B 3D 1C 3C]	9	10
13	123457165	48	5	4	3	69	6	48	53	0	0	0	1	0	0	2	1	243	7	3	44	1	3	50	50	0	0	0	32	[2C 1D 1A 2A 3A 3B 3D 1C 3C]	9	11
14	123457165	47	4	6	3	69	3	48	56	0	0	0	1	0	0	2	1	243	7	3	44	1	3	50	50	0	0	0	33	[2C 1D 1A 2A 3A 3B 3D 1C 3C]	9	11
15	123457165	42	7	7	4	69	3	39	65	0	0	0	1	0	0	2	1	258	7	3	44	1	3	50	50	0	0	0	35	[2C 1D 1A 2A 3A 3B 3D 1C 3C]	9	11
16	123457165	39	9	7	5	69	1	38	68	0	0	0	1	0	0	1	2	258	7	3	44	1	3	50	50	0	0	0	35	[2C 1D 1A 2A 3A 3B 3D 1C 3C]	9	11
17	123457165	31	14	10	5	69	1	33	73	0	0	0	1	0	0	1	2	258	7	3	44	1	3	50	50	0	0	0	37	[2C 1D 1A 2A 3A 3B 3D 1C 3C]	9	11
18	123457165	25	15	14	6	69	1	31	75	0	0	0	1	0	0	1	2	258	7	3	44	1	3	50	50	0	0	0	38	[2C 1D 1A 2A 3A 3B 3D 1C 3C]	9	11
19	123457165	17	21	15	7	69	0	28	79	0	0	0	1	0	0	0	3	258	8	3	44	1	3	50	50	0	0	0	38	[2C 1D 1A 2A 3A 3B 3D 1C 3C]	9	11
20	123457165	17	15	17	11	69	0	23	84	0	0	0	1	0	0	0	3	258	8	3	44	1	3	50	50	0	0	0	38	[2C 1D 1A 2A 3A 3B 3D 1C 3C]	9	11
21	123457165	22	10	20	28	64	0	18	75	0	0	0	1	0	0	0	2	258	8	3	44	1	3	50	50	0	0	0	38	[1D 1A 2A 3A 3B 3D 1C 3C]	8	10
22	123457165	54	0	0	86	31	9	25	33	0	0	0	0	0	0	0	2	327	10	3	53	1	3	50	50	0	0	0	39	[1C 3C 1B 2B 2D]	5	5
23	123457165	54	0	0	86	31	6	22	39	0	0	0	0	0	0	0	2	327	11	3	53	1	3	50	50	0	0	0	39	[1C 3C 1B 2B 2D]	5	5
24	123457165	60	0	0	100	25	4	17	33	0	0	0	0	0	0	0	1	327	11	3	53	1	3	50	50	0	0	0	39	[3C 1B 2B 2D]	4	3
25	123457165	68	1	0	111	16	2	16	26	0	0	0	0	0	0	0	0	327	12	3	53	1	3	50	50	0	0	0	40	[1B 2B 2D]	3	3
26	123457165	65	4	0	111	16	0	15	29	0	0	0	0	0	0	0	0	327	12	3	53	1	3	50	50	0	0	0	43	[1B 2B 2D]	3	3
27	123457165	65	3	1	111	16	0	15	29	0	0	0	0	0	0	0	0	327	12	3	53	1	3	50	50	0	0	0	43	[1B 2B 2D]	3	4
28	123457165	54	4	0	102	24	1	14	40	0	0	0	0	0	0	1	0	346	12	4	54	1	4	50	50	0	0	0	46	[1B 2B 2D 3B]	4	4
29	123457165	54	4	0	102	24	1	10	44	0	0	0	0	0	0	1	0	386	14	4	54	1	4	50	50	0	0	0	46	[1B 2B 2D 3B]	4	4
30	123457165	51	6	1	102	24	1	10	44	0	0	0	0	0	0	1	0	386	14	4	54	1	4	50	50	0	0	0	46	[1B 2B 2D 3B]	4	5
31	123457165	46	10	2	102	24	1	10	44	0	0	0	0	0	0	1	0	386	14	4	54	1	4	50	50	0	0	0	48	[1B 2B 2D 3B]	4	6
32	123457165	45	10	3	102	24	1	9	45	0	0	0	0	0	0	0	1	386	14	4	54	1	4	50	50	0	0	0	48	[1B 2B 2D 3B]	4	6
33	123457165	44	10	4	102	24	0	8	47	0	0	0	0	0	0	0	1	386	14	4	54	1	4	50	50	0	0	0	48	[1B 2B 2D 3B]	4	6
34	123457165	43	9	6	102	24	0	8	47	0	0	0	0	0	0	0	1	386	14	4	54	1	4	50	50	0	0	0	49	[1B 2B 2D 3B]	4	6
35	123457165	42	8	7	103	24	0	8	47	0	0	0	0	0	0	0	1	386	14	4	54	1	4	50	50	0	0	0	50	[1B 2B 2D 3B]	4	8
36	123457165	40	3	1	116	24	4	9	42	0	0	0	0	0	0	0	1	498	16	4	61	1	4	50	50	0	0	0	52	[3B 1A 3A 3D]	4	5
37	123457165	37	6	1	116	24	3	9	43	0	0	0	0	0	0	0	1	498	17	4	61	1	4	50	50	0	0	0	53	[3B 1A 3A 3D]	4	5
38	123457165	35	7	2	116	24	3	6	46	0	0	0	0	0	0	0	1	498	18	4	61	1	4	50	50	0	0	0	54	[3B 1A 3A 3D]	4	5
39	123457165	34	7	3	116	24	3	5	47	0	0	0	0	0	0	0	1	498	18	4	61	1	4	50	50	0	0	0	54	[3B 1A 3A 3D]	4	6
40	123457165	33	6	5	116	24	3	3	49	0	0	0	0	0	0	0	1	498	19	4	61	1	4	50	50	0	0	0	55	[3B 1A 3A 3D]	4	6
41	123457165	32	4	8	116	24	3	2	50	0	0	0	0	0	0	0	1	498	20	4	61	1	4	50	50	0	0	0	56	[3B 1A 3A 3D]	4	5
42	123457165	38	4	7	131	16	2	3	39	0	0	0	0	0	0	0	0	498	20	4	61	1	4	50	50	0	0	0	58	[1A 3A 3D]	3	8
43	123457165	35	3	5	117	18	1	7	54	0	0	0	0	0	0	0	0	562	20	4	64	1	4	50	50	0	0	0	58	[1A 3A 3D 1C]	4	7
44	123457165	30	7	6	117	18	0	7	55	0	0	0	0	0	0	0	0	562	22	4	64	1	4	50	50	0	0	0	58	[1A 3A 3D 1C]	4	7
45	123457165	25	10	8	117	18	0	5	57	0	0	0	0	0	0	0	0	562	22	4	64	1	4	50	50	0	0	0	59	[1A 3A 3D 1C]	4	8
46	123457165	20	8	12	100	19	0	6	74	0	0	0	0	0	0	1	0	581	22	5	65	1	5	50	50	0	0	0	60	[1A 3A 3D 1C 2C]	5	8
47	123457165	16	8	16	100	19	0	4	76	0	0	0	0	0	0	1	0	581	22	5	65	1	5	50	50	0	0	0	62	[1A 3A 3D 1C 2C]	5	7
48	123457165	13	2	10	95	21	6	7	84	0	0	0	0	0	0	1	1	600	23	6	69	1	6	50	50	0	0	0	63	[1A 3A 3D 1C 2C 2B]	6	6
49	123457165	13	2	2	83	21	6	11	99	0	0	0	0	0	0	2	1	619	23	7	73	1	7	50	50	0	0	0	63	[1A 3A 3D 1C 2C 2B 3C]	7	6
50	123457165	29	2	2	127	5	5	7	60	0	0	0	0	0	0	2	1	659	23	7	73	1	7	50	50	0	0	0	63	[1C 2C 2B 3C]	4	4
51	123457165	28	2	3	127	5	3	8	61	0	0	0	0	0	0	2	1	659	23	7	73	1	7	50	50	0	0	0	63	[1C 2C 2B 3C]	4	5
52	123457165	27	2	4	127	5	3	8	61	0	0	0	0	0	0	2	1	659	24	7	73	1	7	50	50	0	0	0	63	[1C 2C 2B 3C]	4	5
53	123457165	27	2	2	129	5	1	7	64	0	0	0	0	0	0	1	2	659	25	7	73	1	7	50	50	0	0	0	63	[1C 2C 2B 3C]	4	3
54	123457165	26	2	3	129	5	1	7	64	0	0	0	0	0	0	1	2	659	25	7	73	1	7	50	50	0	0	0	63	[1C 2C 2B 3C]	4	4
55	123457165	26	1	3	130	5	1	7	64	0	0	0	0	0	0	1	2	659	26	7	73	1	7	50	50	0	0	0	63	[1C 2C 2B 3C]	4	4
56	123457165	26	1	2	131	5	1	6	65	0	0	0	0	0	0	1	2	659	26	7	73	1	7	50	50	0	0	0	63	[1C 2C 2B 3C]	4	4
57	123457165	28	1	2	149	3	1	6	47	0	0	0	0	0	0	1	2	704	27	7	73	1	7	50	50	0	0	0	63	[2C 2B 3C]	3	4
58	123457165	27	2	1	150	3	0	7	47	0	0	0	0	0	0	1	2	704	27	7	73	1	7	50	50	0	0	0	64	[2C 2B 3C]	3	3
59	123457165	26	2	2	150	3	0	5	49	0	0	0	0	0	0	1	2	704	27	7	73	1	7	50	50	0	0	0	65	[2C 2B 3C]	3	4
60	123457165	26	3	2	169	2	0	3	33	0	0	0	0	0	0	1	1	704	27	7	73	1	7	50	50	0	0	0	65	[2B 3C]	2	4
