day	seedRun	susceptible	exposed	infected	removed	susceptible-in-quarantine	exposed-in-quarantine	infected-in-quarantine	removed-in-quarantine	susceptible-in-quarantine-external-1	exposed-in-quarantine-external-1	infected-in-quarantine-external-1	removed-in-quarantine-external-1	susceptible-in-quarantine-external-2	exposed-in-quarantine-external-2	infected-in-quarantine-external-2	removed-in-quarantine-external-2	num-of-screened-agents	num-of-screened-agents-external-1	num-of-screened-agents-external-2	num-of-positive-agents	num-of-positive-agents-external-1	num-of-positive-agents-external-2	num-vaccinated	num-immunized	num-immunized-in-quarantine	num-immunized-in-quarantine-external-1	num-immunized-in-quarantine-external-2	num-infected-outside	classroom-in-quarantine	num-of-classroom-in-quarantine	classroom-with-at-least-one-infected
0	123457097	263	0	0	0	0	0	0	0	0	0	0	0	0	0	0	0	0	0	0	0	0	0	50	27	0	0	0	0	[]	0	0
1	123457097	257	6	0	0	0	0	0	0	0	0	0	0	0	0	0	0	0	1	0	0	0	0	50	27	0	0	0	6	[]	0	0
2	123457097	254	9	0	0	0	0	0	0	0	0	0	0	0	0	0	0	0	2	0	0	0	0	50	27	0	0	0	9	[]	0	0
3	123457097	220	40	3	0	0	0	0	0	0	0	0	0	0	0	0	0	0	2	0	0	0	0	50	27	0	0	0	15	[]	0	1
4	123457097	176	72	13	1	0	0	0	0	0	0	1	0	0	0	0	0	0	10	0	0	1	0	50	27	0	0	0	23	[]	0	5
5	123457097	133	96	31	1	0	0	0	0	0	0	1	0	0	0	1	0	0	11	1	0	1	1	50	27	0	0	0	27	[]	0	8
6	123457097	130	67	59	4	0	0	0	0	0	0	2	0	0	0	1	0	0	13	1	0	2	1	50	27	0	0	0	30	[]	0	9
7	123457097	127	50	73	8	0	0	0	0	0	0	2	0	0	0	3	0	0	15	3	0	2	3	50	27	0	0	0	33	[]	0	10
8	123457097	88	72	75	18	0	0	0	0	0	0	3	0	0	0	6	1	0	20	7	0	3	7	50	27	0	0	0	35	[]	0	9
9	123457097	58	85	82	25	0	0	0	0	0	0	5	0	0	0	4	4	0	22	8	0	5	8	50	27	0	0	0	36	[]	0	12
10	123457097	41	72	94	39	0	0	0	0	0	0	5	0	0	0	8	4	0	24	12	0	5	12	50	27	0	0	0	37	[]	0	12
11	123457097	37	58	93	54	0	0	0	0	0	0	3	2	0	0	11	5	0	24	16	0	5	16	50	27	0	0	0	37	[]	0	12
12	123457097	36	47	91	66	0	0	0	0	0	0	4	2	0	0	9	8	0	26	17	0	6	17	50	27	0	0	0	38	[]	0	12
13	123457097	35	36	85	79	0	0	0	0	0	0	4	3	0	0	13	8	0	27	21	0	7	21	50	27	0	0	0	39	[]	0	12
14	123457097	33	27	84	87	0	0	0	0	0	0	5	3	0	0	15	9	0	30	24	0	9	24	50	27	0	0	0	41	[]	0	12
15	123457097	32	15	81	99	0	0	0	0	0	0	4	4	0	0	19	9	0	30	29	0	9	29	50	27	0	0	0	42	[]	0	12
16	123457097	31	14	69	109	0	0	0	0	0	0	4	4	0	0	23	9	0	33	33	0	10	33	50	27	0	0	0	42	[]	0	12
17	123457097	16	24	66	117	0	0	0	0	0	0	4	4	0	0	22	10	0	37	35	0	10	35	50	27	0	0	0	43	[]	0	12
18	123457097	11	19	68	130	0	0	0	0	0	0	2	5	0	0	19	9	0	38	35	0	10	35	50	27	0	0	0	44	[]	0	12
19	123457097	11	15	55	147	0	0	0	0	0	0	2	4	0	0	18	11	0	40	37	0	11	37	50	27	0	0	0	44	[]	0	12
20	123457097	10	15	47	157	0	0	0	0	0	0	2	4	0	0	19	9	0	41	40	0	11	40	50	27	0	0	0	45	[]	0	12
21	123457097	10	11	45	163	0	0	0	0	0	0	1	5	0	0	21	7	0	41	44	0	11	44	50	27	0	0	0	45	[]	0	12
22	123457097	10	6	43	171	0	0	0	0	0	0	1	4	0	0	17	11	0	44	45	0	11	45	50	27	0	0	0	45	[]	0	12
23	123457097	10	5	41	179	0	0	0	0	0	0	1	3	0	0	14	10	0	47	45	0	11	45	50	27	0	0	0	45	[]	0	11
24	123457097	7	8	32	192	0	0	0	0	0	0	1	1	0	0	12	10	0	48	46	0	11	46	50	27	0	0	0	45	[]	0	11
25	123457097	7	4	29	203	0	0	0	0	0	0	1	1	0	0	10	8	0	52	47	0	11	47	50	27	0	0	0	45	[]	0	9
26	123457097	7	3	22	214	0	0	0	0	0	0	2	0	0	0	9	6	0	57	48	0	12	48	50	27	0	0	0	45	[]	0	9
27	123457097	7	3	19	218	0	0	0	0	0	0	2	0	0	0	7	7	0	61	49	0	12	49	50	27	0	0	0	45	[]	0	8
28	123457097	7	2	14	223	0	0	0	0	0	0	3	0	0	0	5	9	0	63	49	0	13	49	50	27	0	0	0	45	[]	0	7
29	123457097	6	2	9	231	0	0	0	0	0	0	2	0	0	0	5	8	0	66	50	0	13	50	50	27	0	0	0	45	[]	0	6
30	123457097	6	2	9	234	0	0	0	0	0	0	2	0	0	0	4	6	0	68	50	0	13	50	50	27	0	0	0	45	[]	0	6
31	123457097	6	1	9	239	0	0	0	0	0	0	2	0	0	0	2	4	0	68	50	0	13	50	50	27	0	0	0	45	[]	0	7
32	123457097	6	1	7	241	0	0	0	0	0	0	2	0	0	0	3	3	0	70	51	0	13	51	50	27	0	0	0	45	[]	0	7
33	123457097	6	1	4	244	0	0	0	0	0	0	2	0	0	0	3	3	0	71	51	0	13	51	50	27	0	0	0	45	[]	0	6
34	123457097	6	1	3	246	0	0	0	0	0	0	1	1	0	0	3	2	0	72	51	0	13	51	50	27	0	0	0	45	[]	0	4
35	123457097	6	1	2	248	0	0	0	0	0	0	1	1	0	0	3	1	0	73	51	0	13	51	50	27	0	0	0	45	[]	0	3
36	123457097	6	0	2	251	0	0	0	0	0	0	0	1	0	0	2	1	0	74	51	0	13	51	50	27	0	0	0	45	[]	0	3
37	123457097	6	0	2	252	0	0	0	0	0	0	0	1	0	0	2	0	0	77	51	0	13	51	50	27	0	0	0	45	[]	0	3
38	123457097	6	0	2	253	0	0	0	0	0	0	0	0	0	0	2	0	0	80	51	0	13	51	50	27	0	0	0	45	[]	0	3
39	123457097	6	0	2	254	0	0	0	0	0	0	0	0	0	0	1	0	0	83	51	0	13	51	50	27	0	0	0	45	[]	0	2
40	123457097	5	1	1	255	0	0	0	0	0	0	0	0	0	0	1	0	0	85	51	0	13	51	50	27	0	0	0	46	[]	0	1
41	123457097	5	1	1	255	0	0	0	0	0	0	0	0	0	0	1	0	0	85	51	0	13	51	50	27	0	0	0	46	[]	0	1
42	123457097	5	0	2	256	0	0	0	0	0	0	0	0	0	0	0	0	0	86	51	0	13	51	50	27	0	0	0	46	[]	0	0
43	123457097	5	0	1	257	0	0	0	0	0	0	0	0	0	0	0	0	0	88	51	0	13	51	50	27	0	0	0	46	[]	0	0
44	123457097	5	0	1	257	0	0	0	0	0	0	0	0	0	0	0	0	0	90	51	0	13	51	50	27	0	0	0	46	[]	0	0
45	123457097	5	0	1	257	0	0	0	0	0	0	0	0	0	0	0	0	0	94	51	0	13	51	50	27	0	0	0	46	[]	0	0
46	123457097	5	0	1	257	0	0	0	0	0	0	0	0	0	0	0	0	0	97	51	0	13	51	50	27	0	0	0	46	[]	0	0
47	123457097	5	0	1	257	0	0	0	0	0	0	0	0	0	0	0	0	0	97	51	0	13	51	50	27	0	0	0	46	[]	0	0
48	123457097	5	0	1	257	0	0	0	0	0	0	0	0	0	0	0	0	0	98	51	0	13	51	50	27	0	0	0	46	[]	0	0
49	123457097	5	0	1	257	0	0	0	0	0	0	0	0	0	0	0	0	0	98	51	0	13	51	50	27	0	0	0	46	[]	0	0
50	123457097	5	0	1	257	0	0	0	0	0	0	0	0	0	0	0	0	0	100	51	0	13	51	50	27	0	0	0	46	[]	0	0
51	123457097	5	0	1	257	0	0	0	0	0	0	0	0	0	0	0	0	0	104	51	0	13	51	50	27	0	0	0	46	[]	0	0
52	123457097	5	0	0	258	0	0	0	0	0	0	0	0	0	0	0	0	0	107	51	0	13	51	50	27	0	0	0	46	[]	0	0
53	123457097	5	0	0	258	0	0	0	0	0	0	0	0	0	0	0	0	0	110	51	0	13	51	50	27	0	0	0	46	[]	0	0
54	123457097	5	0	0	258	0	0	0	0	0	0	0	0	0	0	0	0	0	113	51	0	13	51	50	27	0	0	0	46	[]	0	0
55	123457097	5	0	0	258	0	0	0	0	0	0	0	0	0	0	0	0	0	116	51	0	13	51	50	27	0	0	0	46	[]	0	0
56	123457097	5	0	0	258	0	0	0	0	0	0	0	0	0	0	0	0	0	121	51	0	13	51	50	27	0	0	0	46	[]	0	0
57	123457097	5	0	0	258	0	0	0	0	0	0	0	0	0	0	0	0	0	123	51	0	13	51	50	27	0	0	0	46	[]	0	0
58	123457097	5	0	0	258	0	0	0	0	0	0	0	0	0	0	0	0	0	124	51	0	13	51	50	27	0	0	0	46	[]	0	0
59	123457097	5	0	0	258	0	0	0	0	0	0	0	0	0	0	0	0	0	125	51	0	13	51	50	27	0	0	0	46	[]	0	0
60	123457097	5	0	0	258	0	0	0	0	0	0	0	0	0	0	0	0	0	125	51	0	13	51	50	27	0	0	0	46	[]	0	0
