day	seedRun	susceptible	exposed	infected	removed	susceptible-in-quarantine	exposed-in-quarantine	infected-in-quarantine	removed-in-quarantine	susceptible-in-quarantine-external-1	exposed-in-quarantine-external-1	infected-in-quarantine-external-1	removed-in-quarantine-external-1	susceptible-in-quarantine-external-2	exposed-in-quarantine-external-2	infected-in-quarantine-external-2	removed-in-quarantine-external-2	num-of-screened-agents	num-of-screened-agents-external-1	num-of-screened-agents-external-2	num-of-positive-agents	num-of-positive-agents-external-1	num-of-positive-agents-external-2	num-vaccinated	num-immunized	num-immunized-in-quarantine	num-immunized-in-quarantine-external-1	num-immunized-in-quarantine-external-2	num-infected-outside	classroom-in-quarantine	num-of-classroom-in-quarantine	classroom-with-at-least-one-infected
0	123456977	264	0	0	0	0	0	0	0	0	0	0	0	0	0	0	0	0	0	0	0	0	0	50	26	0	0	0	0	[]	0	0
1	123456977	257	7	0	0	0	0	0	0	0	0	0	0	0	0	0	0	0	3	0	0	0	0	50	26	0	0	0	7	[]	0	0
2	123456977	236	26	2	0	0	0	0	0	0	0	0	0	0	0	0	0	0	6	0	0	0	0	50	26	0	0	0	14	[]	0	2
3	123456977	181	74	9	0	0	0	0	0	0	0	0	0	0	0	0	0	0	7	0	0	0	0	50	26	0	0	0	15	[]	0	4
4	123456977	141	93	30	0	0	0	0	0	0	0	0	0	0	0	0	0	0	10	0	0	0	0	50	26	0	0	0	17	[]	0	6
5	123456977	106	96	55	3	0	0	0	0	0	0	0	0	0	0	4	0	0	10	4	0	0	4	50	26	0	0	0	23	[]	0	8
6	123456977	105	69	70	11	0	0	0	0	0	0	2	0	0	0	7	0	0	15	7	0	2	7	50	26	0	0	0	24	[]	0	10
7	123456977	104	44	85	21	0	0	0	0	0	0	1	1	0	0	8	0	0	15	8	0	2	8	50	26	0	0	0	25	[]	0	11
8	123456977	60	76	79	35	0	0	0	0	0	0	1	1	0	0	10	2	0	18	12	0	2	12	50	26	0	0	0	26	[]	0	11
9	123456977	32	83	85	44	0	0	0	0	0	0	3	1	0	0	13	3	0	20	16	0	4	16	50	26	0	0	0	26	[]	0	12
10	123456977	25	67	96	55	0	0	0	0	0	0	3	2	0	0	12	4	0	23	16	0	5	16	50	26	0	0	0	26	[]	0	12
11	123456977	14	64	95	69	0	0	0	0	0	0	3	2	0	0	11	6	0	25	17	0	5	17	50	26	0	0	0	28	[]	0	12
12	123456977	11	49	92	87	0	0	0	0	0	0	3	2	0	0	12	8	0	26	20	0	5	20	50	26	0	0	0	28	[]	0	12
13	123456977	11	32	92	97	0	0	0	0	0	0	5	2	0	0	16	9	0	29	25	0	7	25	50	26	0	0	0	28	[]	0	12
14	123456977	11	21	87	112	0	0	0	0	0	0	4	3	0	0	16	10	0	31	26	0	7	26	50	26	0	0	0	28	[]	0	12
15	123456977	11	17	77	125	0	0	0	0	0	0	4	4	0	0	16	10	0	33	30	0	8	30	50	26	0	0	0	28	[]	0	12
16	123456977	9	14	65	144	0	0	0	0	0	0	5	3	0	0	15	9	0	35	31	0	10	31	50	26	0	0	0	28	[]	0	12
17	123456977	8	11	61	152	0	0	0	0	0	0	4	4	0	0	14	10	0	36	32	0	10	32	50	26	0	0	0	29	[]	0	12
18	123456977	6	8	62	160	0	0	0	0	0	0	2	6	0	0	11	9	0	37	32	0	10	32	50	26	0	0	0	29	[]	0	12
19	123456977	6	7	51	173	0	0	0	0	0	0	4	4	0	0	9	10	0	40	35	0	12	35	50	26	0	0	0	29	[]	0	11
20	123456977	6	4	45	182	0	0	0	0	0	0	4	3	0	0	9	11	0	40	36	0	12	36	50	26	0	0	0	29	[]	0	10
21	123456977	6	3	43	186	0	0	0	0	0	0	3	4	0	0	8	11	0	42	36	0	12	36	50	26	0	0	0	29	[]	0	10
22	123456977	6	3	36	195	0	0	0	0	0	0	2	5	0	0	7	10	0	44	37	0	12	37	50	26	0	0	0	29	[]	0	10
23	123456977	6	2	31	207	0	0	0	0	0	0	1	4	0	0	6	7	0	48	38	0	12	38	50	26	0	0	0	29	[]	0	10
24	123456977	6	1	23	216	0	0	0	0	0	0	2	4	0	0	4	8	0	51	38	0	13	38	50	26	0	0	0	29	[]	0	10
25	123456977	5	1	22	223	0	0	0	0	0	0	1	4	0	0	2	6	0	54	38	0	13	38	50	26	0	0	0	29	[]	0	10
26	123456977	5	0	19	229	0	0	0	0	0	0	0	3	0	0	2	6	0	55	39	0	13	39	50	26	0	0	0	29	[]	0	10
27	123456977	5	0	18	231	0	0	0	0	0	0	0	3	0	0	2	5	0	56	39	0	13	39	50	26	0	0	0	29	[]	0	10
28	123456977	5	0	16	233	0	0	0	0	0	0	0	3	0	0	1	6	0	58	39	0	13	39	50	26	0	0	0	29	[]	0	9
29	123456977	5	0	15	238	0	0	0	0	0	0	0	1	0	0	2	3	0	62	40	0	13	40	50	26	0	0	0	29	[]	0	9
30	123456977	5	0	13	241	0	0	0	0	0	0	0	1	0	0	1	3	0	62	40	0	13	40	50	26	0	0	0	29	[]	0	9
31	123456977	5	0	7	246	0	0	0	0	0	0	0	1	0	0	2	3	0	64	41	0	13	41	50	26	0	0	0	29	[]	0	7
32	123456977	5	0	7	247	0	0	0	0	0	0	0	1	0	0	2	2	0	67	41	0	13	41	50	26	0	0	0	29	[]	0	7
33	123456977	5	0	3	251	0	0	0	0	0	0	0	1	0	0	3	1	0	68	42	0	13	42	50	26	0	0	0	29	[]	0	5
34	123456977	5	0	3	252	0	0	0	0	0	0	0	0	0	0	2	2	0	71	42	0	13	42	50	26	0	0	0	29	[]	0	4
35	123456977	5	0	2	253	0	0	0	0	0	0	0	0	0	0	2	2	0	74	42	0	13	42	50	26	0	0	0	29	[]	0	4
36	123456977	5	0	2	254	0	0	0	0	0	0	0	0	0	0	2	1	0	74	42	0	13	42	50	26	0	0	0	29	[]	0	4
37	123456977	5	0	2	254	0	0	0	0	0	0	0	0	0	0	2	1	0	77	42	0	13	42	50	26	0	0	0	29	[]	0	4
38	123456977	5	0	2	254	0	0	0	0	0	0	0	0	0	0	2	1	0	81	42	0	13	42	50	26	0	0	0	29	[]	0	4
39	123456977	5	0	1	256	0	0	0	0	0	0	0	0	0	0	1	1	0	82	42	0	13	42	50	26	0	0	0	29	[]	0	2
40	123456977	4	1	0	257	0	0	0	0	0	0	0	0	0	0	1	1	0	82	42	0	13	42	50	26	0	0	0	30	[]	0	1
41	123456977	4	1	0	258	0	0	0	0	0	0	0	0	0	0	1	0	0	84	42	0	13	42	50	26	0	0	0	30	[]	0	1
42	123456977	4	0	1	258	0	0	0	0	0	0	0	0	0	0	1	0	0	85	42	0	13	42	50	26	0	0	0	30	[]	0	2
43	123456977	3	1	1	259	0	0	0	0	0	0	0	0	0	0	0	0	0	86	42	0	13	42	50	26	0	0	0	30	[]	0	1
44	123456977	3	1	1	259	0	0	0	0	0	0	0	0	0	0	0	0	0	88	42	0	13	42	50	26	0	0	0	30	[]	0	1
45	123456977	3	0	2	259	0	0	0	0	0	0	0	0	0	0	0	0	0	88	42	0	13	42	50	26	0	0	0	30	[]	0	1
46	123456977	3	0	2	259	0	0	0	0	0	0	0	0	0	0	0	0	0	89	42	0	13	42	50	26	0	0	0	30	[]	0	1
47	123456977	3	0	2	259	0	0	0	0	0	0	0	0	0	0	0	0	0	91	42	0	13	42	50	26	0	0	0	30	[]	0	1
48	123456977	3	0	2	259	0	0	0	0	0	0	0	0	0	0	0	0	0	93	42	0	13	42	50	26	0	0	0	30	[]	0	1
49	123456977	3	0	0	261	0	0	0	0	0	0	0	0	0	0	0	0	0	96	42	0	13	42	50	26	0	0	0	30	[]	0	0
50	123456977	3	0	0	261	0	0	0	0	0	0	0	0	0	0	0	0	0	98	42	0	13	42	50	26	0	0	0	30	[]	0	0
51	123456977	3	0	0	261	0	0	0	0	0	0	0	0	0	0	0	0	0	98	42	0	13	42	50	26	0	0	0	30	[]	0	0
52	123456977	3	0	0	261	0	0	0	0	0	0	0	0	0	0	0	0	0	99	42	0	13	42	50	26	0	0	0	30	[]	0	0
53	123456977	3	0	0	261	0	0	0	0	0	0	0	0	0	0	0	0	0	99	42	0	13	42	50	26	0	0	0	30	[]	0	0
54	123456977	3	0	0	261	0	0	0	0	0	0	0	0	0	0	0	0	0	101	42	0	13	42	50	26	0	0	0	30	[]	0	0
55	123456977	3	0	0	261	0	0	0	0	0	0	0	0	0	0	0	0	0	102	42	0	13	42	50	26	0	0	0	30	[]	0	0
56	123456977	3	0	0	261	0	0	0	0	0	0	0	0	0	0	0	0	0	102	42	0	13	42	50	26	0	0	0	30	[]	0	0
57	123456977	3	0	0	261	0	0	0	0	0	0	0	0	0	0	0	0	0	103	42	0	13	42	50	26	0	0	0	30	[]	0	0
58	123456977	3	0	0	261	0	0	0	0	0	0	0	0	0	0	0	0	0	105	42	0	13	42	50	26	0	0	0	30	[]	0	0
59	123456977	3	0	0	261	0	0	0	0	0	0	0	0	0	0	0	0	0	109	42	0	13	42	50	26	0	0	0	30	[]	0	0
60	123456977	3	0	0	261	0	0	0	0	0	0	0	0	0	0	0	0	0	112	42	0	13	42	50	26	0	0	0	30	[]	0	0
