day	seedRun	susceptible	exposed	infected	removed	susceptible-in-quarantine	exposed-in-quarantine	infected-in-quarantine	removed-in-quarantine	susceptible-in-quarantine-external-1	exposed-in-quarantine-external-1	infected-in-quarantine-external-1	removed-in-quarantine-external-1	susceptible-in-quarantine-external-2	exposed-in-quarantine-external-2	infected-in-quarantine-external-2	removed-in-quarantine-external-2	num-of-screened-agents	num-of-screened-agents-external-1	num-of-screened-agents-external-2	num-of-positive-agents	num-of-positive-agents-external-1	num-of-positive-agents-external-2	num-vaccinated	num-immunized	num-immunized-in-quarantine	num-immunized-in-quarantine-external-1	num-immunized-in-quarantine-external-2	num-infected-outside	classroom-in-quarantine	num-of-classroom-in-quarantine	classroom-with-at-least-one-infected
0	123457065	222	0	0	0	0	0	0	0	0	0	0	0	0	0	0	0	0	0	0	0	0	0	146	68	0	0	0	0	[]	0	0
1	123457065	210	12	0	0	0	0	0	0	0	0	0	0	0	0	0	0	0	4	0	0	0	0	146	68	0	0	0	12	[]	0	0
2	123457065	186	34	2	0	0	0	0	0	0	0	0	0	0	0	0	0	0	4	0	0	0	0	146	68	0	0	0	23	[]	0	2
3	123457065	146	64	11	0	0	0	0	0	0	0	0	0	0	0	1	0	19	5	1	0	0	1	146	68	0	0	0	30	[]	0	5
4	123457065	97	81	9	2	3	12	14	1	0	0	0	0	0	0	3	0	57	10	3	14	0	3	146	60	8	0	0	36	[3A 1C]	2	8
5	123457065	42	110	32	5	3	9	13	5	0	0	0	0	0	0	2	1	57	13	3	14	0	3	146	60	8	0	0	38	[3A 1C]	2	10
6	123457065	39	61	39	3	4	20	38	12	0	0	0	0	0	0	4	2	114	13	6	35	0	6	146	47	21	0	0	40	[3A 1C 2D 2C 3C]	5	12
7	123457065	36	26	14	8	5	36	71	15	0	0	0	0	0	0	9	2	208	13	11	63	0	11	146	39	29	0	0	42	[3A 1C 2D 2C 3C 2A 1B 2B]	8	12
8	123457065	28	27	19	10	5	29	67	26	0	0	0	0	0	0	8	3	208	13	11	63	0	11	146	39	29	0	0	45	[3A 1C 2D 2C 3C 2A 1B 2B]	8	11
9	123457065	12	34	25	13	5	23	64	35	0	0	0	0	0	0	6	5	208	14	11	63	0	11	146	39	29	0	0	45	[3A 1C 2D 2C 3C 2A 1B 2B]	8	11
10	123457065	9	17	26	14	5	23	72	43	0	0	0	0	0	0	7	6	243	14	13	71	0	13	146	38	30	0	0	45	[3A 1C 2D 2C 3C 2A 1B 2B 3D]	9	12
11	123457065	6	16	19	10	5	14	77	61	0	0	0	0	0	0	7	7	262	15	14	78	0	14	146	33	35	0	0	46	[3A 1C 2D 2C 3C 2A 1B 2B 3D 3B]	10	12
12	123457065	4	11	17	7	5	10	79	75	0	0	0	0	0	0	6	8	278	15	14	82	0	14	146	29	39	0	0	46	[3A 1C 2D 2C 3C 2A 1B 2B 3D 3B 1A]	11	12
13	123457065	4	7	21	7	5	3	70	91	0	0	0	0	0	0	6	8	278	15	14	82	0	14	146	29	39	0	0	46	[3A 1C 2D 2C 3C 2A 1B 2B 3D 3B 1A]	11	12
14	123457065	6	5	21	39	2	2	53	82	0	0	0	0	0	0	6	6	278	15	14	82	0	14	146	37	31	0	0	47	[2D 2C 3C 2A 1B 2B 3D 3B 1A]	9	10
15	123457065	6	1	9	42	2	3	56	91	0	0	0	0	0	0	6	6	296	15	14	90	0	14	146	32	36	0	0	47	[2D 2C 3C 2A 1B 2B 3D 3B 1A 1D]	10	10
16	123457065	7	1	6	91	1	1	37	69	0	0	0	0	0	0	5	4	296	16	14	90	0	14	146	45	23	0	0	47	[2A 1B 2B 3D 3B 1A 1D]	7	7
17	123457065	7	2	4	144	0	1	23	36	0	0	0	0	0	0	3	2	296	17	14	90	0	14	146	53	15	0	0	47	[3D 3B 1A 1D]	4	4
18	123457065	7	1	5	144	0	1	22	37	0	0	0	0	0	0	3	2	296	18	14	90	0	14	146	53	15	0	0	47	[3D 3B 1A 1D]	4	4
19	123457065	7	1	5	144	0	0	21	39	0	0	0	0	0	0	3	2	296	19	14	90	0	14	146	53	15	0	0	47	[3D 3B 1A 1D]	4	4
20	123457065	6	2	4	164	0	0	13	30	0	0	0	0	0	0	3	0	296	21	14	90	0	14	146	54	14	0	0	48	[3B 1A 1D]	3	3
21	123457065	6	2	4	179	0	0	6	23	0	0	0	0	0	0	1	1	296	21	14	90	0	14	146	59	9	0	0	48	[1A 1D]	2	2
22	123457065	5	3	4	195	0	0	2	12	0	0	0	0	0	0	1	0	296	21	14	90	0	14	146	63	5	0	0	48	[1D]	1	1
23	123457065	5	2	5	195	0	0	1	13	0	0	0	0	0	0	1	0	296	21	14	90	0	14	146	63	5	0	0	48	[1D]	1	2
24	123457065	5	1	5	196	0	0	1	13	0	0	0	0	0	0	1	0	296	22	14	90	0	14	146	63	5	0	0	48	[1D]	1	3
25	123457065	5	0	6	211	0	0	0	0	0	0	0	0	0	0	0	0	296	27	14	90	0	14	146	68	0	0	0	48	[]	0	3
26	123457065	4	1	4	213	0	0	0	0	0	0	0	0	0	0	0	0	296	31	14	90	0	14	146	68	0	0	0	49	[]	0	1
27	123457065	3	2	3	214	0	0	0	0	0	0	0	0	0	0	0	0	296	31	14	90	0	14	146	68	0	0	0	50	[]	0	1
28	123457065	3	1	4	214	0	0	0	0	0	0	0	0	0	0	0	0	296	32	14	90	0	14	146	68	0	0	0	50	[]	0	1
29	123457065	3	0	4	215	0	0	0	0	0	0	0	0	0	0	0	0	296	34	14	90	0	14	146	68	0	0	0	50	[]	0	1
30	123457065	3	0	4	215	0	0	0	0	0	0	0	0	0	0	0	0	296	35	14	90	0	14	146	68	0	0	0	50	[]	0	1
31	123457065	3	0	3	216	0	0	0	0	0	0	0	0	0	0	0	0	296	37	14	90	0	14	146	68	0	0	0	50	[]	0	1
32	123457065	3	0	3	216	0	0	0	0	0	0	0	0	0	0	0	0	296	39	14	90	0	14	146	68	0	0	0	50	[]	0	1
33	123457065	3	0	3	216	0	0	0	0	0	0	0	0	0	0	0	0	296	40	14	90	0	14	146	68	0	0	0	50	[]	0	1
34	123457065	3	0	3	216	0	0	0	0	0	0	0	0	0	0	0	0	296	41	14	90	0	14	146	68	0	0	0	50	[]	0	1
35	123457065	3	0	2	217	0	0	0	0	0	0	0	0	0	0	0	0	296	43	14	90	0	14	146	68	0	0	0	50	[]	0	0
36	123457065	3	0	2	217	0	0	0	0	0	0	0	0	0	0	0	0	296	44	14	90	0	14	146	68	0	0	0	50	[]	0	0
37	123457065	3	0	2	217	0	0	0	0	0	0	0	0	0	0	0	0	296	48	14	90	0	14	146	68	0	0	0	50	[]	0	0
38	123457065	3	0	2	217	0	0	0	0	0	0	0	0	0	0	0	0	296	48	14	90	0	14	146	68	0	0	0	50	[]	0	0
39	123457065	2	1	2	217	0	0	0	0	0	0	0	0	0	0	0	0	296	51	14	90	0	14	146	68	0	0	0	51	[]	0	0
40	123457065	2	0	3	217	0	0	0	0	0	0	0	0	0	0	0	0	296	52	14	90	0	14	146	68	0	0	0	51	[]	0	1
41	123457065	2	0	2	217	0	0	0	0	0	0	1	0	0	0	0	0	315	54	14	90	1	14	146	68	0	0	0	51	[]	0	1
42	123457065	2	0	2	217	0	0	0	0	0	0	1	0	0	0	0	0	315	55	14	90	1	14	146	68	0	0	0	51	[]	0	1
43	123457065	2	0	2	217	0	0	0	0	0	0	1	0	0	0	0	0	315	55	14	90	1	14	146	68	0	0	0	51	[]	0	1
44	123457065	2	0	0	219	0	0	0	0	0	0	1	0	0	0	0	0	315	56	14	90	1	14	146	68	0	0	0	51	[]	0	1
45	123457065	2	0	0	219	0	0	0	0	0	0	1	0	0	0	0	0	315	59	14	90	1	14	146	68	0	0	0	51	[]	0	1
46	123457065	2	0	0	219	0	0	0	0	0	0	1	0	0	0	0	0	334	59	14	90	1	14	146	68	0	0	0	51	[]	0	1
47	123457065	2	0	0	219	0	0	0	0	0	0	1	0	0	0	0	0	334	60	14	90	1	14	146	68	0	0	0	51	[]	0	1
48	123457065	2	0	0	219	0	0	0	0	0	0	1	0	0	0	0	0	334	60	14	90	1	14	146	68	0	0	0	51	[]	0	1
49	123457065	2	0	0	219	0	0	0	0	0	0	1	0	0	0	0	0	334	61	14	90	1	14	146	68	0	0	0	51	[]	0	1
50	123457065	2	0	0	219	0	0	0	0	0	0	1	0	0	0	0	0	334	63	14	90	1	14	146	68	0	0	0	51	[]	0	1
51	123457065	2	0	0	220	0	0	0	0	0	0	0	0	0	0	0	0	334	64	14	90	1	14	146	68	0	0	0	51	[]	0	0
52	123457065	2	0	0	220	0	0	0	0	0	0	0	0	0	0	0	0	334	67	14	90	1	14	146	68	0	0	0	51	[]	0	0
53	123457065	2	0	0	220	0	0	0	0	0	0	0	0	0	0	0	0	334	68	14	90	1	14	146	68	0	0	0	51	[]	0	0
54	123457065	2	0	0	220	0	0	0	0	0	0	0	0	0	0	0	0	334	70	14	90	1	14	146	68	0	0	0	51	[]	0	0
55	123457065	2	0	0	220	0	0	0	0	0	0	0	0	0	0	0	0	334	70	14	90	1	14	146	68	0	0	0	51	[]	0	0
56	123457065	2	0	0	220	0	0	0	0	0	0	0	0	0	0	0	0	334	71	14	90	1	14	146	68	0	0	0	51	[]	0	0
57	123457065	2	0	0	220	0	0	0	0	0	0	0	0	0	0	0	0	334	73	14	90	1	14	146	68	0	0	0	51	[]	0	0
58	123457065	2	0	0	220	0	0	0	0	0	0	0	0	0	0	0	0	334	78	14	90	1	14	146	68	0	0	0	51	[]	0	0
59	123457065	2	0	0	220	0	0	0	0	0	0	0	0	0	0	0	0	334	81	14	90	1	14	146	68	0	0	0	51	[]	0	0
60	123457065	2	0	0	220	0	0	0	0	0	0	0	0	0	0	0	0	334	82	14	90	1	14	146	68	0	0	0	51	[]	0	0
