day	seedRun	susceptible	exposed	infected	removed	susceptible-in-quarantine	exposed-in-quarantine	infected-in-quarantine	removed-in-quarantine	susceptible-in-quarantine-external-1	exposed-in-quarantine-external-1	infected-in-quarantine-external-1	removed-in-quarantine-external-1	susceptible-in-quarantine-external-2	exposed-in-quarantine-external-2	infected-in-quarantine-external-2	removed-in-quarantine-external-2	num-of-screened-agents	num-of-screened-agents-external-1	num-of-screened-agents-external-2	num-of-positive-agents	num-of-positive-agents-external-1	num-of-positive-agents-external-2	num-vaccinated	num-immunized	num-immunized-in-quarantine	num-immunized-in-quarantine-external-1	num-immunized-in-quarantine-external-2	num-infected-outside	classroom-in-quarantine	num-of-classroom-in-quarantine	classroom-with-at-least-one-infected
0	123457208	216	0	0	0	0	0	0	0	0	0	0	0	0	0	0	0	0	0	0	0	0	0	74	74	0	0	0	0	[]	0	0
1	123457208	216	0	0	0	0	0	0	0	0	0	0	0	0	0	0	0	0	0	0	0	0	0	74	74	0	0	0	0	[]	0	0
2	123457208	216	0	0	0	0	0	0	0	0	0	0	0	0	0	0	0	0	1	0	0	0	0	74	74	0	0	0	0	[]	0	0
3	123457208	216	0	0	0	0	0	0	0	0	0	0	0	0	0	0	0	0	3	0	0	0	0	74	74	0	0	0	0	[]	0	0
4	123457208	216	0	0	0	0	0	0	0	0	0	0	0	0	0	0	0	0	3	0	0	0	0	74	74	0	0	0	0	[]	0	0
5	123457208	216	0	0	0	0	0	0	0	0	0	0	0	0	0	0	0	0	5	0	0	0	0	74	74	0	0	0	0	[]	0	0
6	123457208	216	0	0	0	0	0	0	0	0	0	0	0	0	0	0	0	0	7	0	0	0	0	74	74	0	0	0	0	[]	0	0
7	123457208	215	1	0	0	0	0	0	0	0	0	0	0	0	0	0	0	0	7	0	0	0	0	74	74	0	0	0	1	[]	0	0
8	123457208	215	1	0	0	0	0	0	0	0	0	0	0	0	0	0	0	0	8	0	0	0	0	74	74	0	0	0	1	[]	0	0
9	123457208	214	2	0	0	0	0	0	0	0	0	0	0	0	0	0	0	0	12	0	0	0	0	74	74	0	0	0	2	[]	0	0
10	123457208	209	6	1	0	0	0	0	0	0	0	0	0	0	0	0	0	0	13	0	0	0	0	74	74	0	0	0	2	[]	0	1
11	123457208	201	13	2	0	0	0	0	0	0	0	0	0	0	0	0	0	0	14	0	0	0	0	74	74	0	0	0	2	[]	0	1
12	123457208	198	14	3	1	0	0	0	0	0	0	0	0	0	0	0	0	0	14	0	0	0	0	74	74	0	0	0	2	[]	0	1
13	123457208	197	11	6	2	0	0	0	0	0	0	0	0	0	0	0	0	0	15	0	0	0	0	74	74	0	0	0	3	[]	0	1
14	123457208	197	8	8	2	0	0	0	0	0	0	0	0	0	0	1	0	0	16	1	0	0	1	74	74	0	0	0	3	[]	0	1
15	123457208	188	14	10	3	0	0	0	0	0	0	0	0	0	0	1	0	0	19	1	0	0	1	74	74	0	0	0	3	[]	0	2
16	123457208	178	23	9	4	0	0	0	0	0	0	0	0	0	0	2	0	0	20	2	0	0	2	74	74	0	0	0	3	[]	0	2
17	123457208	157	35	17	4	0	0	0	0	0	0	0	0	0	0	2	1	0	20	3	0	0	3	74	74	0	0	0	3	[]	0	4
18	123457208	140	43	21	9	0	0	0	0	0	0	0	0	0	0	2	1	0	23	3	0	0	3	74	74	0	0	0	3	[]	0	5
19	123457208	135	33	31	12	0	0	0	0	0	0	0	0	0	0	4	1	0	24	5	0	0	5	74	74	0	0	0	3	[]	0	4
20	123457208	135	23	36	17	0	0	0	0	0	0	0	0	0	0	4	1	0	26	5	0	0	5	74	74	0	0	0	3	[]	0	6
21	123457208	135	17	34	24	0	0	0	0	0	0	0	0	0	0	5	1	0	27	6	0	0	6	74	74	0	0	0	3	[]	0	7
22	123457208	104	40	35	28	0	0	0	0	0	0	1	0	0	0	7	1	0	28	8	0	1	8	74	74	0	0	0	3	[]	0	7
23	123457208	89	41	43	33	0	0	0	0	0	0	1	0	0	0	7	2	0	29	9	0	1	9	74	74	0	0	0	3	[]	0	7
24	123457208	84	36	42	40	0	0	0	0	0	0	1	0	0	0	11	2	0	29	14	0	1	14	74	74	0	0	0	3	[]	0	7
25	123457208	75	33	47	45	0	0	0	0	0	0	0	1	0	0	11	4	0	30	16	0	1	16	74	74	0	0	0	3	[]	0	8
26	123457208	71	29	47	51	0	0	0	0	0	0	0	1	0	0	13	4	0	30	19	0	1	19	74	74	0	0	0	3	[]	0	8
27	123457208	71	22	47	59	0	0	0	0	0	0	0	1	0	0	12	4	0	33	19	0	1	19	74	74	0	0	0	3	[]	0	9
28	123457208	71	17	47	62	0	0	0	0	0	0	1	1	0	0	12	5	0	35	20	0	2	20	74	74	0	0	0	3	[]	0	11
29	123457208	46	39	43	69	0	0	0	0	0	0	1	1	0	0	10	7	0	37	22	0	2	22	74	74	0	0	0	3	[]	0	11
30	123457208	29	46	47	73	0	0	0	0	0	0	1	1	0	0	11	8	0	38	24	0	2	24	74	74	0	0	0	3	[]	0	11
31	123457208	21	40	48	85	0	0	0	0	0	0	0	2	0	0	11	9	0	39	26	0	2	26	74	74	0	0	0	3	[]	0	11
32	123457208	21	28	50	95	0	0	0	0	0	0	1	1	0	0	13	7	0	40	28	0	3	28	74	74	0	0	0	3	[]	0	11
33	123457208	18	26	47	104	0	0	0	0	0	0	1	1	0	0	13	6	0	41	28	0	3	28	74	74	0	0	0	3	[]	0	11
34	123457208	18	20	45	115	0	0	0	0	0	0	3	1	0	0	8	6	0	43	28	0	5	28	74	74	0	0	0	3	[]	0	12
35	123457208	18	16	41	123	0	0	0	0	0	0	4	1	0	0	8	5	0	48	29	0	6	29	74	74	0	0	0	3	[]	0	12
36	123457208	13	19	32	134	0	0	0	0	0	0	3	2	0	0	10	3	0	49	32	0	6	32	74	74	0	0	0	3	[]	0	10
37	123457208	6	22	29	141	0	0	0	0	0	0	3	2	0	0	8	5	0	49	32	0	6	32	74	74	0	0	0	3	[]	0	10
38	123457208	3	18	31	148	0	0	0	0	0	0	3	1	0	0	4	8	0	50	32	0	6	32	74	74	0	0	0	3	[]	0	10
39	123457208	3	13	31	155	0	0	0	0	0	0	3	1	0	0	2	8	0	55	32	0	6	32	74	74	0	0	0	3	[]	0	10
40	123457208	3	10	26	163	0	0	0	0	0	0	4	1	0	0	3	6	0	60	33	0	7	33	74	74	0	0	0	3	[]	0	10
41	123457208	3	9	21	171	0	0	0	0	0	0	3	2	0	0	2	5	0	63	33	0	7	33	74	74	0	0	0	3	[]	0	7
42	123457208	3	9	19	174	0	0	0	0	0	0	2	2	0	0	3	4	0	67	35	0	7	35	74	74	0	0	0	3	[]	0	7
43	123457208	3	8	17	176	0	0	0	0	0	0	2	2	0	0	3	5	0	67	36	0	7	36	74	74	0	0	0	3	[]	0	7
44	123457208	3	7	14	182	0	0	0	0	0	0	1	1	0	0	2	6	0	68	36	0	7	36	74	74	0	0	0	3	[]	0	6
45	123457208	3	6	14	184	0	0	0	0	0	0	1	0	0	0	3	5	0	70	37	0	7	37	74	74	0	0	0	3	[]	0	6
46	123457208	3	3	13	191	0	0	0	0	0	0	1	0	0	0	2	3	0	73	37	0	7	37	74	74	0	0	0	3	[]	0	6
47	123457208	3	2	12	193	0	0	0	0	0	0	1	0	0	0	1	4	0	74	37	0	7	37	74	74	0	0	0	3	[]	0	6
48	123457208	3	1	10	196	0	0	0	0	0	0	1	0	0	0	0	5	0	75	37	0	7	37	74	74	0	0	0	3	[]	0	5
49	123457208	3	1	7	198	0	0	0	0	0	0	1	0	0	0	1	5	0	77	38	0	7	38	74	74	0	0	0	3	[]	0	4
50	123457208	3	1	5	200	0	0	0	0	0	0	0	0	0	0	2	5	0	77	40	0	7	40	74	74	0	0	0	3	[]	0	3
51	123457208	3	1	4	201	0	0	0	0	0	0	0	0	0	0	2	5	0	79	40	0	7	40	74	74	0	0	0	3	[]	0	3
52	123457208	3	0	5	203	0	0	0	0	0	0	0	0	0	0	2	3	0	79	40	0	7	40	74	74	0	0	0	3	[]	0	3
53	123457208	3	0	4	205	0	0	0	0	0	0	0	0	0	0	2	2	0	82	40	0	7	40	74	74	0	0	0	3	[]	0	3
54	123457208	3	0	4	205	0	0	0	0	0	0	0	0	0	0	2	2	0	84	40	0	7	40	74	74	0	0	0	3	[]	0	3
55	123457208	3	0	3	206	0	0	0	0	0	0	0	0	0	0	3	1	0	85	41	0	7	41	74	74	0	0	0	3	[]	0	3
56	123457208	3	0	2	207	0	0	0	0	0	0	0	0	0	0	3	1	0	86	41	0	7	41	74	74	0	0	0	3	[]	0	3
57	123457208	3	0	2	207	0	0	0	0	0	0	0	0	0	0	2	2	0	88	41	0	7	41	74	74	0	0	0	3	[]	0	3
58	123457208	3	0	2	207	0	0	0	0	0	0	0	0	0	0	2	2	0	90	41	0	7	41	74	74	0	0	0	3	[]	0	3
59	123457208	3	0	2	208	0	0	0	0	0	0	0	0	0	0	2	1	0	91	41	0	7	41	74	74	0	0	0	3	[]	0	3
60	123457208	3	0	2	210	0	0	0	0	0	0	0	0	0	0	0	1	0	93	41	0	7	41	74	74	0	0	0	3	[]	0	2
