day	seedRun	susceptible	exposed	infected	removed	susceptible-in-quarantine	exposed-in-quarantine	infected-in-quarantine	removed-in-quarantine	susceptible-in-quarantine-external-1	exposed-in-quarantine-external-1	infected-in-quarantine-external-1	removed-in-quarantine-external-1	susceptible-in-quarantine-external-2	exposed-in-quarantine-external-2	infected-in-quarantine-external-2	removed-in-quarantine-external-2	num-of-screened-agents	num-of-screened-agents-external-1	num-of-screened-agents-external-2	num-of-positive-agents	num-of-positive-agents-external-1	num-of-positive-agents-external-2	num-vaccinated	num-immunized	num-immunized-in-quarantine	num-immunized-in-quarantine-external-1	num-immunized-in-quarantine-external-2	num-infected-outside	classroom-in-quarantine	num-of-classroom-in-quarantine	classroom-with-at-least-one-infected
0	123456916	216	0	0	0	0	0	0	0	0	0	0	0	0	0	0	0	0	0	0	0	0	0	74	74	0	0	0	0	[]	0	0
1	123456916	216	0	0	0	0	0	0	0	0	0	0	0	0	0	0	0	0	3	0	0	0	0	74	74	0	0	0	0	[]	0	0
2	123456916	215	1	0	0	0	0	0	0	0	0	0	0	0	0	0	0	0	4	0	0	0	0	74	74	0	0	0	1	[]	0	0
3	123456916	215	1	0	0	0	0	0	0	0	0	0	0	0	0	0	0	0	6	0	0	0	0	74	74	0	0	0	1	[]	0	0
4	123456916	206	9	1	0	0	0	0	0	0	0	0	0	0	0	0	0	0	7	0	0	0	0	74	74	0	0	0	1	[]	0	1
5	123456916	199	14	3	0	0	0	0	0	0	0	0	0	0	0	0	0	0	9	0	0	0	0	74	74	0	0	0	1	[]	0	1
6	123456916	198	10	6	2	0	0	0	0	0	0	0	0	0	0	0	0	0	10	0	0	0	0	74	74	0	0	0	2	[]	0	1
7	123456916	198	8	8	2	0	0	0	0	0	0	0	0	0	0	0	0	0	12	0	0	0	0	74	74	0	0	0	2	[]	0	1
8	123456916	196	9	7	4	0	0	0	0	0	0	0	0	0	0	0	0	0	14	0	0	0	0	74	74	0	0	0	2	[]	0	1
9	123456916	190	13	7	6	0	0	0	0	0	0	0	0	0	0	0	0	0	15	0	0	0	0	74	74	0	0	0	3	[]	0	1
10	123456916	175	22	10	8	0	0	0	0	0	0	1	0	0	0	0	0	0	19	0	0	1	0	74	74	0	0	0	3	[]	0	2
11	123456916	171	24	9	9	0	0	0	0	0	0	2	0	0	0	1	0	0	23	1	0	2	1	74	74	0	0	0	3	[]	0	2
12	123456916	154	33	15	11	0	0	0	0	0	0	1	1	0	0	1	0	0	25	1	0	2	1	74	74	0	0	0	3	[]	0	4
13	123456916	154	26	19	13	0	0	0	0	0	0	1	1	0	0	2	0	0	28	2	0	2	2	74	74	0	0	0	3	[]	0	6
14	123456916	154	19	24	15	0	0	0	0	0	0	1	1	0	0	2	0	0	30	2	0	2	2	74	74	0	0	0	3	[]	0	8
15	123456916	105	62	28	16	0	0	0	0	0	0	0	2	0	0	2	1	0	35	3	0	2	3	74	74	0	0	0	3	[]	0	8
16	123456916	83	62	43	21	0	0	0	0	0	0	0	2	0	0	4	1	0	37	5	0	2	5	74	74	0	0	0	3	[]	0	8
17	123456916	72	56	51	28	0	0	0	0	0	0	1	2	0	0	4	2	0	41	6	0	3	6	74	74	0	0	0	3	[]	0	9
18	123456916	62	51	55	36	0	0	0	0	0	0	0	3	0	0	6	3	0	41	9	0	3	9	74	74	0	0	0	3	[]	0	9
19	123456916	55	43	59	44	0	0	0	0	0	0	1	3	0	0	8	3	0	43	11	0	4	11	74	74	0	0	0	3	[]	0	10
20	123456916	55	29	69	48	0	0	0	0	0	0	0	3	0	0	9	3	0	44	12	0	4	12	74	74	0	0	0	3	[]	0	10
21	123456916	55	26	60	59	0	0	0	0	0	0	2	2	0	0	10	2	0	46	13	0	6	13	74	74	0	0	0	3	[]	0	10
22	123456916	37	39	53	70	0	0	0	0	0	0	2	2	0	0	7	6	0	46	14	0	6	14	74	74	0	0	0	3	[]	0	11
23	123456916	30	35	59	76	0	0	0	0	0	0	2	2	0	0	6	6	0	48	14	0	6	14	74	74	0	0	0	3	[]	0	11
24	123456916	30	26	54	87	0	0	0	0	0	0	3	2	0	0	6	8	0	51	16	0	7	16	74	74	0	0	0	3	[]	0	11
25	123456916	27	24	49	98	0	0	0	0	0	0	3	2	0	0	5	8	0	53	16	0	7	16	74	74	0	0	0	3	[]	0	11
26	123456916	13	30	45	109	0	0	0	0	0	0	3	2	0	0	7	7	0	55	19	0	7	19	74	74	0	0	0	3	[]	0	12
27	123456916	13	20	45	120	0	0	0	0	0	0	4	1	0	0	5	8	0	56	19	0	8	19	74	74	0	0	0	3	[]	0	12
28	123456916	13	16	42	128	0	0	0	0	0	0	5	2	0	0	5	5	0	61	19	0	10	19	74	74	0	0	0	3	[]	0	12
29	123456916	7	18	39	136	0	0	0	0	0	0	4	2	0	0	6	4	0	61	21	0	10	21	74	74	0	0	0	3	[]	0	11
30	123456916	7	12	39	140	0	0	0	0	0	0	4	3	0	0	8	3	0	62	23	0	11	23	74	74	0	0	0	3	[]	0	11
31	123456916	7	10	34	148	0	0	0	0	0	0	4	2	0	0	8	3	0	64	24	0	12	24	74	74	0	0	0	3	[]	0	11
32	123456916	6	9	30	155	0	0	0	0	0	0	4	2	0	0	6	4	0	64	24	0	12	24	74	74	0	0	0	3	[]	0	10
33	123456916	6	8	27	159	0	0	0	0	0	0	4	2	0	0	5	5	0	65	24	0	12	24	74	74	0	0	0	3	[]	0	10
34	123456916	6	6	27	164	0	0	0	0	0	0	4	1	0	0	3	5	0	68	24	0	12	24	74	74	0	0	0	3	[]	0	10
35	123456916	6	4	25	167	0	0	0	0	0	0	5	1	0	0	2	6	0	71	24	0	13	24	74	74	0	0	0	3	[]	0	10
36	123456916	3	7	19	175	0	0	0	0	0	0	5	2	0	0	1	4	0	74	24	0	14	24	74	74	0	0	0	3	[]	0	9
37	123456916	1	9	14	181	0	0	0	0	0	0	4	2	0	0	1	4	0	77	24	0	14	24	74	74	0	0	0	3	[]	0	8
38	123456916	1	7	14	185	0	0	0	0	0	0	4	0	0	0	1	4	0	77	24	0	14	24	74	74	0	0	0	3	[]	0	8
39	123456916	1	7	11	189	0	0	0	0	0	0	4	0	0	0	2	2	0	79	25	0	14	25	74	74	0	0	0	3	[]	0	7
40	123456916	1	6	11	193	0	0	0	0	0	0	3	0	0	0	1	1	0	80	25	0	14	25	74	74	0	0	0	3	[]	0	6
41	123456916	1	4	12	196	0	0	0	0	0	0	2	0	0	0	1	0	0	81	25	0	14	25	74	74	0	0	0	3	[]	0	6
42	123456916	1	3	12	197	0	0	0	0	0	0	2	0	0	0	1	0	0	82	25	0	14	25	74	74	0	0	0	3	[]	0	6
43	123456916	1	2	11	199	0	0	0	0	0	0	2	0	0	0	1	0	0	82	25	0	14	25	74	74	0	0	0	3	[]	0	5
44	123456916	0	3	9	201	0	0	0	0	0	0	2	0	0	0	0	1	0	84	25	0	14	25	74	74	0	0	0	3	[]	0	4
45	123456916	0	3	9	202	0	0	0	0	0	0	1	0	0	0	0	1	0	87	25	0	14	25	74	74	0	0	0	3	[]	0	4
46	123456916	0	1	10	204	0	0	0	0	0	0	0	0	0	0	0	1	0	89	25	0	14	25	74	74	0	0	0	3	[]	0	4
47	123456916	0	0	9	205	0	0	0	0	0	0	0	0	0	0	1	1	0	90	26	0	14	26	74	74	0	0	0	3	[]	0	4
48	123456916	0	0	8	206	0	0	0	0	0	0	0	0	0	0	1	1	0	92	26	0	14	26	74	74	0	0	0	3	[]	0	4
49	123456916	0	0	7	208	0	0	0	0	0	0	0	0	0	0	1	0	0	92	26	0	14	26	74	74	0	0	0	3	[]	0	4
50	123456916	0	0	7	208	0	0	0	0	0	0	0	0	0	0	1	0	0	93	26	0	14	26	74	74	0	0	0	3	[]	0	4
51	123456916	0	0	7	208	0	0	0	0	0	0	0	0	0	0	1	0	0	95	26	0	14	26	74	74	0	0	0	3	[]	0	4
52	123456916	0	0	7	208	0	0	0	0	0	0	0	0	0	0	1	0	0	96	26	0	14	26	74	74	0	0	0	3	[]	0	4
53	123456916	0	0	5	209	0	0	0	0	0	0	0	0	0	0	2	0	0	98	27	0	14	27	74	74	0	0	0	3	[]	0	4
54	123456916	0	0	5	209	0	0	0	0	0	0	0	0	0	0	2	0	0	99	27	0	14	27	74	74	0	0	0	3	[]	0	4
55	123456916	0	0	4	210	0	0	0	0	0	0	0	0	0	0	2	0	0	100	27	0	14	27	74	74	0	0	0	3	[]	0	3
56	123456916	0	0	4	210	0	0	0	0	0	0	0	0	0	0	2	0	0	104	27	0	14	27	74	74	0	0	0	3	[]	0	3
57	123456916	0	0	3	211	0	0	0	0	0	0	1	0	0	0	1	0	0	107	27	0	15	27	74	74	0	0	0	3	[]	0	3
58	123456916	0	0	3	211	0	0	0	0	0	0	1	0	0	0	1	0	0	109	27	0	15	27	74	74	0	0	0	3	[]	0	3
59	123456916	0	0	3	211	0	0	0	0	0	0	1	0	0	0	0	1	0	111	27	0	15	27	74	74	0	0	0	3	[]	0	3
60	123456916	0	0	2	212	0	0	0	0	0	0	1	0	0	0	0	1	0	113	27	0	15	27	74	74	0	0	0	3	[]	0	3
