day	seedRun	susceptible	exposed	infected	removed	susceptible-in-quarantine	exposed-in-quarantine	infected-in-quarantine	removed-in-quarantine	susceptible-in-quarantine-external-1	exposed-in-quarantine-external-1	infected-in-quarantine-external-1	removed-in-quarantine-external-1	susceptible-in-quarantine-external-2	exposed-in-quarantine-external-2	infected-in-quarantine-external-2	removed-in-quarantine-external-2	num-of-screened-agents	num-of-screened-agents-external-1	num-of-screened-agents-external-2	num-of-positive-agents	num-of-positive-agents-external-1	num-of-positive-agents-external-2	num-vaccinated	num-immunized	num-immunized-in-quarantine	num-immunized-in-quarantine-external-1	num-immunized-in-quarantine-external-2	num-infected-outside	classroom-in-quarantine	num-of-classroom-in-quarantine	classroom-with-at-least-one-infected
0	123457072	262	0	0	0	0	0	0	0	0	0	0	0	0	0	0	0	0	0	0	0	0	0	50	28	0	0	0	0	[]	0	0
1	123457072	250	12	0	0	0	0	0	0	0	0	0	0	0	0	0	0	0	0	0	0	0	0	50	28	0	0	0	12	[]	0	0
2	123457072	221	38	3	0	0	0	0	0	0	0	0	0	0	0	0	0	0	4	0	0	0	0	50	28	0	0	0	23	[]	0	2
3	123457072	169	78	15	0	0	0	0	0	0	0	0	0	0	0	0	0	0	6	0	0	0	0	50	28	0	0	0	36	[]	0	6
4	123457072	93	139	25	5	0	0	0	0	0	0	0	0	0	0	0	0	0	6	0	0	0	0	50	28	0	0	0	49	[]	0	9
5	123457072	33	162	60	7	0	0	0	0	0	0	0	0	0	0	0	0	0	6	5	0	0	5	50	28	0	0	0	50	[]	0	12
6	123457072	30	127	91	14	0	0	0	0	0	0	0	0	0	0	0	0	0	8	7	0	1	7	50	28	0	0	0	53	[]	0	12
7	123457072	29	87	122	24	0	0	0	0	0	0	0	0	0	0	0	0	0	9	8	0	1	8	50	28	0	0	0	54	[]	0	12
8	123457072	3	93	124	42	0	0	0	0	0	0	0	0	0	0	0	0	0	10	9	0	1	9	50	28	0	0	0	55	[]	0	12
9	123457072	1	63	141	57	0	0	0	0	0	0	0	0	0	0	0	0	0	13	17	0	3	17	50	28	0	0	0	55	[]	0	12
10	123457072	1	46	143	72	0	0	0	0	0	0	0	0	0	0	0	0	0	15	19	0	4	19	50	28	0	0	0	55	[]	0	12
11	123457072	0	35	134	93	0	0	0	0	0	0	0	0	0	0	0	0	0	16	21	0	5	21	50	28	0	0	0	55	[]	0	12
12	123457072	0	21	131	110	0	0	0	0	0	0	0	0	0	0	0	0	0	17	22	0	6	22	50	28	0	0	0	55	[]	0	12
13	123457072	0	15	115	132	0	0	0	0	0	0	0	0	0	0	0	0	0	19	25	0	7	25	50	28	0	0	0	55	[]	0	12
14	123457072	0	15	95	152	0	0	0	0	0	0	0	0	0	0	0	0	0	19	27	0	7	27	50	28	0	0	0	55	[]	0	12
15	123457072	0	10	86	166	0	0	0	0	0	0	0	0	0	0	0	0	0	21	28	0	7	28	50	28	0	0	0	55	[]	0	12
16	123457072	0	8	76	178	0	0	0	0	0	0	0	0	0	0	0	0	0	23	30	0	7	30	50	28	0	0	0	55	[]	0	12
17	123457072	0	7	67	188	0	0	0	0	0	0	0	0	0	0	0	0	0	24	31	0	8	31	50	28	0	0	0	55	[]	0	12
18	123457072	0	5	61	196	0	0	0	0	0	0	0	0	0	0	0	0	0	27	32	0	8	32	50	28	0	0	0	55	[]	0	12
19	123457072	0	3	56	203	0	0	0	0	0	0	0	0	0	0	0	0	0	27	33	0	8	33	50	28	0	0	0	55	[]	0	11
20	123457072	0	3	51	208	0	0	0	0	0	0	0	0	0	0	0	0	0	29	33	0	8	33	50	28	0	0	0	55	[]	0	11
21	123457072	0	3	45	214	0	0	0	0	0	0	0	0	0	0	0	0	0	30	33	0	8	33	50	28	0	0	0	55	[]	0	11
22	123457072	0	3	39	220	0	0	0	0	0	0	0	0	0	0	0	0	0	33	36	0	9	36	50	28	0	0	0	55	[]	0	11
23	123457072	0	3	35	224	0	0	0	0	0	0	0	0	0	0	0	0	0	34	36	0	9	36	50	28	0	0	0	55	[]	0	11
24	123457072	0	3	31	228	0	0	0	0	0	0	0	0	0	0	0	0	0	34	37	0	9	37	50	28	0	0	0	55	[]	0	10
25	123457072	0	1	27	234	0	0	0	0	0	0	0	0	0	0	0	0	0	37	38	0	9	38	50	28	0	0	0	55	[]	0	10
26	123457072	0	1	27	234	0	0	0	0	0	0	0	0	0	0	0	0	0	39	38	0	9	38	50	28	0	0	0	55	[]	0	10
27	123457072	0	0	26	236	0	0	0	0	0	0	0	0	0	0	0	0	0	41	38	0	9	38	50	28	0	0	0	55	[]	0	10
28	123457072	0	0	20	242	0	0	0	0	0	0	0	0	0	0	0	0	0	42	40	0	9	40	50	28	0	0	0	55	[]	0	10
29	123457072	0	0	19	243	0	0	0	0	0	0	0	0	0	0	0	0	0	45	40	0	9	40	50	28	0	0	0	55	[]	0	10
30	123457072	0	0	17	245	0	0	0	0	0	0	0	0	0	0	0	0	0	47	41	0	9	41	50	28	0	0	0	55	[]	0	9
31	123457072	0	0	16	246	0	0	0	0	0	0	0	0	0	0	0	0	0	49	41	0	9	41	50	28	0	0	0	55	[]	0	9
32	123457072	0	0	16	246	0	0	0	0	0	0	0	0	0	0	0	0	0	49	41	0	9	41	50	28	0	0	0	55	[]	0	9
33	123457072	0	0	14	248	0	0	0	0	0	0	0	0	0	0	0	0	0	51	42	0	9	42	50	28	0	0	0	55	[]	0	8
34	123457072	0	0	13	249	0	0	0	0	0	0	0	0	0	0	0	0	0	51	42	0	9	42	50	28	0	0	0	55	[]	0	8
35	123457072	0	0	12	250	0	0	0	0	0	0	0	0	0	0	0	0	0	51	42	0	9	42	50	28	0	0	0	55	[]	0	8
36	123457072	0	0	10	252	0	0	0	0	0	0	0	0	0	0	0	0	0	56	42	0	9	42	50	28	0	0	0	55	[]	0	8
37	123457072	0	0	8	254	0	0	0	0	0	0	0	0	0	0	0	0	0	56	42	0	9	42	50	28	0	0	0	55	[]	0	7
38	123457072	0	0	7	255	0	0	0	0	0	0	0	0	0	0	0	0	0	57	42	0	9	42	50	28	0	0	0	55	[]	0	6
39	123457072	0	0	7	255	0	0	0	0	0	0	0	0	0	0	0	0	0	57	42	0	9	42	50	28	0	0	0	55	[]	0	6
40	123457072	0	0	7	255	0	0	0	0	0	0	0	0	0	0	0	0	0	58	43	0	9	43	50	28	0	0	0	55	[]	0	6
41	123457072	0	0	7	255	0	0	0	0	0	0	0	0	0	0	0	0	0	58	43	0	9	43	50	28	0	0	0	55	[]	0	6
42	123457072	0	0	6	256	0	0	0	0	0	0	0	0	0	0	0	0	0	60	44	0	9	44	50	28	0	0	0	55	[]	0	6
43	123457072	0	0	5	257	0	0	0	0	0	0	0	0	0	0	0	0	0	61	45	0	9	45	50	28	0	0	0	55	[]	0	5
44	123457072	0	0	4	258	0	0	0	0	0	0	0	0	0	0	0	0	0	61	46	0	9	46	50	28	0	0	0	55	[]	0	4
45	123457072	0	0	4	258	0	0	0	0	0	0	0	0	0	0	0	0	0	62	46	0	9	46	50	28	0	0	0	55	[]	0	4
46	123457072	0	0	4	258	0	0	0	0	0	0	0	0	0	0	0	0	0	65	46	0	9	46	50	28	0	0	0	55	[]	0	4
47	123457072	0	0	4	258	0	0	0	0	0	0	0	0	0	0	0	0	0	68	46	0	9	46	50	28	0	0	0	55	[]	0	4
48	123457072	0	0	4	258	0	0	0	0	0	0	0	0	0	0	0	0	0	68	46	0	9	46	50	28	0	0	0	55	[]	0	4
49	123457072	0	0	4	258	0	0	0	0	0	0	0	0	0	0	0	0	0	70	46	0	9	46	50	28	0	0	0	55	[]	0	4
50	123457072	0	0	3	259	0	0	0	0	0	0	0	0	0	0	0	0	0	73	46	0	9	46	50	28	0	0	0	55	[]	0	3
51	123457072	0	0	3	259	0	0	0	0	0	0	0	0	0	0	0	0	0	75	46	0	9	46	50	28	0	0	0	55	[]	0	3
52	123457072	0	0	3	259	0	0	0	0	0	0	0	0	0	0	0	0	0	78	46	0	9	46	50	28	0	0	0	55	[]	0	3
53	123457072	0	0	3	259	0	0	0	0	0	0	0	0	0	0	0	0	0	83	46	0	9	46	50	28	0	0	0	55	[]	0	3
54	123457072	0	0	3	259	0	0	0	0	0	0	0	0	0	0	0	0	0	85	46	0	9	46	50	28	0	0	0	55	[]	0	3
55	123457072	0	0	3	259	0	0	0	0	0	0	0	0	0	0	0	0	0	86	46	0	9	46	50	28	0	0	0	55	[]	0	3
56	123457072	0	0	1	261	0	0	0	0	0	0	0	0	0	0	0	0	0	89	46	0	9	46	50	28	0	0	0	55	[]	0	1
57	123457072	0	0	1	261	0	0	0	0	0	0	0	0	0	0	0	0	0	92	46	0	9	46	50	28	0	0	0	55	[]	0	1
58	123457072	0	0	1	261	0	0	0	0	0	0	0	0	0	0	0	0	0	92	46	0	9	46	50	28	0	0	0	55	[]	0	1
59	123457072	0	0	0	262	0	0	0	0	0	0	0	0	0	0	0	0	0	93	46	0	9	46	50	28	0	0	0	55	[]	0	0
60	123457072	0	0	0	262	0	0	0	0	0	0	0	0	0	0	0	0	0	96	46	0	9	46	50	28	0	0	0	55	[]	0	0
