day	seedRun	susceptible	exposed	infected	removed	susceptible-in-quarantine	exposed-in-quarantine	infected-in-quarantine	removed-in-quarantine	susceptible-in-quarantine-external-1	exposed-in-quarantine-external-1	infected-in-quarantine-external-1	removed-in-quarantine-external-1	susceptible-in-quarantine-external-2	exposed-in-quarantine-external-2	infected-in-quarantine-external-2	removed-in-quarantine-external-2	num-of-screened-agents	num-of-screened-agents-external-1	num-of-screened-agents-external-2	num-of-positive-agents	num-of-positive-agents-external-1	num-of-positive-agents-external-2	num-vaccinated	num-immunized	num-immunized-in-quarantine	num-immunized-in-quarantine-external-1	num-immunized-in-quarantine-external-2	num-infected-outside	classroom-in-quarantine	num-of-classroom-in-quarantine	classroom-with-at-least-one-infected
0	123457108	185	0	0	0	0	0	0	0	0	0	0	0	0	0	0	0	0	0	0	0	0	0	218	105	0	0	0	0	[]	0	0
1	123457108	179	6	0	0	0	0	0	0	0	0	0	0	0	0	0	0	0	2	0	0	0	0	218	105	0	0	0	6	[]	0	0
2	123457108	175	10	0	0	0	0	0	0	0	0	0	0	0	0	0	0	0	5	0	0	0	0	218	105	0	0	0	10	[]	0	0
3	123457108	162	20	2	0	0	0	0	0	0	0	0	0	0	0	1	0	19	6	1	0	0	1	218	105	0	0	0	20	[]	0	3
4	123457108	143	34	7	0	0	0	0	0	0	0	0	0	0	0	1	0	19	7	1	0	0	1	218	105	0	0	0	31	[]	0	5
5	123457108	129	37	13	0	0	0	3	0	0	0	0	0	0	0	3	0	57	10	3	3	0	3	218	105	0	0	0	36	[]	0	7
6	123457108	125	33	19	2	0	0	3	0	0	0	0	0	0	0	3	0	57	14	3	3	0	3	218	105	0	0	0	40	[]	0	8
7	123457108	116	23	20	4	7	2	9	0	0	0	0	0	0	0	4	0	76	18	4	9	0	4	218	101	4	0	0	42	[3D]	1	8
8	123457108	98	27	16	8	12	1	14	4	0	0	0	0	0	0	4	1	114	19	5	15	0	5	218	93	12	0	0	47	[3D 2B]	2	10
9	123457108	79	33	15	11	12	1	11	7	0	0	0	0	7	0	7	2	114	20	6	15	0	6	218	88	12	0	5	50	[3D 2B 2C]	3	9
10	123457108	64	37	23	13	12	0	11	9	0	0	0	0	7	0	7	2	133	22	6	16	0	6	218	88	12	0	5	56	[3D 2B 2C]	3	10
11	123457108	44	48	29	16	12	0	11	9	0	0	0	0	7	0	6	3	133	24	6	16	0	6	218	88	12	0	5	63	[3D 2B 2C]	3	11
12	123457108	37	41	21	8	12	3	21	23	0	0	1	0	7	0	7	4	190	27	8	29	1	8	218	74	26	0	5	66	[3D 2B 2C 1D 1C]	5	12
13	123457108	34	34	20	9	13	7	22	27	0	0	1	0	7	0	5	6	207	29	8	31	1	8	218	67	33	0	5	68	[3D 2B 2C 1D 1C 3A]	6	12
14	123457108	32	26	28	11	13	5	19	32	0	0	0	1	7	0	4	7	207	30	8	31	1	8	218	67	33	0	5	70	[3D 2B 2C 1D 1C 3A]	6	11
15	123457108	23	24	30	11	13	4	18	34	0	0	0	1	8	5	4	10	207	31	9	31	1	9	218	61	33	0	11	70	[3D 2B 2C 1D 1C 3A 1B]	7	11
16	123457108	18	23	32	15	13	3	17	36	0	0	0	1	8	4	4	11	207	31	9	31	1	9	218	61	33	0	11	70	[3D 2B 2C 1D 1C 3A 1B]	7	11
17	123457108	23	19	30	30	6	1	16	32	0	0	1	1	8	3	4	11	226	32	9	32	2	9	218	65	29	0	11	71	[2B 2C 1D 1C 3A 1B]	6	10
18	123457108	25	16	34	39	1	0	16	27	0	0	1	1	8	3	3	11	226	35	9	32	2	9	218	73	21	0	11	71	[2C 1D 1C 3A 1B]	5	10
19	123457108	28	15	26	47	1	0	21	31	0	0	0	2	1	2	4	7	244	36	10	40	2	10	218	72	27	0	6	72	[1D 1C 3A 1B 2A]	5	9
20	123457108	24	13	18	47	1	2	26	37	0	0	1	2	1	2	4	7	263	37	10	46	3	10	218	66	33	0	6	76	[1D 1C 3A 1B 2A 3C]	6	9
21	123457108	21	13	20	48	1	2	22	41	0	0	1	2	1	1	4	8	263	38	10	46	3	10	218	66	33	0	6	79	[1D 1C 3A 1B 2A 3C]	6	10
22	123457108	19	12	20	76	1	2	17	23	0	0	1	2	1	0	4	7	281	40	10	47	3	10	218	80	19	0	6	80	[3A 1B 2A 3C]	4	8
23	123457108	18	10	22	90	0	2	11	18	0	0	1	2	1	0	2	8	281	40	10	47	3	10	218	87	12	0	6	81	[1B 2A 3C]	3	7
24	123457108	18	6	19	96	0	1	11	19	0	0	2	2	1	0	0	10	300	45	10	47	4	10	218	87	12	0	6	81	[1B 2A 3C]	3	8
25	123457108	16	9	17	111	0	0	11	17	0	0	2	1	0	0	0	1	300	47	10	47	4	10	218	93	12	0	0	82	[2A 3C]	2	7
26	123457108	14	9	15	115	0	0	9	19	0	0	1	2	0	0	0	1	300	50	10	47	4	10	218	93	12	0	0	82	[2A 3C]	2	7
27	123457108	14	6	12	121	0	0	10	18	0	0	1	1	0	0	1	1	318	53	11	48	4	11	218	93	12	0	0	82	[2A 3C]	2	7
28	123457108	14	5	10	124	0	0	10	18	0	0	0	2	0	0	1	1	318	57	11	48	4	11	218	93	12	0	0	82	[2A 3C]	2	7
29	123457108	11	7	11	138	0	0	5	10	0	0	0	2	0	0	1	0	318	59	11	48	4	11	218	99	6	0	0	83	[3C]	1	7
30	123457108	8	8	13	152	0	0	1	1	0	0	0	1	0	0	0	1	318	59	11	48	4	11	218	105	0	0	0	85	[]	0	6
31	123457108	6	8	9	154	0	0	4	1	0	0	0	1	0	0	1	1	337	61	12	51	4	12	218	105	0	0	0	85	[]	0	6
32	123457108	5	6	10	157	0	0	1	3	0	0	0	1	0	0	1	1	337	63	12	51	4	12	218	105	0	0	0	85	[]	0	5
33	123457108	4	6	9	159	0	0	1	3	0	0	0	1	0	0	1	1	337	63	12	51	4	12	218	105	0	0	0	86	[]	0	4
34	123457108	4	4	9	162	0	0	1	3	0	0	0	0	0	0	1	1	337	65	12	51	4	12	218	105	0	0	0	86	[]	0	5
35	123457108	2	5	9	163	0	0	1	3	0	0	0	0	0	0	1	1	337	66	12	51	4	12	218	105	0	0	0	88	[]	0	6
36	123457108	2	4	8	165	0	0	1	3	0	0	0	0	0	0	1	1	353	66	12	51	4	12	218	105	0	0	0	88	[]	0	5
37	123457108	2	3	6	170	0	0	1	2	0	0	0	0	0	0	1	0	353	69	12	51	4	12	218	105	0	0	0	88	[]	0	4
38	123457108	2	2	4	173	0	0	1	2	0	0	0	0	0	0	1	0	353	73	12	51	4	12	218	105	0	0	0	88	[]	0	3
39	123457108	2	2	3	174	0	0	1	2	0	0	0	0	0	0	0	1	353	73	12	51	4	12	218	105	0	0	0	88	[]	0	2
40	123457108	2	2	2	175	0	0	1	2	0	0	0	0	0	0	0	1	353	74	12	51	4	12	218	105	0	0	0	88	[]	0	2
41	123457108	2	1	3	179	0	0	0	0	0	0	0	0	0	0	0	0	353	76	12	51	4	12	218	105	0	0	0	88	[]	0	2
42	123457108	2	1	1	181	0	0	0	0	0	0	0	0	0	0	0	0	353	77	12	51	4	12	218	105	0	0	0	88	[]	0	0
43	123457108	2	1	1	181	0	0	0	0	0	0	0	0	0	0	0	0	353	78	12	51	4	12	218	105	0	0	0	88	[]	0	0
44	123457108	2	1	1	181	0	0	0	0	0	0	0	0	0	0	0	0	353	81	12	51	4	12	218	105	0	0	0	88	[]	0	0
45	123457108	2	1	1	181	0	0	0	0	0	0	0	0	0	0	0	0	353	82	12	51	4	12	218	105	0	0	0	88	[]	0	0
46	123457108	2	1	1	181	0	0	0	0	0	0	0	0	0	0	0	0	353	82	12	51	4	12	218	105	0	0	0	88	[]	0	0
47	123457108	2	1	1	181	0	0	0	0	0	0	0	0	0	0	0	0	353	82	12	51	4	12	218	105	0	0	0	88	[]	0	0
48	123457108	2	1	1	181	0	0	0	0	0	0	0	0	0	0	0	0	353	86	12	51	4	12	218	105	0	0	0	88	[]	0	0
49	123457108	2	1	1	181	0	0	0	0	0	0	0	0	0	0	0	0	353	88	12	51	4	12	218	105	0	0	0	88	[]	0	0
50	123457108	2	1	1	181	0	0	0	0	0	0	0	0	0	0	0	0	353	90	12	51	4	12	218	105	0	0	0	88	[]	0	0
51	123457108	2	1	1	181	0	0	0	0	0	0	0	0	0	0	0	0	353	92	12	51	4	12	218	105	0	0	0	88	[]	0	0
52	123457108	1	1	2	181	0	0	0	0	0	0	0	0	0	0	0	0	353	93	12	51	4	12	218	105	0	0	0	89	[]	0	1
53	123457108	1	1	1	181	0	0	0	0	0	0	0	0	0	0	1	0	372	98	13	51	4	13	218	105	0	0	0	89	[]	0	1
54	123457108	1	1	0	182	0	0	0	0	0	0	0	0	0	0	1	0	372	101	13	51	4	13	218	105	0	0	0	89	[]	0	1
55	123457108	1	1	0	182	0	0	0	0	0	0	0	0	0	0	1	0	372	104	13	51	4	13	218	105	0	0	0	89	[]	0	1
56	123457108	1	1	0	182	0	0	0	0	0	0	0	0	0	0	1	0	372	104	13	51	4	13	218	105	0	0	0	89	[]	0	1
57	123457108	1	0	1	182	0	0	0	0	0	0	0	0	0	0	1	0	372	109	13	51	4	13	218	105	0	0	0	89	[]	0	1
58	123457108	1	0	1	182	0	0	0	0	0	0	0	0	0	0	1	0	372	110	13	51	4	13	218	105	0	0	0	89	[]	0	1
59	123457108	1	0	1	182	0	0	0	0	0	0	0	0	0	0	1	0	372	114	13	51	4	13	218	105	0	0	0	89	[]	0	1
60	123457108	1	0	1	182	0	0	0	0	0	0	0	0	0	0	1	0	372	116	13	51	4	13	218	105	0	0	0	89	[]	0	1
