day	seedRun	susceptible	exposed	infected	removed	susceptible-in-quarantine	exposed-in-quarantine	infected-in-quarantine	removed-in-quarantine	susceptible-in-quarantine-external-1	exposed-in-quarantine-external-1	infected-in-quarantine-external-1	removed-in-quarantine-external-1	susceptible-in-quarantine-external-2	exposed-in-quarantine-external-2	infected-in-quarantine-external-2	removed-in-quarantine-external-2	num-of-screened-students	num-of-screened-students-external-1	num-of-screened-students-external-2	num-of-positive-students	num-of-positive-students-external-1	num-of-positive-students-external-2	num-vaccinated-susceptible	num-vaccinated-exposed	num-vaccinated-infected	num-vaccinated-removed	num-infected-outside	classroom-in-quarantine	num-of-classroom-in-quarantine	classroom-with-at-least-one-infected
0	123456912	240	0	0	0	0	0	0	0	0	0	0	0	0	0	0	0	0	0	0	0	0	0	0	0	0	50	0	[]	0	0
1	123456912	240	0	0	0	0	0	0	0	0	0	0	0	0	0	0	0	0	1	0	0	0	0	0	0	0	50	0	[]	0	0
2	123456912	240	0	0	0	0	0	0	0	0	0	0	0	0	0	0	0	60	2	0	0	0	0	0	0	0	50	0	[]	0	0
3	123456912	240	0	0	0	0	0	0	0	0	0	0	0	0	0	0	0	60	2	0	0	0	0	0	0	0	50	0	[]	0	0
4	123456912	240	0	0	0	0	0	0	0	0	0	0	0	0	0	0	0	60	3	0	0	0	0	0	0	0	50	0	[]	0	0
5	123456912	240	0	0	0	0	0	0	0	0	0	0	0	0	0	0	0	60	3	0	0	0	0	0	0	0	50	0	[]	0	0
6	123456912	240	0	0	0	0	0	0	0	0	0	0	0	0	0	0	0	60	3	0	0	0	0	0	0	0	50	0	[]	0	0
7	123456912	240	0	0	0	0	0	0	0	0	0	0	0	0	0	0	0	60	3	0	0	0	0	0	0	0	50	0	[]	0	0
8	123456912	240	0	0	0	0	0	0	0	0	0	0	0	0	0	0	0	60	4	0	0	0	0	0	0	0	50	0	[]	0	0
9	123456912	240	0	0	0	0	0	0	0	0	0	0	0	0	0	0	0	120	4	0	0	0	0	0	0	0	50	0	[]	0	0
10	123456912	240	0	0	0	0	0	0	0	0	0	0	0	0	0	0	0	120	5	0	0	0	0	0	0	0	50	0	[]	0	0
11	123456912	239	1	0	0	0	0	0	0	0	0	0	0	0	0	0	0	120	5	0	0	0	0	0	0	0	50	1	[]	0	0
12	123456912	239	1	0	0	0	0	0	0	0	0	0	0	0	0	0	0	120	6	0	0	0	0	0	0	0	50	1	[]	0	0
13	123456912	239	1	0	0	0	0	0	0	0	0	0	0	0	0	0	0	120	7	0	0	0	0	0	0	0	50	1	[]	0	0
14	123456912	239	0	1	0	0	0	0	0	0	0	0	0	0	0	0	0	120	10	0	0	0	0	0	0	0	50	1	[]	0	1
15	123456912	236	3	1	0	0	0	0	0	0	0	0	0	0	0	0	0	120	10	0	0	0	0	0	0	0	50	1	[]	0	1
16	123456912	219	1	0	0	16	2	2	0	0	0	0	0	0	0	0	0	180	10	0	1	0	0	0	0	0	50	2	[3C]	1	1
17	123456912	217	2	1	0	16	1	3	0	0	0	0	0	0	0	0	0	180	11	0	1	0	0	0	0	0	50	3	[3C]	1	2
18	123456912	216	2	2	0	16	1	3	0	0	0	0	0	0	0	0	0	180	14	0	1	0	0	0	0	0	50	3	[3C]	1	2
19	123456912	213	4	3	0	16	1	3	0	0	0	0	0	0	0	0	0	180	14	0	1	0	0	0	0	0	50	3	[3C]	1	3
20	123456912	213	4	1	2	16	1	3	0	0	0	0	0	0	0	0	0	180	14	0	1	0	0	0	0	0	50	3	[3C]	1	2
21	123456912	213	4	1	2	16	0	4	0	0	0	0	0	0	0	0	0	180	15	0	1	0	0	0	0	0	50	3	[3C]	1	2
22	123456912	213	4	1	2	16	0	1	3	0	0	0	0	0	0	0	0	180	15	0	1	0	0	0	0	0	50	3	[3C]	1	2
23	123456912	196	3	1	0	33	0	1	6	0	0	0	0	0	0	0	0	235	15	0	2	0	0	0	0	0	50	3	[3C 1D]	2	2
24	123456912	196	3	1	0	33	0	1	6	0	0	0	0	0	0	0	0	235	15	0	2	0	0	0	0	0	50	3	[3C 1D]	2	2
25	123456912	194	3	3	0	33	0	1	6	0	0	0	0	0	0	0	0	235	16	0	2	0	0	0	0	0	50	3	[3C 1D]	2	3
26	123456912	194	3	1	2	33	0	0	7	0	0	0	0	0	0	0	0	235	16	0	2	0	0	0	0	0	50	3	[3C 1D]	2	1
27	123456912	194	1	3	2	33	0	0	7	0	0	0	0	0	0	0	0	235	17	0	2	0	0	0	0	0	50	3	[3C 1D]	2	2
28	123456912	194	1	3	2	33	0	0	7	0	0	0	0	0	0	0	0	235	19	0	2	0	0	0	0	0	50	3	[3C 1D]	2	2
29	123456912	191	4	3	2	33	0	0	7	0	0	0	0	0	0	0	0	235	20	0	2	0	0	0	0	0	50	3	[3C 1D]	2	2
30	123456912	191	2	2	5	31	3	2	4	0	0	0	0	0	0	0	0	290	21	0	3	0	0	0	0	0	50	3	[1D 3D]	2	3
31	123456912	190	1	2	7	31	2	3	4	0	0	0	0	0	0	0	0	290	22	0	3	0	0	0	0	0	50	3	[1D 3D]	2	3
32	123456912	190	1	1	8	31	1	4	4	0	0	0	0	0	0	0	0	290	22	0	3	0	0	0	0	0	50	3	[1D 3D]	2	2
33	123456912	190	1	1	8	31	0	3	6	0	0	0	0	0	0	0	0	290	24	0	3	0	0	0	0	0	50	3	[1D 3D]	2	2
34	123456912	190	1	0	9	31	0	3	6	0	0	0	0	0	0	0	0	290	24	0	3	0	0	0	0	0	50	3	[1D 3D]	2	1
35	123456912	190	1	0	9	31	0	3	6	0	0	0	0	0	0	0	0	290	24	0	3	0	0	0	0	0	50	3	[1D 3D]	2	1
