day	seedRun	susceptible	exposed	infected	removed	susceptible-in-quarantine	exposed-in-quarantine	infected-in-quarantine	removed-in-quarantine	susceptible-in-quarantine-external-1	exposed-in-quarantine-external-1	infected-in-quarantine-external-1	removed-in-quarantine-external-1	susceptible-in-quarantine-external-2	exposed-in-quarantine-external-2	infected-in-quarantine-external-2	removed-in-quarantine-external-2	num-of-screened-agents	num-of-screened-agents-external-1	num-of-screened-agents-external-2	num-of-positive-agents	num-of-positive-agents-external-1	num-of-positive-agents-external-2	num-vaccinated	num-immunized	num-immunized-in-quarantine	num-immunized-in-quarantine-external-1	num-immunized-in-quarantine-external-2	num-infected-outside	classroom-in-quarantine	num-of-classroom-in-quarantine	classroom-with-at-least-one-infected
0	123456799	216	0	0	0	0	0	0	0	0	0	0	0	0	0	0	0	0	0	0	0	0	0	74	74	0	0	0	0	[]	0	0
1	123456799	210	6	0	0	0	0	0	0	0	0	0	0	0	0	0	0	0	2	0	0	0	0	74	74	0	0	0	6	[]	0	0
2	123456799	196	19	1	0	0	0	0	0	0	0	0	0	0	0	0	0	0	3	0	0	0	0	74	74	0	0	0	9	[]	0	1
3	123456799	178	31	6	0	0	0	0	0	0	0	0	0	0	0	1	0	0	5	1	0	0	1	74	74	0	0	0	16	[]	0	2
4	123456799	143	57	14	0	0	0	0	0	0	0	0	0	0	0	2	0	0	6	2	0	0	2	74	74	0	0	0	18	[]	0	6
5	123456799	98	87	27	2	0	0	0	0	0	0	0	0	0	0	2	0	0	7	2	0	0	2	74	74	0	0	0	20	[]	0	8
6	123456799	95	61	53	3	0	0	0	0	0	0	1	0	0	0	3	0	0	10	3	0	1	3	74	74	0	0	0	23	[]	0	10
7	123456799	95	47	55	12	0	0	0	0	0	0	1	0	0	0	6	0	0	10	6	0	1	6	74	74	0	0	0	23	[]	0	11
8	123456799	32	102	60	15	0	0	0	0	0	0	1	0	0	0	5	1	0	13	6	0	1	6	74	74	0	0	0	24	[]	0	12
9	123456799	4	106	73	26	0	0	0	0	0	0	1	0	0	0	4	2	0	15	6	0	1	6	74	74	0	0	0	24	[]	0	12
10	123456799	0	73	90	39	0	0	0	0	0	0	2	0	0	0	10	2	0	16	12	0	2	12	74	74	0	0	0	24	[]	0	12
11	123456799	0	53	96	51	0	0	0	0	0	0	3	0	0	0	11	2	0	17	13	0	3	13	74	74	0	0	0	24	[]	0	12
12	123456799	0	29	102	63	0	0	0	0	0	0	4	0	0	0	15	3	0	19	18	0	4	18	74	74	0	0	0	24	[]	0	12
13	123456799	0	19	98	77	0	0	0	0	0	0	4	0	0	0	14	4	0	20	19	0	4	19	74	74	0	0	0	24	[]	0	12
14	123456799	0	12	87	93	0	0	0	0	0	0	6	0	0	0	13	5	0	23	20	0	6	20	74	74	0	0	0	24	[]	0	12
15	123456799	0	9	77	103	0	0	0	0	0	0	5	1	0	0	13	8	0	25	23	0	6	23	74	74	0	0	0	24	[]	0	12
16	123456799	0	6	61	121	0	0	0	0	0	0	5	1	0	0	12	10	0	27	25	0	7	25	74	74	0	0	0	24	[]	0	12
17	123456799	0	3	56	131	0	0	0	0	0	0	4	2	0	0	10	10	0	31	26	0	7	26	74	74	0	0	0	24	[]	0	12
18	123456799	0	2	49	136	0	0	0	0	0	0	5	3	0	0	11	10	0	34	27	0	9	27	74	74	0	0	0	24	[]	0	12
19	123456799	0	2	40	142	0	0	0	0	0	0	5	3	0	0	11	13	0	34	30	0	9	30	74	74	0	0	0	24	[]	0	12
20	123456799	0	2	33	152	0	0	0	0	0	0	3	4	0	0	11	11	0	34	34	0	9	34	74	74	0	0	0	24	[]	0	12
21	123456799	0	1	30	158	0	0	0	0	0	0	2	4	0	0	10	11	0	36	34	0	9	34	74	74	0	0	0	24	[]	0	12
22	123456799	0	0	25	169	0	0	0	0	0	0	1	4	0	0	8	9	0	36	35	0	9	35	74	74	0	0	0	24	[]	0	12
23	123456799	0	0	20	175	0	0	0	0	0	0	1	4	0	0	7	9	0	38	35	0	9	35	74	74	0	0	0	24	[]	0	11
24	123456799	0	0	20	178	0	0	0	0	0	0	1	2	0	0	6	9	0	39	35	0	9	35	74	74	0	0	0	24	[]	0	11
25	123456799	0	0	14	186	0	0	0	0	0	0	1	2	0	0	7	6	0	40	36	0	9	36	74	74	0	0	0	24	[]	0	11
26	123456799	0	0	10	192	0	0	0	0	0	0	2	1	0	0	5	6	0	42	36	0	10	36	74	74	0	0	0	24	[]	0	10
27	123456799	0	0	9	194	0	0	0	0	0	0	1	2	0	0	5	5	0	44	36	0	10	36	74	74	0	0	0	24	[]	0	10
28	123456799	0	0	8	198	0	0	0	0	0	0	1	0	0	0	5	4	0	46	36	0	10	36	74	74	0	0	0	24	[]	0	10
29	123456799	0	0	5	204	0	0	0	0	0	0	1	0	0	0	1	5	0	47	36	0	10	36	74	74	0	0	0	24	[]	0	6
30	123456799	0	0	5	208	0	0	0	0	0	0	1	0	0	0	1	1	0	51	36	0	10	36	74	74	0	0	0	24	[]	0	6
31	123456799	0	0	5	208	0	0	0	0	0	0	0	1	0	0	1	1	0	53	36	0	10	36	74	74	0	0	0	24	[]	0	5
32	123456799	0	0	4	210	0	0	0	0	0	0	0	1	0	0	1	0	0	54	36	0	10	36	74	74	0	0	0	24	[]	0	4
33	123456799	0	0	4	210	0	0	0	0	0	0	0	1	0	0	1	0	0	56	36	0	10	36	74	74	0	0	0	24	[]	0	4
34	123456799	0	0	4	210	0	0	0	0	0	0	0	1	0	0	1	0	0	57	36	0	10	36	74	74	0	0	0	24	[]	0	4
35	123456799	0	0	2	212	0	0	0	0	0	0	0	1	0	0	1	0	0	59	37	0	10	37	74	74	0	0	0	24	[]	0	3
36	123456799	0	0	2	213	0	0	0	0	0	0	0	0	0	0	1	0	0	61	37	0	10	37	74	74	0	0	0	24	[]	0	3
37	123456799	0	0	1	214	0	0	0	0	0	0	0	0	0	0	1	0	0	64	37	0	10	37	74	74	0	0	0	24	[]	0	2
38	123456799	0	0	1	214	0	0	0	0	0	0	0	0	0	0	1	0	0	66	37	0	10	37	74	74	0	0	0	24	[]	0	2
39	123456799	0	0	1	214	0	0	0	0	0	0	0	0	0	0	1	0	0	66	37	0	10	37	74	74	0	0	0	24	[]	0	2
40	123456799	0	0	1	214	0	0	0	0	0	0	0	0	0	0	0	1	0	69	37	0	10	37	74	74	0	0	0	24	[]	0	1
41	123456799	0	0	1	214	0	0	0	0	0	0	0	0	0	0	0	1	0	69	37	0	10	37	74	74	0	0	0	24	[]	0	1
42	123456799	0	0	1	214	0	0	0	0	0	0	0	0	0	0	0	1	0	74	37	0	10	37	74	74	0	0	0	24	[]	0	1
43	123456799	0	0	1	214	0	0	0	0	0	0	0	0	0	0	0	1	0	74	37	0	10	37	74	74	0	0	0	24	[]	0	1
44	123456799	0	0	1	214	0	0	0	0	0	0	0	0	0	0	0	1	0	77	37	0	10	37	74	74	0	0	0	24	[]	0	1
45	123456799	0	0	1	215	0	0	0	0	0	0	0	0	0	0	0	0	0	78	37	0	10	37	74	74	0	0	0	24	[]	0	1
46	123456799	0	0	1	215	0	0	0	0	0	0	0	0	0	0	0	0	0	79	37	0	10	37	74	74	0	0	0	24	[]	0	1
47	123456799	0	0	1	215	0	0	0	0	0	0	0	0	0	0	0	0	0	81	37	0	10	37	74	74	0	0	0	24	[]	0	1
48	123456799	0	0	1	215	0	0	0	0	0	0	0	0	0	0	0	0	0	83	37	0	10	37	74	74	0	0	0	24	[]	0	1
49	123456799	0	0	0	216	0	0	0	0	0	0	0	0	0	0	0	0	0	85	37	0	10	37	74	74	0	0	0	24	[]	0	0
50	123456799	0	0	0	216	0	0	0	0	0	0	0	0	0	0	0	0	0	86	37	0	10	37	74	74	0	0	0	24	[]	0	0
51	123456799	0	0	0	216	0	0	0	0	0	0	0	0	0	0	0	0	0	87	37	0	10	37	74	74	0	0	0	24	[]	0	0
52	123456799	0	0	0	216	0	0	0	0	0	0	0	0	0	0	0	0	0	90	37	0	10	37	74	74	0	0	0	24	[]	0	0
53	123456799	0	0	0	216	0	0	0	0	0	0	0	0	0	0	0	0	0	94	37	0	10	37	74	74	0	0	0	24	[]	0	0
54	123456799	0	0	0	216	0	0	0	0	0	0	0	0	0	0	0	0	0	97	37	0	10	37	74	74	0	0	0	24	[]	0	0
55	123456799	0	0	0	216	0	0	0	0	0	0	0	0	0	0	0	0	0	100	37	0	10	37	74	74	0	0	0	24	[]	0	0
56	123456799	0	0	0	216	0	0	0	0	0	0	0	0	0	0	0	0	0	101	37	0	10	37	74	74	0	0	0	24	[]	0	0
57	123456799	0	0	0	216	0	0	0	0	0	0	0	0	0	0	0	0	0	103	37	0	10	37	74	74	0	0	0	24	[]	0	0
58	123456799	0	0	0	216	0	0	0	0	0	0	0	0	0	0	0	0	0	105	37	0	10	37	74	74	0	0	0	24	[]	0	0
59	123456799	0	0	0	216	0	0	0	0	0	0	0	0	0	0	0	0	0	107	37	0	10	37	74	74	0	0	0	24	[]	0	0
60	123456799	0	0	0	216	0	0	0	0	0	0	0	0	0	0	0	0	0	108	37	0	10	37	74	74	0	0	0	24	[]	0	0
