day	seedRun	susceptible	exposed	infected	removed	susceptible-in-quarantine	exposed-in-quarantine	infected-in-quarantine	removed-in-quarantine	susceptible-in-quarantine-external-1	exposed-in-quarantine-external-1	infected-in-quarantine-external-1	removed-in-quarantine-external-1	susceptible-in-quarantine-external-2	exposed-in-quarantine-external-2	infected-in-quarantine-external-2	removed-in-quarantine-external-2	num-of-screened-agents	num-of-screened-agents-external-1	num-of-screened-agents-external-2	num-of-positive-agents	num-of-positive-agents-external-1	num-of-positive-agents-external-2	num-vaccinated	num-immunized	num-immunized-in-quarantine	num-immunized-in-quarantine-external-1	num-immunized-in-quarantine-external-2	num-infected-outside	classroom-in-quarantine	num-of-classroom-in-quarantine	classroom-with-at-least-one-infected
0	123457262	216	0	0	0	0	0	0	0	0	0	0	0	0	0	0	0	0	0	0	0	0	0	74	74	0	0	0	0	[]	0	0
1	123457262	213	3	0	0	0	0	0	0	0	0	0	0	0	0	0	0	0	3	0	0	0	0	74	74	0	0	0	3	[]	0	0
2	123457262	203	12	1	0	0	0	0	0	0	0	0	0	0	0	0	0	0	5	0	0	0	0	74	74	0	0	0	7	[]	0	1
3	123457262	191	22	3	0	0	0	0	0	0	0	0	0	0	0	0	0	0	7	0	0	0	0	74	74	0	0	0	9	[]	0	2
4	123457262	165	44	6	1	0	0	0	0	0	0	0	0	0	0	0	0	0	9	0	0	0	0	74	74	0	0	0	12	[]	0	4
5	123457262	143	61	9	2	0	0	0	0	0	0	1	0	0	0	0	0	0	12	0	0	1	0	74	74	0	0	0	15	[]	0	5
6	123457262	140	47	24	4	0	0	0	0	0	0	1	0	0	0	0	0	0	13	0	0	1	0	74	74	0	0	0	18	[]	0	7
7	123457262	138	35	35	6	0	0	0	0	0	0	1	0	0	0	1	0	0	15	1	0	1	1	74	74	0	0	0	20	[]	0	10
8	123457262	81	77	42	11	0	0	0	0	0	0	1	0	0	0	4	0	0	18	4	0	1	4	74	74	0	0	0	22	[]	0	10
9	123457262	39	100	52	18	0	0	0	0	0	0	1	0	0	0	6	0	0	19	6	0	1	6	74	74	0	0	0	23	[]	0	10
10	123457262	7	103	74	23	0	0	0	0	0	0	1	0	0	0	7	1	0	21	8	0	1	8	74	74	0	0	0	25	[]	0	12
11	123457262	1	79	96	30	0	0	0	0	0	0	1	0	0	0	6	3	0	21	9	0	1	9	74	74	0	0	0	25	[]	0	12
12	123457262	0	58	102	43	0	0	0	0	0	0	1	0	0	0	8	4	0	22	12	0	1	12	74	74	0	0	0	25	[]	0	12
13	123457262	0	41	103	55	0	0	0	0	0	0	1	0	0	0	12	4	0	22	16	0	1	16	74	74	0	0	0	25	[]	0	12
14	123457262	0	28	98	70	0	0	0	0	0	0	2	0	0	0	12	6	0	23	18	0	2	18	74	74	0	0	0	25	[]	0	12
15	123457262	0	19	89	85	0	0	0	0	0	0	2	0	0	0	10	11	0	24	21	0	3	21	74	74	0	0	0	25	[]	0	12
16	123457262	0	15	76	100	0	0	0	0	0	0	3	0	0	0	8	14	0	25	22	0	4	22	74	74	0	0	0	25	[]	0	12
17	123457262	0	10	67	114	0	0	0	0	0	0	3	0	0	0	8	14	0	25	23	0	4	23	74	74	0	0	0	25	[]	0	12
18	123457262	0	7	57	129	0	0	0	0	0	0	3	0	0	0	7	13	0	27	24	0	4	24	74	74	0	0	0	25	[]	0	12
19	123457262	0	4	47	141	0	0	0	0	0	0	4	0	0	0	8	12	0	29	26	0	5	26	74	74	0	0	0	25	[]	0	12
20	123457262	0	1	43	149	0	0	0	0	0	0	5	0	0	0	8	10	0	31	26	0	6	26	74	74	0	0	0	25	[]	0	12
21	123457262	0	1	36	156	0	0	0	0	0	0	5	0	0	0	9	9	0	31	27	0	6	27	74	74	0	0	0	25	[]	0	12
22	123457262	0	0	30	165	0	0	0	0	0	0	5	0	0	0	8	8	0	33	28	0	6	28	74	74	0	0	0	25	[]	0	12
23	123457262	0	0	26	173	0	0	0	0	0	0	4	1	0	0	7	5	0	34	28	0	6	28	74	74	0	0	0	25	[]	0	12
24	123457262	0	0	21	181	0	0	0	0	0	0	3	1	0	0	5	5	0	34	28	0	6	28	74	74	0	0	0	25	[]	0	11
25	123457262	0	0	19	187	0	0	0	0	0	0	2	1	0	0	4	3	0	35	28	0	6	28	74	74	0	0	0	25	[]	0	11
26	123457262	0	0	14	192	0	0	0	0	0	0	1	1	0	0	3	5	0	38	30	0	6	30	74	74	0	0	0	25	[]	0	10
27	123457262	0	0	12	194	0	0	0	0	0	0	1	1	0	0	4	4	0	40	31	0	6	31	74	74	0	0	0	25	[]	0	10
28	123457262	0	0	11	196	0	0	0	0	0	0	1	1	0	0	4	3	0	41	31	0	6	31	74	74	0	0	0	25	[]	0	9
29	123457262	0	0	10	200	0	0	0	0	0	0	1	0	0	0	3	2	0	44	31	0	6	31	74	74	0	0	0	25	[]	0	9
30	123457262	0	0	7	203	0	0	0	0	0	0	1	0	0	0	3	2	0	48	31	0	7	31	74	74	0	0	0	25	[]	0	9
31	123457262	0	0	6	205	0	0	0	0	0	0	1	0	0	0	3	1	0	51	31	0	7	31	74	74	0	0	0	25	[]	0	8
32	123457262	0	0	5	207	0	0	0	0	0	0	1	0	0	0	2	1	0	54	31	0	7	31	74	74	0	0	0	25	[]	0	6
33	123457262	0	0	4	207	0	0	0	0	0	0	1	0	0	0	3	1	0	58	32	0	7	32	74	74	0	0	0	25	[]	0	6
34	123457262	0	0	2	209	0	0	0	0	0	0	1	0	0	0	2	2	0	60	32	0	7	32	74	74	0	0	0	25	[]	0	5
35	123457262	0	0	0	211	0	0	0	0	0	0	1	0	0	0	2	2	0	61	32	0	7	32	74	74	0	0	0	25	[]	0	3
36	123457262	0	0	0	213	0	0	0	0	0	0	1	0	0	0	1	1	0	63	32	0	7	32	74	74	0	0	0	25	[]	0	2
37	123457262	0	0	0	214	0	0	0	0	0	0	1	0	0	0	1	0	0	66	32	0	7	32	74	74	0	0	0	25	[]	0	2
38	123457262	0	0	0	214	0	0	0	0	0	0	1	0	0	0	1	0	0	66	32	0	7	32	74	74	0	0	0	25	[]	0	2
39	123457262	0	0	0	214	0	0	0	0	0	0	1	0	0	0	1	0	0	69	32	0	7	32	74	74	0	0	0	25	[]	0	2
40	123457262	0	0	0	215	0	0	0	0	0	0	0	0	0	0	1	0	0	70	32	0	7	32	74	74	0	0	0	25	[]	0	1
41	123457262	0	0	0	215	0	0	0	0	0	0	0	0	0	0	1	0	0	71	32	0	7	32	74	74	0	0	0	25	[]	0	1
42	123457262	0	0	0	215	0	0	0	0	0	0	0	0	0	0	1	0	0	73	32	0	7	32	74	74	0	0	0	25	[]	0	1
43	123457262	0	0	0	216	0	0	0	0	0	0	0	0	0	0	0	0	0	75	32	0	7	32	74	74	0	0	0	25	[]	0	0
44	123457262	0	0	0	216	0	0	0	0	0	0	0	0	0	0	0	0	0	76	32	0	7	32	74	74	0	0	0	25	[]	0	0
45	123457262	0	0	0	216	0	0	0	0	0	0	0	0	0	0	0	0	0	77	32	0	7	32	74	74	0	0	0	25	[]	0	0
46	123457262	0	0	0	216	0	0	0	0	0	0	0	0	0	0	0	0	0	80	32	0	7	32	74	74	0	0	0	25	[]	0	0
47	123457262	0	0	0	216	0	0	0	0	0	0	0	0	0	0	0	0	0	81	32	0	7	32	74	74	0	0	0	25	[]	0	0
48	123457262	0	0	0	216	0	0	0	0	0	0	0	0	0	0	0	0	0	82	32	0	7	32	74	74	0	0	0	25	[]	0	0
49	123457262	0	0	0	216	0	0	0	0	0	0	0	0	0	0	0	0	0	83	32	0	7	32	74	74	0	0	0	25	[]	0	0
50	123457262	0	0	0	216	0	0	0	0	0	0	0	0	0	0	0	0	0	84	32	0	7	32	74	74	0	0	0	25	[]	0	0
51	123457262	0	0	0	216	0	0	0	0	0	0	0	0	0	0	0	0	0	86	32	0	7	32	74	74	0	0	0	25	[]	0	0
52	123457262	0	0	0	216	0	0	0	0	0	0	0	0	0	0	0	0	0	88	32	0	7	32	74	74	0	0	0	25	[]	0	0
53	123457262	0	0	0	216	0	0	0	0	0	0	0	0	0	0	0	0	0	90	32	0	7	32	74	74	0	0	0	25	[]	0	0
54	123457262	0	0	0	216	0	0	0	0	0	0	0	0	0	0	0	0	0	92	32	0	7	32	74	74	0	0	0	25	[]	0	0
55	123457262	0	0	0	216	0	0	0	0	0	0	0	0	0	0	0	0	0	92	32	0	7	32	74	74	0	0	0	25	[]	0	0
56	123457262	0	0	0	216	0	0	0	0	0	0	0	0	0	0	0	0	0	95	32	0	7	32	74	74	0	0	0	25	[]	0	0
57	123457262	0	0	0	216	0	0	0	0	0	0	0	0	0	0	0	0	0	98	32	0	7	32	74	74	0	0	0	25	[]	0	0
58	123457262	0	0	0	216	0	0	0	0	0	0	0	0	0	0	0	0	0	101	32	0	7	32	74	74	0	0	0	25	[]	0	0
59	123457262	0	0	0	216	0	0	0	0	0	0	0	0	0	0	0	0	0	103	32	0	7	32	74	74	0	0	0	25	[]	0	0
60	123457262	0	0	0	216	0	0	0	0	0	0	0	0	0	0	0	0	0	105	32	0	7	32	74	74	0	0	0	25	[]	0	0
