day	seedRun	susceptible	exposed	infected	removed	susceptible-in-quarantine	exposed-in-quarantine	infected-in-quarantine	removed-in-quarantine	susceptible-in-quarantine-external-1	exposed-in-quarantine-external-1	infected-in-quarantine-external-1	removed-in-quarantine-external-1	susceptible-in-quarantine-external-2	exposed-in-quarantine-external-2	infected-in-quarantine-external-2	removed-in-quarantine-external-2	num-of-screened-agents	num-of-screened-agents-external-1	num-of-screened-agents-external-2	num-of-positive-agents	num-of-positive-agents-external-1	num-of-positive-agents-external-2	num-vaccinated	num-immunized	num-immunized-in-quarantine	num-immunized-in-quarantine-external-1	num-immunized-in-quarantine-external-2	num-infected-outside	classroom-in-quarantine	num-of-classroom-in-quarantine	classroom-with-at-least-one-infected
0	123456991	235	0	0	0	0	0	0	0	0	0	0	0	0	0	0	0	0	0	0	0	0	0	74	55	0	0	0	0	[]	0	0
1	123456991	231	4	0	0	0	0	0	0	0	0	0	0	0	0	0	0	0	1	0	0	0	0	74	55	0	0	0	4	[]	0	0
2	123456991	222	12	1	0	0	0	0	0	0	0	0	0	0	0	0	0	0	4	0	0	0	0	74	55	0	0	0	13	[]	0	1
3	123456991	209	23	3	0	0	0	0	0	0	0	0	0	0	0	0	0	0	5	0	0	0	0	74	55	0	0	0	19	[]	0	3
4	123456991	196	29	9	1	0	0	0	0	0	0	0	0	0	0	0	0	0	6	0	0	0	0	74	55	0	0	0	21	[]	0	7
5	123456991	174	47	10	3	0	0	0	0	0	0	0	0	0	0	1	0	0	7	1	0	0	1	74	55	0	0	0	26	[]	0	7
6	123456991	173	33	22	6	0	0	0	0	0	0	0	0	0	0	0	1	0	8	1	0	0	1	74	55	0	0	0	27	[]	0	8
7	123456991	172	26	26	9	0	0	0	0	0	0	0	0	0	0	1	1	0	9	2	0	0	2	74	55	0	0	0	28	[]	0	9
8	123456991	135	54	31	11	0	0	0	0	0	0	0	0	0	0	2	2	0	10	4	0	0	4	74	55	0	0	0	30	[]	0	10
9	123456991	102	68	46	11	0	0	0	0	0	0	1	0	0	0	5	2	0	12	7	0	1	7	74	55	0	0	0	34	[]	0	10
10	123456991	82	70	51	21	0	0	0	0	0	0	1	0	0	0	8	2	0	13	10	0	1	10	74	55	0	0	0	37	[]	0	10
11	123456991	62	71	58	30	0	0	0	0	0	0	2	0	0	0	9	3	0	15	12	0	2	12	74	55	0	0	0	38	[]	0	12
12	123456991	44	72	68	36	0	0	0	0	0	0	2	0	0	0	8	5	0	16	13	0	2	13	74	55	0	0	0	38	[]	0	12
13	123456991	43	59	72	45	0	0	0	0	0	0	2	0	0	0	8	6	0	16	14	0	2	14	74	55	0	0	0	39	[]	0	12
14	123456991	43	40	80	53	0	0	0	0	0	0	5	0	0	0	8	6	0	19	14	0	5	14	74	55	0	0	0	39	[]	0	12
15	123456991	24	45	80	63	0	0	0	0	0	0	6	0	0	0	12	5	0	20	18	0	6	18	74	55	0	0	0	41	[]	0	12
16	123456991	13	46	78	72	0	0	0	0	0	0	6	0	0	0	14	6	0	22	21	0	6	21	74	55	0	0	0	43	[]	0	12
17	123456991	10	39	71	86	0	0	0	0	0	0	4	2	0	0	15	8	0	23	25	0	6	25	74	55	0	0	0	44	[]	0	12
18	123456991	7	31	69	97	0	0	0	0	0	0	5	4	0	0	13	9	0	27	26	0	9	26	74	55	0	0	0	44	[]	0	12
19	123456991	6	22	67	110	0	0	0	0	0	0	4	4	0	0	13	9	0	29	29	0	9	29	74	55	0	0	0	45	[]	0	12
20	123456991	6	18	63	118	0	0	0	0	0	0	4	4	0	0	15	7	0	30	32	0	9	32	74	55	0	0	0	45	[]	0	12
21	123456991	6	12	54	135	0	0	0	0	0	0	3	4	0	0	12	9	0	35	33	0	9	33	74	55	0	0	0	45	[]	0	12
22	123456991	5	11	51	140	0	0	0	0	0	0	3	4	0	0	10	11	0	36	34	0	9	34	74	55	0	0	0	45	[]	0	12
23	123456991	5	6	47	148	0	0	0	0	0	0	3	4	0	0	9	13	0	36	36	0	9	36	74	55	0	0	0	45	[]	0	12
24	123456991	4	7	41	157	0	0	0	0	0	0	1	3	0	0	6	16	0	38	36	0	9	36	74	55	0	0	0	45	[]	0	12
25	123456991	4	4	35	166	0	0	0	0	0	0	1	2	0	0	9	14	0	38	41	0	9	41	74	55	0	0	0	45	[]	0	12
26	123456991	3	3	28	176	0	0	0	0	0	0	1	2	0	0	11	11	0	40	43	0	9	43	74	55	0	0	0	45	[]	0	11
27	123456991	3	2	29	180	0	0	0	0	0	0	1	2	0	0	9	9	0	43	43	0	9	43	74	55	0	0	0	45	[]	0	10
28	123456991	2	2	25	189	0	0	0	0	0	0	0	0	0	0	9	8	0	44	43	0	9	43	74	55	0	0	0	46	[]	0	10
29	123456991	2	1	23	193	0	0	0	0	0	0	0	0	0	0	10	6	0	47	45	0	9	45	74	55	0	0	0	46	[]	0	9
30	123456991	2	1	19	199	0	0	0	0	0	0	1	0	0	0	9	4	0	49	45	0	10	45	74	55	0	0	0	46	[]	0	9
31	123456991	2	1	16	202	0	0	0	0	0	0	1	0	0	0	10	3	0	52	46	0	10	46	74	55	0	0	0	46	[]	0	9
32	123456991	2	0	15	205	0	0	0	0	0	0	1	0	0	0	7	5	0	53	46	0	10	46	74	55	0	0	0	46	[]	0	8
33	123456991	2	0	13	209	0	0	0	0	0	0	1	0	0	0	5	5	0	55	46	0	10	46	74	55	0	0	0	46	[]	0	8
34	123456991	2	0	13	209	0	0	0	0	0	0	1	0	0	0	4	6	0	56	46	0	10	46	74	55	0	0	0	46	[]	0	8
35	123456991	2	0	8	219	0	0	0	0	0	0	1	0	0	0	2	3	0	56	46	0	10	46	74	55	0	0	0	46	[]	0	7
36	123456991	2	0	7	222	0	0	0	0	0	0	1	0	0	0	2	1	0	57	46	0	10	46	74	55	0	0	0	46	[]	0	7
37	123456991	2	0	6	223	0	0	0	0	0	0	1	0	0	0	2	1	0	58	46	0	10	46	74	55	0	0	0	46	[]	0	6
38	123456991	2	0	5	224	0	0	0	0	0	0	1	0	0	0	1	2	0	60	46	0	10	46	74	55	0	0	0	46	[]	0	4
39	123456991	2	0	5	226	0	0	0	0	0	0	0	1	0	0	1	0	0	62	46	0	10	46	74	55	0	0	0	46	[]	0	4
40	123456991	2	0	4	228	0	0	0	0	0	0	0	0	0	0	1	0	0	66	46	0	10	46	74	55	0	0	0	46	[]	0	4
41	123456991	2	0	3	229	0	0	0	0	0	0	0	0	0	0	1	0	0	67	47	0	10	47	74	55	0	0	0	46	[]	0	3
42	123456991	2	0	3	229	0	0	0	0	0	0	0	0	0	0	1	0	0	72	47	0	10	47	74	55	0	0	0	46	[]	0	3
43	123456991	2	0	3	229	0	0	0	0	0	0	0	0	0	0	1	0	0	73	47	0	10	47	74	55	0	0	0	46	[]	0	3
44	123456991	2	0	3	229	0	0	0	0	0	0	0	0	0	0	1	0	0	76	47	0	10	47	74	55	0	0	0	46	[]	0	3
45	123456991	2	0	2	230	0	0	0	0	0	0	0	0	0	0	1	0	0	79	47	0	10	47	74	55	0	0	0	46	[]	0	3
46	123456991	2	0	1	231	0	0	0	0	0	0	0	0	0	0	1	0	0	80	47	0	10	47	74	55	0	0	0	46	[]	0	2
47	123456991	2	0	1	231	0	0	0	0	0	0	0	0	0	0	1	0	0	80	47	0	10	47	74	55	0	0	0	46	[]	0	2
48	123456991	2	0	1	231	0	0	0	0	0	0	0	0	0	0	1	0	0	83	47	0	10	47	74	55	0	0	0	46	[]	0	2
49	123456991	1	1	1	231	0	0	0	0	0	0	0	0	0	0	1	0	0	85	47	0	10	47	74	55	0	0	0	47	[]	0	2
50	123456991	1	0	2	231	0	0	0	0	0	0	0	0	0	0	1	0	0	87	47	0	10	47	74	55	0	0	0	47	[]	0	2
51	123456991	1	0	1	233	0	0	0	0	0	0	0	0	0	0	0	0	0	87	47	0	10	47	74	55	0	0	0	47	[]	0	1
52	123456991	1	0	1	233	0	0	0	0	0	0	0	0	0	0	0	0	0	90	47	0	10	47	74	55	0	0	0	47	[]	0	1
53	123456991	1	0	0	234	0	0	0	0	0	0	0	0	0	0	0	0	0	90	47	0	10	47	74	55	0	0	0	47	[]	0	0
54	123456991	1	0	0	234	0	0	0	0	0	0	0	0	0	0	0	0	0	91	47	0	10	47	74	55	0	0	0	47	[]	0	0
55	123456991	1	0	0	234	0	0	0	0	0	0	0	0	0	0	0	0	0	92	47	0	10	47	74	55	0	0	0	47	[]	0	0
56	123456991	1	0	0	234	0	0	0	0	0	0	0	0	0	0	0	0	0	93	47	0	10	47	74	55	0	0	0	47	[]	0	0
57	123456991	1	0	0	234	0	0	0	0	0	0	0	0	0	0	0	0	0	95	47	0	10	47	74	55	0	0	0	47	[]	0	0
58	123456991	1	0	0	234	0	0	0	0	0	0	0	0	0	0	0	0	0	96	47	0	10	47	74	55	0	0	0	47	[]	0	0
59	123456991	1	0	0	234	0	0	0	0	0	0	0	0	0	0	0	0	0	97	47	0	10	47	74	55	0	0	0	47	[]	0	0
60	123456991	1	0	0	234	0	0	0	0	0	0	0	0	0	0	0	0	0	98	47	0	10	47	74	55	0	0	0	47	[]	0	0
