day	seedRun	susceptible	exposed	infected	removed	susceptible-in-quarantine	exposed-in-quarantine	infected-in-quarantine	removed-in-quarantine	susceptible-in-quarantine-external-1	exposed-in-quarantine-external-1	infected-in-quarantine-external-1	removed-in-quarantine-external-1	susceptible-in-quarantine-external-2	exposed-in-quarantine-external-2	infected-in-quarantine-external-2	removed-in-quarantine-external-2	num-of-screened-agents	num-of-screened-agents-external-1	num-of-screened-agents-external-2	num-of-positive-agents	num-of-positive-agents-external-1	num-of-positive-agents-external-2	num-vaccinated	num-immunized	num-immunized-in-quarantine	num-immunized-in-quarantine-external-1	num-immunized-in-quarantine-external-2	num-infected-outside	classroom-in-quarantine	num-of-classroom-in-quarantine	classroom-with-at-least-one-infected
0	123457288	233	0	0	0	0	0	0	0	0	0	0	0	0	0	0	0	0	0	0	0	0	0	74	57	0	0	0	0	[]	0	0
1	123457288	229	4	0	0	0	0	0	0	0	0	0	0	0	0	0	0	0	8	0	0	0	0	74	57	0	0	0	4	[]	0	0
2	123457288	205	26	2	0	0	0	0	0	0	0	0	0	0	0	0	0	0	9	0	0	0	0	74	57	0	0	0	8	[]	0	2
3	123457288	187	38	8	0	0	0	0	0	0	0	0	0	0	0	0	0	0	10	0	0	0	0	74	57	0	0	0	14	[]	0	2
4	123457288	170	48	13	2	0	0	0	0	0	0	0	0	0	0	0	0	0	11	0	0	0	0	74	57	0	0	0	17	[]	0	3
5	123457288	149	56	23	4	0	0	0	0	0	0	0	0	0	0	1	0	0	14	1	0	0	1	74	57	0	0	0	20	[]	0	5
6	123457288	143	46	35	7	0	0	0	0	0	0	0	0	0	0	2	0	0	17	2	0	0	2	74	57	0	0	0	26	[]	0	8
7	123457288	142	35	44	8	0	0	0	0	0	0	1	0	0	0	3	0	0	21	3	0	1	3	74	57	0	0	0	27	[]	0	9
8	123457288	57	108	50	14	0	0	0	0	0	0	1	0	0	0	3	0	0	24	3	0	1	3	74	57	0	0	0	29	[]	0	10
9	123457288	32	108	67	19	0	0	0	0	0	0	2	0	0	0	4	1	0	26	5	0	2	5	74	57	0	0	0	30	[]	0	11
10	123457288	11	101	85	27	0	0	0	0	0	0	2	1	0	0	5	1	0	28	6	0	3	6	74	57	0	0	0	30	[]	0	12
11	123457288	6	76	97	41	0	0	0	0	0	0	1	2	0	0	7	3	0	28	10	0	3	10	74	57	0	0	0	30	[]	0	12
12	123457288	3	53	103	56	0	0	0	0	0	0	1	2	0	0	12	3	0	29	15	0	3	15	74	57	0	0	0	30	[]	0	12
13	123457288	3	38	101	68	0	0	0	0	0	0	1	2	0	0	17	3	0	30	20	0	3	20	74	57	0	0	0	30	[]	0	12
14	123457288	3	28	93	85	0	0	0	0	0	0	0	3	0	0	16	5	0	32	21	0	3	21	74	57	0	0	0	30	[]	0	12
15	123457288	1	18	92	97	0	0	0	0	0	0	0	3	0	0	14	8	0	33	23	0	3	23	74	57	0	0	0	30	[]	0	12
16	123457288	1	14	78	112	0	0	0	0	0	0	1	3	0	0	17	7	0	35	26	0	4	26	74	57	0	0	0	30	[]	0	12
17	123457288	0	12	67	126	0	0	0	0	0	0	1	2	0	0	16	9	0	35	28	0	4	28	74	57	0	0	0	30	[]	0	12
18	123457288	0	10	58	135	0	0	0	0	0	0	1	2	0	0	16	11	0	37	30	0	4	30	74	57	0	0	0	30	[]	0	12
19	123457288	0	8	50	147	0	0	0	0	0	0	1	1	0	0	17	9	0	40	31	0	4	31	74	57	0	0	0	30	[]	0	12
20	123457288	0	6	44	155	0	0	0	0	0	0	1	0	0	0	16	11	0	44	33	0	4	33	74	57	0	0	0	30	[]	0	11
21	123457288	0	5	35	168	0	0	0	0	0	0	1	0	0	0	13	11	0	45	34	0	4	34	74	57	0	0	0	30	[]	0	11
22	123457288	0	2	32	176	0	0	0	0	0	0	1	1	0	0	15	6	0	48	36	0	5	36	74	57	0	0	0	30	[]	0	12
23	123457288	0	1	28	185	0	0	0	0	0	0	2	1	0	0	11	5	0	50	36	0	6	36	74	57	0	0	0	30	[]	0	12
24	123457288	0	1	22	190	0	0	0	0	0	0	2	2	0	0	10	6	0	51	37	0	7	37	74	57	0	0	0	30	[]	0	10
25	123457288	0	1	19	195	0	0	0	0	0	0	1	3	0	0	6	8	0	53	37	0	7	37	74	57	0	0	0	30	[]	0	9
26	123457288	0	1	15	202	0	0	0	0	0	0	2	2	0	0	3	8	0	55	37	0	8	37	74	57	0	0	0	30	[]	0	8
27	123457288	0	0	14	206	0	0	0	0	0	0	2	2	0	0	3	6	0	55	37	0	8	37	74	57	0	0	0	30	[]	0	9
28	123457288	0	0	13	209	0	0	0	0	0	0	2	2	0	0	2	5	0	60	37	0	8	37	74	57	0	0	0	30	[]	0	8
29	123457288	0	0	11	211	0	0	0	0	0	0	2	2	0	0	2	5	0	61	38	0	8	38	74	57	0	0	0	30	[]	0	8
30	123457288	0	0	8	215	0	0	0	0	0	0	2	2	0	0	2	4	0	62	39	0	8	39	74	57	0	0	0	30	[]	0	8
31	123457288	0	0	7	217	0	0	0	0	0	0	2	2	0	0	2	3	0	64	39	0	8	39	74	57	0	0	0	30	[]	0	8
32	123457288	0	0	5	222	0	0	0	0	0	0	2	1	0	0	1	2	0	65	39	0	8	39	74	57	0	0	0	30	[]	0	7
33	123457288	0	0	5	223	0	0	0	0	0	0	2	0	0	0	1	2	0	68	39	0	8	39	74	57	0	0	0	30	[]	0	7
34	123457288	0	0	4	226	0	0	0	0	0	0	1	0	0	0	0	2	0	69	39	0	8	39	74	57	0	0	0	30	[]	0	5
35	123457288	0	0	2	227	0	0	0	0	0	0	2	0	0	0	0	2	0	74	39	0	9	39	74	57	0	0	0	30	[]	0	4
36	123457288	0	0	2	228	0	0	0	0	0	0	1	0	0	0	0	2	0	74	39	0	9	39	74	57	0	0	0	30	[]	0	3
37	123457288	0	0	2	228	0	0	0	0	0	0	1	0	0	0	0	2	0	77	39	0	9	39	74	57	0	0	0	30	[]	0	3
38	123457288	0	0	1	229	0	0	0	0	0	0	1	0	0	0	0	2	0	83	39	0	9	39	74	57	0	0	0	30	[]	0	2
39	123457288	0	0	1	230	0	0	0	0	0	0	1	0	0	0	0	1	0	83	39	0	9	39	74	57	0	0	0	30	[]	0	2
40	123457288	0	0	1	231	0	0	0	0	0	0	1	0	0	0	0	0	0	83	39	0	9	39	74	57	0	0	0	30	[]	0	2
41	123457288	0	0	1	231	0	0	0	0	0	0	1	0	0	0	0	0	0	85	39	0	9	39	74	57	0	0	0	30	[]	0	2
42	123457288	0	0	1	231	0	0	0	0	0	0	1	0	0	0	0	0	0	88	39	0	9	39	74	57	0	0	0	30	[]	0	2
43	123457288	0	0	0	231	0	0	0	0	0	0	2	0	0	0	0	0	0	89	39	0	10	39	74	57	0	0	0	30	[]	0	2
44	123457288	0	0	0	231	0	0	0	0	0	0	2	0	0	0	0	0	0	93	39	0	10	39	74	57	0	0	0	30	[]	0	2
45	123457288	0	0	0	232	0	0	0	0	0	0	1	0	0	0	0	0	0	94	39	0	10	39	74	57	0	0	0	30	[]	0	1
46	123457288	0	0	0	232	0	0	0	0	0	0	1	0	0	0	0	0	0	96	39	0	10	39	74	57	0	0	0	30	[]	0	1
47	123457288	0	0	0	232	0	0	0	0	0	0	1	0	0	0	0	0	0	97	39	0	10	39	74	57	0	0	0	30	[]	0	1
48	123457288	0	0	0	232	0	0	0	0	0	0	0	1	0	0	0	0	0	100	39	0	10	39	74	57	0	0	0	30	[]	0	0
49	123457288	0	0	0	232	0	0	0	0	0	0	0	1	0	0	0	0	0	101	39	0	10	39	74	57	0	0	0	30	[]	0	0
50	123457288	0	0	0	232	0	0	0	0	0	0	0	1	0	0	0	0	0	104	39	0	10	39	74	57	0	0	0	30	[]	0	0
51	123457288	0	0	0	232	0	0	0	0	0	0	0	1	0	0	0	0	0	106	39	0	10	39	74	57	0	0	0	30	[]	0	0
52	123457288	0	0	0	232	0	0	0	0	0	0	0	1	0	0	0	0	0	110	39	0	10	39	74	57	0	0	0	30	[]	0	0
53	123457288	0	0	0	233	0	0	0	0	0	0	0	0	0	0	0	0	0	111	39	0	10	39	74	57	0	0	0	30	[]	0	0
54	123457288	0	0	0	233	0	0	0	0	0	0	0	0	0	0	0	0	0	113	39	0	10	39	74	57	0	0	0	30	[]	0	0
55	123457288	0	0	0	233	0	0	0	0	0	0	0	0	0	0	0	0	0	115	39	0	10	39	74	57	0	0	0	30	[]	0	0
56	123457288	0	0	0	233	0	0	0	0	0	0	0	0	0	0	0	0	0	116	39	0	10	39	74	57	0	0	0	30	[]	0	0
57	123457288	0	0	0	233	0	0	0	0	0	0	0	0	0	0	0	0	0	118	39	0	10	39	74	57	0	0	0	30	[]	0	0
58	123457288	0	0	0	233	0	0	0	0	0	0	0	0	0	0	0	0	0	119	39	0	10	39	74	57	0	0	0	30	[]	0	0
59	123457288	0	0	0	233	0	0	0	0	0	0	0	0	0	0	0	0	0	120	39	0	10	39	74	57	0	0	0	30	[]	0	0
60	123457288	0	0	0	233	0	0	0	0	0	0	0	0	0	0	0	0	0	120	39	0	10	39	74	57	0	0	0	30	[]	0	0
