day	seedRun	susceptible	exposed	infected	removed	susceptible-in-quarantine	exposed-in-quarantine	infected-in-quarantine	removed-in-quarantine	susceptible-in-quarantine-external-1	exposed-in-quarantine-external-1	infected-in-quarantine-external-1	removed-in-quarantine-external-1	susceptible-in-quarantine-external-2	exposed-in-quarantine-external-2	infected-in-quarantine-external-2	removed-in-quarantine-external-2	num-of-screened-agents	num-of-screened-agents-external-1	num-of-screened-agents-external-2	num-of-positive-agents	num-of-positive-agents-external-1	num-of-positive-agents-external-2	num-vaccinated-susceptible	num-vaccinated-exposed	num-vaccinated-infected	num-vaccinated-removed	num-vaccinated-susceptible-in-quarantine	num-vaccinated-exposed-in-quarantine	num-vaccinated-infected-in-quarantine	num-vaccinated-removed-in-quarantine	num-vaccinated-susceptible-in-quarantine-external-1	num-vaccinated-exposed-in-quarantine-external-1	num-vaccinated-infected-in-quarantine-external-1	num-vaccinated-removed-in-quarantine-external-1	num-vaccinated-susceptible-in-quarantine-external-2	num-vaccinated-exposed-in-quarantine-external-2	num-vaccinated-infected-in-quarantine-external-2	num-vaccinated-removed-in-quarantine-external-2	num-infected-outside	classroom-in-quarantine	num-of-classroom-in-quarantine	classroom-with-at-least-one-infected
0	123456918	72	0	0	0	0	0	0	0	0	0	0	0	0	0	0	0	0	0	0	0	0	0	218	0	0	0	0	0	0	0	0	0	0	0	0	0	0	0	0	[]	0	0
1	123456918	66	6	0	0	0	0	0	0	0	0	0	0	0	0	0	0	0	1	0	0	0	0	213	5	0	0	0	0	0	0	0	0	0	0	0	0	0	0	11	[]	0	0
2	123456918	60	11	1	0	0	0	0	0	0	0	0	0	0	0	0	0	0	2	0	0	0	0	208	9	1	0	0	0	0	0	0	0	0	0	0	0	0	0	20	[]	0	2
3	123456918	56	12	4	0	0	0	0	0	0	0	0	0	0	0	0	0	0	2	0	0	0	0	205	12	0	1	0	0	0	0	0	0	0	0	0	0	0	0	26	[]	0	4
4	123456918	51	15	6	0	0	0	0	0	0	0	0	0	0	0	0	0	0	2	0	0	0	0	198	13	6	1	0	0	0	0	0	0	0	0	0	0	0	0	34	[]	0	9
5	123456918	46	19	6	1	0	0	0	0	0	0	0	0	0	0	0	0	0	4	0	0	0	0	191	16	10	1	0	0	0	0	0	0	0	0	0	0	0	0	40	[]	0	8
6	123456918	43	13	12	2	0	0	0	0	0	0	2	0	0	0	0	0	0	7	0	0	2	0	189	10	18	1	0	0	0	0	0	0	0	0	0	0	0	0	45	[]	0	11
7	123456918	42	9	13	6	0	0	0	0	0	0	2	0	0	0	0	0	0	7	0	0	2	0	187	11	17	3	0	0	0	0	0	0	0	0	0	0	0	0	48	[]	0	11
8	123456918	32	16	15	7	0	0	0	0	0	0	2	0	0	0	0	0	0	8	0	0	2	0	179	18	14	7	0	0	0	0	0	0	0	0	0	0	0	0	52	[]	0	12
9	123456918	31	16	15	8	0	0	0	0	0	0	2	0	0	0	0	0	0	8	1	0	2	1	166	29	12	10	0	0	0	0	0	0	0	0	0	0	1	0	56	[]	0	11
10	123456918	24	17	20	9	0	0	0	0	0	0	1	1	0	0	0	0	0	9	1	0	2	1	156	32	17	12	0	0	0	0	0	0	0	0	0	0	1	0	59	[]	0	12
11	123456918	19	15	26	9	0	0	0	0	0	0	1	1	0	0	1	0	0	11	2	0	3	2	143	37	21	15	0	0	0	0	0	0	1	0	0	0	1	0	63	[]	0	12
12	123456918	11	20	24	13	0	0	0	0	0	0	1	1	0	0	2	0	0	12	3	0	3	3	133	39	27	17	0	0	0	0	0	0	1	0	0	0	1	0	65	[]	0	12
13	123456918	11	17	22	18	0	0	0	0	0	0	1	1	0	0	1	1	0	13	3	0	3	3	131	29	36	20	0	0	0	0	0	0	0	1	0	0	0	1	67	[]	0	11
14	123456918	9	14	25	20	0	0	0	0	0	0	1	1	0	0	1	1	0	14	3	0	3	3	130	24	35	27	0	0	0	0	0	0	0	1	0	0	0	1	70	[]	0	12
15	123456918	6	14	25	23	0	0	0	0	0	0	1	1	0	0	1	1	0	16	3	0	4	3	114	30	39	32	0	0	0	0	0	0	1	1	0	0	0	1	74	[]	0	12
16	123456918	4	11	28	25	0	0	0	0	0	0	0	2	0	0	1	1	0	16	3	0	4	3	105	32	40	38	0	0	0	0	0	0	1	1	0	0	0	1	76	[]	0	12
17	123456918	3	9	28	28	0	0	0	0	0	0	0	2	0	0	1	1	0	17	4	0	4	4	97	27	46	44	0	0	0	0	0	0	1	1	0	0	1	1	78	[]	0	12
18	123456918	2	9	24	33	0	0	0	0	0	0	0	2	0	0	1	1	0	18	4	0	5	4	90	27	48	48	0	0	0	0	0	0	2	1	0	0	1	1	80	[]	0	12
19	123456918	2	7	21	37	0	0	0	0	0	0	0	2	0	0	2	1	0	18	5	0	5	5	84	26	49	54	0	0	0	0	0	0	2	1	0	0	1	1	81	[]	0	12
20	123456918	2	6	19	42	0	0	0	0	0	0	0	0	0	0	1	2	0	20	5	0	5	5	82	17	52	62	0	0	0	0	0	0	2	1	0	0	1	1	83	[]	0	12
21	123456918	2	5	16	46	0	0	0	0	0	0	0	0	0	0	1	2	0	20	5	0	5	5	80	13	54	66	0	0	0	0	0	0	2	1	0	0	1	1	85	[]	0	12
22	123456918	1	5	14	47	0	0	0	0	0	0	1	0	0	0	2	2	0	23	6	0	6	6	73	17	51	72	0	0	0	0	0	0	2	1	0	0	1	1	87	[]	0	12
23	123456918	1	4	13	48	0	0	0	0	0	0	0	1	0	0	2	3	0	25	8	0	6	8	68	19	50	76	0	0	0	0	0	0	2	1	0	0	2	0	87	[]	0	12
24	123456918	1	2	11	52	0	0	0	0	0	0	0	1	0	0	2	3	0	25	8	0	6	8	63	16	51	83	0	0	0	0	0	0	2	1	0	0	2	0	87	[]	0	12
25	123456918	1	1	8	56	0	0	0	0	0	0	0	1	0	0	1	4	0	26	9	0	6	9	63	11	47	93	0	0	0	0	0	0	2	0	0	0	2	0	87	[]	0	12
26	123456918	1	1	7	58	0	0	0	0	0	0	0	1	0	0	1	3	0	26	9	0	6	9	58	11	48	97	0	0	0	0	0	0	2	0	0	0	2	0	90	[]	0	12
27	123456918	1	1	4	61	0	0	0	0	0	0	0	1	0	0	1	3	0	26	10	0	6	10	54	12	44	103	0	0	0	0	0	0	2	0	0	0	3	0	94	[]	0	12
28	123456918	1	1	4	61	0	0	0	0	0	0	0	1	0	0	1	3	0	27	10	0	6	10	53	10	42	108	0	0	0	0	0	0	2	0	0	0	2	1	95	[]	0	12
29	123456918	0	2	2	63	0	0	0	0	0	0	0	1	0	0	1	3	0	27	10	0	6	10	50	11	40	113	0	0	0	0	0	0	1	0	0	0	2	1	96	[]	0	12
30	123456918	0	1	3	63	0	0	0	0	0	0	0	1	0	0	0	4	0	28	10	0	6	10	49	10	35	120	0	0	0	0	0	0	0	1	0	0	1	2	97	[]	0	12
31	123456918	0	1	3	63	0	0	0	0	0	0	0	1	0	0	0	4	0	28	12	0	6	12	47	8	29	129	0	0	0	0	0	0	0	1	0	0	3	1	98	[]	0	11
32	123456918	0	0	4	63	0	0	0	0	0	0	0	1	0	0	0	4	0	29	12	0	6	12	46	7	25	136	0	0	0	0	0	0	0	0	0	0	3	1	99	[]	0	11
33	123456918	0	0	4	64	0	0	0	0	0	0	0	1	0	0	0	3	0	30	12	0	6	12	45	6	21	142	0	0	0	0	0	0	0	0	0	0	3	1	100	[]	0	11
34	123456918	0	0	4	64	0	0	0	0	0	0	0	1	0	0	0	3	0	31	13	0	6	13	43	7	18	145	0	0	0	0	0	0	0	0	0	0	4	1	102	[]	0	10
35	123456918	0	0	3	65	0	0	0	0	0	0	0	1	0	0	0	3	0	31	13	0	6	13	43	7	17	146	0	0	0	0	0	0	0	0	0	0	2	3	102	[]	0	9
36	123456918	0	0	2	68	0	0	0	0	0	0	0	0	0	0	0	2	0	33	13	0	6	13	43	5	18	147	0	0	0	0	0	0	0	0	0	0	2	3	102	[]	0	10
37	123456918	0	0	2	69	0	0	0	0	0	0	0	0	0	0	0	1	0	34	13	0	6	13	41	5	18	150	0	0	0	0	0	0	0	0	0	0	2	2	103	[]	0	10
38	123456918	0	0	1	70	0	0	0	0	0	0	0	0	0	0	0	1	0	35	13	0	6	13	40	5	19	150	0	0	0	0	0	0	0	0	0	0	2	2	104	[]	0	11
39	123456918	0	0	1	71	0	0	0	0	0	0	0	0	0	0	0	0	0	36	13	0	7	13	40	2	20	151	0	0	0	0	0	0	1	0	0	0	2	2	104	[]	0	10
40	123456918	0	0	1	71	0	0	0	0	0	0	0	0	0	0	0	0	0	36	13	0	7	13	38	4	20	151	0	0	0	0	0	0	1	0	0	0	2	2	105	[]	0	10
41	123456918	0	0	0	72	0	0	0	0	0	0	0	0	0	0	0	0	0	38	13	0	7	13	38	1	22	153	0	0	0	0	0	0	1	0	0	0	1	2	105	[]	0	10
42	123456918	0	0	0	72	0	0	0	0	0	0	0	0	0	0	0	0	0	40	13	0	7	13	36	2	22	154	0	0	0	0	0	0	1	0	0	0	1	2	107	[]	0	10
43	123456918	0	0	0	72	0	0	0	0	0	0	0	0	0	0	0	0	0	40	14	0	7	14	35	1	22	155	0	0	0	0	0	0	0	1	0	0	2	2	107	[]	0	10
44	123456918	0	0	0	72	0	0	0	0	0	0	0	0	0	0	0	0	0	40	15	0	7	15	35	0	21	156	0	0	0	0	0	0	0	1	0	0	3	2	107	[]	0	10
45	123456918	0	0	0	72	0	0	0	0	0	0	0	0	0	0	0	0	0	40	15	0	7	15	33	2	20	159	0	0	0	0	0	0	0	1	0	0	1	2	107	[]	0	9
46	123456918	0	0	0	72	0	0	0	0	0	0	0	0	0	0	0	0	0	40	15	0	7	15	32	2	16	164	0	0	0	0	0	0	0	1	0	0	1	2	108	[]	0	7
47	123456918	0	0	0	72	0	0	0	0	0	0	0	0	0	0	0	0	0	40	15	0	7	15	31	3	16	164	0	0	0	0	0	0	0	1	0	0	0	3	109	[]	0	7
48	123456918	0	0	0	72	0	0	0	0	0	0	0	0	0	0	0	0	0	40	15	0	7	15	31	3	16	165	0	0	0	0	0	0	0	1	0	0	0	2	109	[]	0	7
49	123456918	0	0	0	72	0	0	0	0	0	0	0	0	0	0	0	0	0	40	15	0	7	15	31	3	15	166	0	0	0	0	0	0	0	1	0	0	0	2	109	[]	0	7
50	123456918	0	0	0	72	0	0	0	0	0	0	0	0	0	0	0	0	0	40	15	0	7	15	30	2	14	169	0	0	0	0	0	0	0	1	0	0	0	2	110	[]	0	7
51	123456918	0	0	0	72	0	0	0	0	0	0	0	0	0	0	0	0	0	40	15	0	7	15	29	3	11	172	0	0	0	0	0	0	0	1	0	0	0	2	111	[]	0	4
52	123456918	0	0	0	72	0	0	0	0	0	0	0	0	0	0	0	0	0	41	15	0	7	15	28	4	10	173	0	0	0	0	0	0	0	1	0	0	0	2	112	[]	0	4
53	123456918	0	0	0	72	0	0	0	0	0	0	0	0	0	0	0	0	0	41	15	0	7	15	28	4	10	174	0	0	0	0	0	0	0	0	0	0	0	2	112	[]	0	4
54	123456918	0	0	0	72	0	0	0	0	0	0	0	0	0	0	0	0	0	42	15	0	7	15	28	4	7	177	0	0	0	0	0	0	0	0	0	0	0	2	112	[]	0	3
55	123456918	0	0	0	72	0	0	0	0	0	0	0	0	0	0	0	0	0	42	15	0	7	15	27	4	8	177	0	0	0	0	0	0	0	0	0	0	0	2	113	[]	0	3
56	123456918	0	0	0	72	0	0	0	0	0	0	0	0	0	0	0	0	0	42	15	0	7	15	27	1	10	178	0	0	0	0	0	0	0	0	0	0	0	2	113	[]	0	4
57	123456918	0	0	0	72	0	0	0	0	0	0	0	0	0	0	0	0	0	42	15	0	7	15	27	0	10	180	0	0	0	0	0	0	0	0	0	0	0	1	113	[]	0	4
58	123456918	0	0	0	72	0	0	0	0	0	0	0	0	0	0	0	0	0	42	15	0	7	15	27	0	8	183	0	0	0	0	0	0	0	0	0	0	0	0	113	[]	0	3
59	123456918	0	0	0	72	0	0	0	0	0	0	0	0	0	0	0	0	0	43	15	0	7	15	27	0	6	185	0	0	0	0	0	0	0	0	0	0	0	0	113	[]	0	3
60	123456918	0	0	0	72	0	0	0	0	0	0	0	0	0	0	0	0	0	43	15	0	7	15	26	1	6	185	0	0	0	0	0	0	0	0	0	0	0	0	113	[]	0	3
