day	seedRun	susceptible	exposed	infected	removed	susceptible-in-quarantine	exposed-in-quarantine	infected-in-quarantine	removed-in-quarantine	susceptible-in-quarantine-external-1	exposed-in-quarantine-external-1	infected-in-quarantine-external-1	removed-in-quarantine-external-1	susceptible-in-quarantine-external-2	exposed-in-quarantine-external-2	infected-in-quarantine-external-2	removed-in-quarantine-external-2	num-of-screened-agents	num-of-screened-agents-external-1	num-of-screened-agents-external-2	num-of-positive-agents	num-of-positive-agents-external-1	num-of-positive-agents-external-2	num-vaccinated	num-immunized	num-immunized-in-quarantine	num-immunized-in-quarantine-external-1	num-immunized-in-quarantine-external-2	num-infected-outside	classroom-in-quarantine	num-of-classroom-in-quarantine	classroom-with-at-least-one-infected
0	123457231	256	0	0	0	0	0	0	0	0	0	0	0	0	0	0	0	0	0	0	0	0	0	50	34	0	0	0	0	[]	0	0
1	123457231	255	1	0	0	0	0	0	0	0	0	0	0	0	0	0	0	0	1	0	0	0	0	50	34	0	0	0	1	[]	0	0
2	123457231	255	0	1	0	0	0	0	0	0	0	0	0	0	0	0	0	0	3	0	0	0	0	50	34	0	0	0	1	[]	0	1
3	123457231	253	2	1	0	0	0	0	0	0	0	0	0	0	0	0	0	0	3	0	0	0	0	50	34	0	0	0	1	[]	0	1
4	123457231	251	4	1	0	0	0	0	0	0	0	0	0	0	0	0	0	0	3	0	0	0	0	50	34	0	0	0	1	[]	0	1
5	123457231	249	6	1	0	0	0	0	0	0	0	0	0	0	0	0	0	0	3	0	0	0	0	50	34	0	0	0	1	[]	0	1
6	123457231	249	4	3	0	0	0	0	0	0	0	0	0	0	0	0	0	0	7	0	0	0	0	50	34	0	0	0	1	[]	0	1
7	123457231	248	3	5	0	0	0	0	0	0	0	0	0	0	0	0	0	0	7	0	0	0	0	50	34	0	0	0	2	[]	0	1
8	123457231	243	8	5	0	0	0	0	0	0	0	0	0	0	0	0	0	0	8	0	0	0	0	50	34	0	0	0	2	[]	0	1
9	123457231	236	14	6	0	0	0	0	0	0	0	0	0	0	0	0	0	0	9	0	0	0	0	50	34	0	0	0	2	[]	0	1
10	123457231	226	8	2	0	7	3	9	0	0	0	0	0	0	0	1	0	19	10	1	9	0	1	50	34	0	0	0	2	[2C]	1	2
11	123457231	224	7	5	0	7	2	9	1	0	0	0	0	0	0	1	0	19	11	1	9	0	1	50	34	0	0	0	2	[2C]	1	4
12	123457231	215	12	8	1	7	2	8	2	0	0	0	0	0	0	1	0	19	13	1	9	0	1	50	34	0	0	0	2	[2C]	1	4
13	123457231	214	8	11	3	7	2	6	4	0	0	0	0	0	0	1	0	19	14	1	9	0	1	50	34	0	0	0	3	[2C]	1	4
14	123457231	214	7	11	4	7	2	5	5	0	0	0	0	0	0	1	0	19	16	1	9	0	1	50	34	0	0	0	3	[2C]	1	4
15	123457231	208	11	5	8	7	1	9	5	0	0	0	0	0	0	2	0	38	17	2	12	0	2	50	34	0	0	0	3	[2C]	1	4
16	123457231	207	11	6	8	7	1	9	5	0	0	0	0	0	0	2	0	38	18	2	12	0	2	50	34	0	0	0	3	[2C]	1	4
17	123457231	205	12	7	8	7	1	9	5	0	0	0	0	0	0	2	0	38	19	2	12	0	2	50	34	0	0	0	3	[2C]	1	4
18	123457231	203	11	8	10	7	0	10	5	0	0	0	0	0	0	2	0	38	21	2	12	0	2	50	34	0	0	0	3	[2C]	1	4
19	123457231	189	21	10	12	7	0	9	6	0	0	0	0	0	0	2	0	38	22	2	12	0	2	50	34	0	0	0	3	[2C]	1	5
20	123457231	196	15	14	27	0	0	2	1	0	0	0	0	0	0	1	0	54	24	2	12	0	2	50	34	0	0	0	3	[]	0	4
21	123457231	189	9	8	26	7	3	8	4	0	0	0	0	0	0	2	0	73	26	3	18	0	3	50	34	0	0	0	3	[1C]	1	4
22	123457231	182	15	9	26	7	3	7	5	0	0	0	0	0	0	2	0	73	28	3	18	0	3	50	34	0	0	0	4	[1C]	1	4
23	123457231	177	18	9	28	7	3	6	6	0	0	0	0	0	0	2	0	73	31	3	18	0	3	50	34	0	0	0	4	[1C]	1	4
24	123457231	172	20	10	30	7	3	5	7	0	0	0	0	0	0	2	0	73	33	3	18	0	3	50	34	0	0	0	4	[1C]	1	4
25	123457231	166	21	14	35	7	3	3	6	0	0	0	0	0	0	1	0	73	37	3	18	0	3	50	34	0	0	0	4	[1C]	1	4
26	123457231	159	19	8	30	8	5	10	15	0	0	0	0	0	0	2	0	92	39	4	24	0	4	50	34	0	0	0	4	[1C 3C]	2	5
27	123457231	159	11	15	31	8	4	10	16	0	0	0	0	0	0	1	1	92	39	4	24	0	4	50	34	0	0	0	4	[1C 3C]	2	8
28	123457231	158	2	3	29	9	9	18	23	0	0	2	0	0	0	1	2	149	44	5	33	2	5	50	34	0	0	0	4	[1C 3C 2D]	3	8
29	123457231	152	8	2	30	9	6	18	26	0	0	2	0	0	0	1	2	149	47	5	33	2	5	50	34	0	0	0	5	[1C 3C 2D]	3	7
30	123457231	150	9	2	31	9	5	17	28	0	0	2	0	0	0	1	2	149	48	5	33	2	5	50	34	0	0	0	5	[1C 3C 2D]	3	7
31	123457231	156	7	4	45	2	2	15	21	0	0	2	0	0	0	1	1	149	50	5	33	2	5	50	34	0	0	0	5	[3C 2D]	2	6
32	123457231	154	8	2	48	2	1	15	22	0	0	2	0	0	0	1	1	149	51	5	33	2	5	50	34	0	0	0	5	[3C 2D]	2	6
33	123457231	147	11	6	48	2	1	13	24	0	0	2	0	0	0	1	1	185	52	5	33	2	5	50	34	0	0	0	5	[3C 2D]	2	7
34	123457231	147	8	9	48	2	0	10	28	0	0	1	1	0	0	1	1	185	52	5	33	2	5	50	34	0	0	0	5	[3C 2D]	2	7
35	123457231	147	7	3	52	2	0	10	30	0	0	1	1	0	0	2	1	204	55	6	35	2	6	50	34	0	0	0	5	[3C 2D]	2	7
36	123457231	140	11	7	71	1	0	6	16	0	0	1	1	0	0	2	0	204	56	6	35	2	6	50	34	0	0	0	5	[2D]	1	7
37	123457231	138	10	6	71	1	0	9	16	0	0	1	1	0	0	3	0	223	57	7	38	2	7	50	34	0	0	0	5	[2D]	1	7
38	123457231	135	12	8	94	0	0	5	0	0	0	0	0	0	0	2	0	223	60	7	38	2	7	50	34	0	0	0	5	[]	0	5
39	123457231	129	16	6	96	0	0	5	1	0	0	0	0	0	0	3	0	242	61	8	39	2	8	50	34	0	0	0	5	[]	0	5
40	123457231	120	9	7	91	7	2	8	8	0	0	0	0	0	0	4	0	278	63	9	43	2	9	50	34	0	0	0	5	[3B]	1	5
41	123457231	120	7	9	91	7	1	7	10	0	0	0	0	0	0	4	0	278	65	9	43	2	9	50	34	0	0	0	5	[3B]	1	6
42	123457231	110	4	8	89	16	2	9	14	0	0	0	0	0	0	3	1	294	67	9	46	2	9	50	34	0	0	0	6	[3B 1A]	2	6
43	123457231	103	10	6	90	16	2	9	15	0	0	0	0	0	0	4	1	311	67	10	47	2	10	50	34	0	0	0	6	[3B 1A]	2	6
44	123457231	93	18	7	91	16	2	7	17	0	0	0	0	0	0	3	2	311	69	10	47	2	10	50	34	0	0	0	6	[3B 1A]	2	6
45	123457231	85	19	11	93	16	1	7	19	0	0	0	0	0	0	3	2	328	71	10	48	2	10	50	34	0	0	0	6	[3B 1A]	2	6
46	123457231	81	7	4	92	18	9	14	24	0	0	2	0	0	0	2	3	366	76	10	57	4	10	50	34	0	0	0	6	[3B 1A 3D]	3	6
47	123457231	78	8	6	92	18	6	17	24	0	0	2	0	0	0	2	3	366	76	10	57	4	10	50	34	0	0	0	6	[3B 1A 3D]	3	6
48	123457231	78	8	6	92	18	5	18	24	0	0	1	1	0	0	2	3	366	77	10	57	4	10	50	34	0	0	0	6	[3B 1A 3D]	3	6
49	123457231	78	7	7	94	18	5	15	26	0	0	1	1	0	0	1	3	366	77	10	57	4	10	50	34	0	0	0	6	[3B 1A 3D]	3	5
50	123457231	82	8	9	110	11	4	15	13	0	0	1	1	0	0	0	2	366	78	10	57	4	10	50	34	0	0	0	6	[1A 3D]	2	4
51	123457231	69	4	9	111	21	2	18	18	0	0	0	2	0	0	0	2	382	79	10	58	4	10	50	34	0	0	0	6	[1A 3D 3A]	3	5
52	123457231	76	5	8	124	12	2	14	12	0	0	0	2	0	0	0	1	382	80	10	58	4	10	50	34	0	0	0	6	[3D 3A]	2	4
53	123457231	72	8	9	126	12	2	13	12	0	0	0	2	0	0	0	0	382	80	10	58	4	10	50	34	0	0	0	6	[3D 3A]	2	4
54	123457231	68	9	12	126	12	2	13	12	0	0	0	2	0	0	0	0	382	82	10	58	4	10	50	34	0	0	0	6	[3D 3A]	2	4
55	123457231	68	5	6	117	12	3	19	23	0	0	0	2	0	0	1	0	401	82	11	65	4	11	50	34	0	0	0	6	[3D 3A 2A]	3	4
56	123457231	61	1	1	133	19	5	16	17	0	0	0	1	0	0	2	0	420	83	12	70	4	12	50	34	0	0	0	6	[3A 2A 1D]	3	3
57	123457231	61	1	1	133	19	3	13	22	0	0	0	1	0	0	2	0	420	85	12	70	4	12	50	34	0	0	0	6	[3A 2A 1D]	3	3
58	123457231	61	1	1	133	19	2	12	24	0	0	0	1	0	0	1	1	420	86	12	70	4	12	50	34	0	0	0	6	[3A 2A 1D]	3	3
59	123457231	61	1	1	133	19	2	10	26	0	0	0	1	0	0	1	1	420	87	12	70	4	12	50	34	0	0	0	6	[3A 2A 1D]	3	3
60	123457231	61	1	1	133	19	2	10	26	0	0	0	1	0	0	1	1	420	88	12	70	4	12	50	34	0	0	0	6	[3A 2A 1D]	3	3
