day	seedRun	susceptible	exposed	infected	removed	susceptible-in-quarantine	exposed-in-quarantine	infected-in-quarantine	removed-in-quarantine	susceptible-in-quarantine-external-1	exposed-in-quarantine-external-1	infected-in-quarantine-external-1	removed-in-quarantine-external-1	susceptible-in-quarantine-external-2	exposed-in-quarantine-external-2	infected-in-quarantine-external-2	removed-in-quarantine-external-2	num-of-screened-agents	num-of-screened-agents-external-1	num-of-screened-agents-external-2	num-of-positive-agents	num-of-positive-agents-external-1	num-of-positive-agents-external-2	num-vaccinated	num-immunized	num-immunized-in-quarantine	num-immunized-in-quarantine-external-1	num-immunized-in-quarantine-external-2	num-infected-outside	classroom-in-quarantine	num-of-classroom-in-quarantine	classroom-with-at-least-one-infected
0	123457125	191	0	0	0	0	0	0	0	0	0	0	0	0	0	0	0	0	0	0	0	0	0	218	99	0	0	0	0	[]	0	0
1	123457125	186	5	0	0	0	0	0	0	0	0	0	0	0	0	0	0	0	3	0	0	0	0	218	99	0	0	0	5	[]	0	0
2	123457125	178	12	1	0	0	0	0	0	0	0	0	0	0	0	0	0	0	4	0	0	0	0	218	99	0	0	0	9	[]	0	1
3	123457125	158	28	4	0	0	0	0	0	0	0	0	0	0	0	1	0	0	6	1	0	0	1	218	99	0	0	0	13	[]	0	3
4	123457125	114	58	18	0	0	0	0	0	0	0	0	0	0	0	1	0	0	10	1	0	0	1	218	99	0	0	0	13	[]	0	7
5	123457125	63	91	33	1	0	0	0	0	0	0	0	0	0	0	3	0	0	12	3	0	0	3	218	99	0	0	0	19	[]	0	9
6	123457125	60	65	53	6	0	0	0	0	0	0	0	0	0	0	6	1	0	14	7	0	0	7	218	99	0	0	0	22	[]	0	11
7	123457125	57	46	69	11	0	0	0	0	0	0	0	0	0	0	5	3	0	14	8	0	0	8	218	99	0	0	0	25	[]	0	12
8	123457125	11	75	75	19	0	0	0	0	0	0	2	0	0	0	5	4	0	17	9	0	2	9	218	99	0	0	0	26	[]	0	12
9	123457125	5	65	79	29	0	0	0	0	0	0	3	0	0	0	6	4	0	18	10	0	3	10	218	99	0	0	0	26	[]	0	12
10	123457125	3	51	81	39	0	0	0	0	0	0	3	0	0	0	10	4	0	20	14	0	3	14	218	99	0	0	0	26	[]	0	12
11	123457125	1	40	82	47	0	0	0	0	0	0	4	0	0	0	13	4	0	22	17	0	4	17	218	99	0	0	0	26	[]	0	12
12	123457125	0	33	76	57	0	0	0	0	0	0	5	0	0	0	14	6	0	23	20	0	5	20	218	99	0	0	0	27	[]	0	12
13	123457125	0	24	76	65	0	0	0	0	0	0	4	1	0	0	14	7	0	23	22	0	5	22	218	99	0	0	0	27	[]	0	12
14	123457125	0	16	74	72	0	0	0	0	0	0	4	1	0	0	15	9	0	23	25	0	5	25	218	99	0	0	0	27	[]	0	12
15	123457125	0	11	61	91	0	0	0	0	0	0	3	2	0	0	11	12	0	25	26	0	5	26	218	99	0	0	0	27	[]	0	12
16	123457125	0	9	55	101	0	0	0	0	0	0	2	4	0	0	10	10	0	30	27	0	6	27	218	99	0	0	0	27	[]	0	11
17	123457125	0	8	47	109	0	0	0	0	0	0	2	4	0	0	9	12	0	30	29	0	6	29	218	99	0	0	0	27	[]	0	11
18	123457125	0	7	41	117	0	0	0	0	0	0	2	2	0	0	10	12	0	31	31	0	6	31	218	99	0	0	0	27	[]	0	11
19	123457125	0	5	38	124	0	0	0	0	0	0	2	1	0	0	7	14	0	32	31	0	6	31	218	99	0	0	0	27	[]	0	11
20	123457125	0	2	35	133	0	0	0	0	0	0	2	1	0	0	7	11	0	33	32	0	6	32	218	99	0	0	0	27	[]	0	10
21	123457125	0	2	27	144	0	0	0	0	0	0	1	1	0	0	7	9	0	35	33	0	6	33	218	99	0	0	0	27	[]	0	10
22	123457125	0	2	22	153	0	0	0	0	0	0	1	0	0	0	6	7	0	36	33	0	6	33	218	99	0	0	0	27	[]	0	9
23	123457125	0	2	17	160	0	0	0	0	0	0	1	0	0	0	4	7	0	37	33	0	6	33	218	99	0	0	0	27	[]	0	8
24	123457125	0	2	16	164	0	0	0	0	0	0	1	0	0	0	3	5	0	40	33	0	6	33	218	99	0	0	0	27	[]	0	8
25	123457125	0	1	12	169	0	0	0	0	0	0	1	0	0	0	3	5	0	41	34	0	6	34	218	99	0	0	0	27	[]	0	7
26	123457125	0	1	7	175	0	0	0	0	0	0	0	0	0	0	4	4	0	43	35	0	6	35	218	99	0	0	0	27	[]	0	6
27	123457125	0	1	7	177	0	0	0	0	0	0	0	0	0	0	2	4	0	47	35	0	6	35	218	99	0	0	0	27	[]	0	5
28	123457125	0	1	7	179	0	0	0	0	0	0	0	0	0	0	2	2	0	50	35	0	6	35	218	99	0	0	0	27	[]	0	5
29	123457125	0	1	6	180	0	0	0	0	0	0	0	0	0	0	2	2	0	55	35	0	6	35	218	99	0	0	0	27	[]	0	5
30	123457125	0	1	6	181	0	0	0	0	0	0	0	0	0	0	2	1	0	56	35	0	6	35	218	99	0	0	0	27	[]	0	5
31	123457125	0	1	4	183	0	0	0	0	0	0	0	0	0	0	3	0	0	57	36	0	6	36	218	99	0	0	0	27	[]	0	5
32	123457125	0	1	2	185	0	0	0	0	0	0	0	0	0	0	3	0	0	59	36	0	6	36	218	99	0	0	0	27	[]	0	4
33	123457125	0	1	2	185	0	0	0	0	0	0	0	0	0	0	2	1	0	61	36	0	6	36	218	99	0	0	0	27	[]	0	3
34	123457125	0	1	2	185	0	0	0	0	0	0	0	0	0	0	2	1	0	63	36	0	6	36	218	99	0	0	0	27	[]	0	3
35	123457125	0	0	3	186	0	0	0	0	0	0	0	0	0	0	1	1	0	68	36	0	6	36	218	99	0	0	0	27	[]	0	3
36	123457125	0	0	3	187	0	0	0	0	0	0	0	0	0	0	1	0	0	70	36	0	6	36	218	99	0	0	0	27	[]	0	3
37	123457125	0	0	1	189	0	0	0	0	0	0	0	0	0	0	1	0	0	72	36	0	6	36	218	99	0	0	0	27	[]	0	2
38	123457125	0	0	1	189	0	0	0	0	0	0	0	0	0	0	1	0	0	75	36	0	6	36	218	99	0	0	0	27	[]	0	2
39	123457125	0	0	0	190	0	0	0	0	0	0	0	0	0	0	1	0	0	79	36	0	6	36	218	99	0	0	0	27	[]	0	1
40	123457125	0	0	0	190	0	0	0	0	0	0	0	0	0	0	1	0	0	82	36	0	6	36	218	99	0	0	0	27	[]	0	1
41	123457125	0	0	0	191	0	0	0	0	0	0	0	0	0	0	0	0	0	85	36	0	6	36	218	99	0	0	0	27	[]	0	0
42	123457125	0	0	0	191	0	0	0	0	0	0	0	0	0	0	0	0	0	87	36	0	6	36	218	99	0	0	0	27	[]	0	0
43	123457125	0	0	0	191	0	0	0	0	0	0	0	0	0	0	0	0	0	88	36	0	6	36	218	99	0	0	0	27	[]	0	0
44	123457125	0	0	0	191	0	0	0	0	0	0	0	0	0	0	0	0	0	90	36	0	6	36	218	99	0	0	0	27	[]	0	0
45	123457125	0	0	0	191	0	0	0	0	0	0	0	0	0	0	0	0	0	91	36	0	6	36	218	99	0	0	0	27	[]	0	0
46	123457125	0	0	0	191	0	0	0	0	0	0	0	0	0	0	0	0	0	92	36	0	6	36	218	99	0	0	0	27	[]	0	0
47	123457125	0	0	0	191	0	0	0	0	0	0	0	0	0	0	0	0	0	92	36	0	6	36	218	99	0	0	0	27	[]	0	0
48	123457125	0	0	0	191	0	0	0	0	0	0	0	0	0	0	0	0	0	95	36	0	6	36	218	99	0	0	0	27	[]	0	0
49	123457125	0	0	0	191	0	0	0	0	0	0	0	0	0	0	0	0	0	97	36	0	6	36	218	99	0	0	0	27	[]	0	0
50	123457125	0	0	0	191	0	0	0	0	0	0	0	0	0	0	0	0	0	98	36	0	6	36	218	99	0	0	0	27	[]	0	0
51	123457125	0	0	0	191	0	0	0	0	0	0	0	0	0	0	0	0	0	99	36	0	6	36	218	99	0	0	0	27	[]	0	0
52	123457125	0	0	0	191	0	0	0	0	0	0	0	0	0	0	0	0	0	101	36	0	6	36	218	99	0	0	0	27	[]	0	0
53	123457125	0	0	0	191	0	0	0	0	0	0	0	0	0	0	0	0	0	102	36	0	6	36	218	99	0	0	0	27	[]	0	0
54	123457125	0	0	0	191	0	0	0	0	0	0	0	0	0	0	0	0	0	103	36	0	6	36	218	99	0	0	0	27	[]	0	0
55	123457125	0	0	0	191	0	0	0	0	0	0	0	0	0	0	0	0	0	105	36	0	6	36	218	99	0	0	0	27	[]	0	0
56	123457125	0	0	0	191	0	0	0	0	0	0	0	0	0	0	0	0	0	110	36	0	6	36	218	99	0	0	0	27	[]	0	0
57	123457125	0	0	0	191	0	0	0	0	0	0	0	0	0	0	0	0	0	112	36	0	6	36	218	99	0	0	0	27	[]	0	0
58	123457125	0	0	0	191	0	0	0	0	0	0	0	0	0	0	0	0	0	113	36	0	6	36	218	99	0	0	0	27	[]	0	0
59	123457125	0	0	0	191	0	0	0	0	0	0	0	0	0	0	0	0	0	114	36	0	6	36	218	99	0	0	0	27	[]	0	0
60	123457125	0	0	0	191	0	0	0	0	0	0	0	0	0	0	0	0	0	116	36	0	6	36	218	99	0	0	0	27	[]	0	0
