day	seedRun	susceptible	exposed	infected	removed	susceptible-in-quarantine	exposed-in-quarantine	infected-in-quarantine	removed-in-quarantine	susceptible-in-quarantine-external-1	exposed-in-quarantine-external-1	infected-in-quarantine-external-1	removed-in-quarantine-external-1	susceptible-in-quarantine-external-2	exposed-in-quarantine-external-2	infected-in-quarantine-external-2	removed-in-quarantine-external-2	num-of-screened-agents	num-of-screened-agents-external-1	num-of-screened-agents-external-2	num-of-positive-agents	num-of-positive-agents-external-1	num-of-positive-agents-external-2	num-vaccinated	num-immunized	num-immunized-in-quarantine	num-immunized-in-quarantine-external-1	num-immunized-in-quarantine-external-2	num-infected-outside	classroom-in-quarantine	num-of-classroom-in-quarantine	classroom-with-at-least-one-infected
0	123456813	187	0	0	0	0	0	0	0	0	0	0	0	0	0	0	0	0	0	0	0	0	0	218	103	0	0	0	0	[]	0	0
1	123456813	184	3	0	0	0	0	0	0	0	0	0	0	0	0	0	0	0	1	0	0	0	0	218	103	0	0	0	3	[]	0	0
2	123456813	177	10	0	0	0	0	0	0	0	0	0	0	0	0	0	0	0	1	0	0	0	0	218	103	0	0	0	10	[]	0	0
3	123456813	147	37	3	0	0	0	0	0	0	0	0	0	0	0	0	0	0	3	0	0	0	0	218	103	0	0	0	15	[]	0	3
4	123456813	111	63	13	0	0	0	0	0	0	0	0	0	0	0	0	0	0	3	0	0	0	0	218	103	0	0	0	20	[]	0	5
5	123456813	71	84	28	2	0	0	0	0	0	0	0	0	0	0	2	0	0	6	2	0	0	2	218	103	0	0	0	23	[]	0	9
6	123456813	70	62	48	4	0	0	0	0	0	0	0	0	0	0	3	0	0	7	3	0	0	3	218	103	0	0	0	24	[]	0	12
7	123456813	69	50	54	11	0	0	0	0	0	0	0	0	0	0	1	2	0	7	3	0	0	3	218	103	0	0	0	25	[]	0	12
8	123456813	35	74	51	19	0	0	0	0	0	0	1	0	0	0	5	2	0	11	7	0	1	7	218	103	0	0	0	26	[]	0	12
9	123456813	23	62	68	24	0	0	0	0	0	0	2	0	0	0	5	3	0	13	8	0	2	8	218	103	0	0	0	27	[]	0	12
10	123456813	19	47	72	35	0	0	0	0	0	0	1	1	0	0	9	3	0	14	12	0	2	12	218	103	0	0	0	27	[]	0	12
11	123456813	16	40	71	46	0	0	0	0	0	0	1	1	0	0	8	4	0	14	12	0	2	12	218	103	0	0	0	27	[]	0	12
12	123456813	15	26	75	56	0	0	0	0	0	0	1	1	0	0	8	5	0	14	13	0	2	13	218	103	0	0	0	27	[]	0	12
13	123456813	15	18	72	65	0	0	0	0	0	0	2	1	0	0	6	8	0	16	14	0	3	14	218	103	0	0	0	27	[]	0	12
14	123456813	15	11	67	76	0	0	0	0	0	0	2	1	0	0	7	8	0	17	15	0	3	15	218	103	0	0	0	27	[]	0	12
15	123456813	14	8	59	86	0	0	0	0	0	0	2	1	0	0	11	6	0	18	19	0	3	19	218	103	0	0	0	28	[]	0	12
16	123456813	14	5	51	96	0	0	0	0	0	0	3	1	0	0	11	6	0	20	20	0	4	20	218	103	0	0	0	28	[]	0	12
17	123456813	14	4	47	100	0	0	0	0	0	0	3	1	0	0	10	8	0	20	21	0	4	21	218	103	0	0	0	28	[]	0	12
18	123456813	12	5	40	111	0	0	0	0	0	0	4	0	0	0	7	8	0	21	22	0	5	22	218	103	0	0	0	28	[]	0	12
19	123456813	9	5	39	116	0	0	0	0	0	0	3	0	0	0	8	7	0	23	23	0	5	23	218	103	0	0	0	28	[]	0	12
20	123456813	9	3	34	127	0	0	0	0	0	0	2	1	0	0	6	5	0	23	23	0	5	23	218	103	0	0	0	28	[]	0	12
21	123456813	9	2	28	134	0	0	0	0	0	0	2	1	0	0	5	6	0	28	23	0	5	23	218	103	0	0	0	28	[]	0	11
22	123456813	8	3	17	142	0	0	0	0	0	0	3	1	0	0	7	6	0	31	26	0	6	26	218	103	0	0	0	28	[]	0	11
23	123456813	7	1	17	147	0	0	0	0	0	0	3	0	0	0	6	6	0	32	26	0	6	26	218	103	0	0	0	29	[]	0	10
24	123456813	7	1	15	149	0	0	0	0	0	0	1	2	0	0	6	6	0	32	27	0	6	27	218	103	0	0	0	29	[]	0	8
25	123456813	7	1	13	155	0	0	0	0	0	0	1	2	0	0	4	4	0	35	27	0	6	27	218	103	0	0	0	29	[]	0	7
26	123456813	7	1	13	157	0	0	0	0	0	0	0	2	0	0	4	3	0	38	27	0	6	27	218	103	0	0	0	29	[]	0	7
27	123456813	6	2	9	162	0	0	0	0	0	0	0	2	0	0	2	4	0	38	27	0	6	27	218	103	0	0	0	30	[]	0	5
28	123456813	5	2	10	164	0	0	0	0	0	0	0	1	0	0	1	4	0	39	27	0	6	27	218	103	0	0	0	31	[]	0	4
29	123456813	4	2	10	166	0	0	0	0	0	0	0	1	0	0	1	3	0	40	27	0	6	27	218	103	0	0	0	31	[]	0	4
30	123456813	3	2	11	166	0	0	0	0	0	0	0	1	0	0	0	4	0	41	27	0	6	27	218	103	0	0	0	31	[]	0	4
31	123456813	3	0	11	167	0	0	0	0	0	0	0	1	0	0	1	4	0	43	28	0	6	28	218	103	0	0	0	31	[]	0	4
32	123456813	3	0	9	173	0	0	0	0	0	0	0	0	0	0	1	1	0	44	28	0	6	28	218	103	0	0	0	31	[]	0	3
33	123456813	3	0	8	174	0	0	0	0	0	0	0	0	0	0	1	1	0	48	28	0	6	28	218	103	0	0	0	31	[]	0	3
34	123456813	3	0	8	175	0	0	0	0	0	0	0	0	0	0	1	0	0	50	28	0	6	28	218	103	0	0	0	31	[]	0	3
35	123456813	3	0	7	176	0	0	0	0	0	0	0	0	0	0	1	0	0	52	28	0	6	28	218	103	0	0	0	31	[]	0	3
36	123456813	3	0	6	177	0	0	0	0	0	0	0	0	0	0	1	0	0	52	28	0	6	28	218	103	0	0	0	31	[]	0	2
37	123456813	3	0	6	177	0	0	0	0	0	0	0	0	0	0	1	0	0	54	28	0	6	28	218	103	0	0	0	31	[]	0	2
38	123456813	3	0	4	179	0	0	0	0	0	0	0	0	0	0	0	1	0	57	28	0	6	28	218	103	0	0	0	31	[]	0	1
39	123456813	3	0	4	179	0	0	0	0	0	0	0	0	0	0	0	1	0	58	28	0	6	28	218	103	0	0	0	31	[]	0	1
40	123456813	2	1	4	179	0	0	0	0	0	0	0	0	0	0	0	1	0	58	28	0	6	28	218	103	0	0	0	32	[]	0	1
41	123456813	2	0	3	182	0	0	0	0	0	0	0	0	0	0	0	0	0	62	28	0	6	28	218	103	0	0	0	32	[]	0	0
42	123456813	2	0	2	183	0	0	0	0	0	0	0	0	0	0	0	0	0	66	28	0	6	28	218	103	0	0	0	32	[]	0	0
43	123456813	2	0	1	184	0	0	0	0	0	0	0	0	0	0	0	0	0	70	28	0	6	28	218	103	0	0	0	32	[]	0	0
44	123456813	2	0	1	184	0	0	0	0	0	0	0	0	0	0	0	0	0	72	28	0	6	28	218	103	0	0	0	32	[]	0	0
45	123456813	2	0	1	184	0	0	0	0	0	0	0	0	0	0	0	0	0	78	28	0	6	28	218	103	0	0	0	32	[]	0	0
46	123456813	2	0	0	185	0	0	0	0	0	0	0	0	0	0	0	0	0	78	28	0	6	28	218	103	0	0	0	32	[]	0	0
47	123456813	2	0	0	185	0	0	0	0	0	0	0	0	0	0	0	0	0	82	28	0	6	28	218	103	0	0	0	32	[]	0	0
48	123456813	2	0	0	185	0	0	0	0	0	0	0	0	0	0	0	0	0	84	28	0	6	28	218	103	0	0	0	32	[]	0	0
49	123456813	2	0	0	185	0	0	0	0	0	0	0	0	0	0	0	0	0	85	28	0	6	28	218	103	0	0	0	32	[]	0	0
50	123456813	2	0	0	185	0	0	0	0	0	0	0	0	0	0	0	0	0	85	28	0	6	28	218	103	0	0	0	32	[]	0	0
51	123456813	2	0	0	185	0	0	0	0	0	0	0	0	0	0	0	0	0	88	28	0	6	28	218	103	0	0	0	32	[]	0	0
52	123456813	2	0	0	185	0	0	0	0	0	0	0	0	0	0	0	0	0	90	28	0	6	28	218	103	0	0	0	32	[]	0	0
53	123456813	2	0	0	185	0	0	0	0	0	0	0	0	0	0	0	0	0	91	28	0	6	28	218	103	0	0	0	32	[]	0	0
54	123456813	2	0	0	185	0	0	0	0	0	0	0	0	0	0	0	0	0	92	28	0	6	28	218	103	0	0	0	32	[]	0	0
55	123456813	2	0	0	185	0	0	0	0	0	0	0	0	0	0	0	0	0	92	28	0	6	28	218	103	0	0	0	32	[]	0	0
56	123456813	2	0	0	185	0	0	0	0	0	0	0	0	0	0	0	0	0	95	28	0	6	28	218	103	0	0	0	32	[]	0	0
57	123456813	2	0	0	185	0	0	0	0	0	0	0	0	0	0	0	0	0	100	28	0	6	28	218	103	0	0	0	32	[]	0	0
58	123456813	2	0	0	185	0	0	0	0	0	0	0	0	0	0	0	0	0	102	28	0	6	28	218	103	0	0	0	32	[]	0	0
59	123456813	2	0	0	185	0	0	0	0	0	0	0	0	0	0	0	0	0	102	28	0	6	28	218	103	0	0	0	32	[]	0	0
60	123456813	2	0	0	185	0	0	0	0	0	0	0	0	0	0	0	0	0	104	28	0	6	28	218	103	0	0	0	32	[]	0	0
