day	seedRun	susceptible	exposed	infected	removed	susceptible-in-quarantine	exposed-in-quarantine	infected-in-quarantine	removed-in-quarantine	susceptible-in-quarantine-external-1	exposed-in-quarantine-external-1	infected-in-quarantine-external-1	removed-in-quarantine-external-1	susceptible-in-quarantine-external-2	exposed-in-quarantine-external-2	infected-in-quarantine-external-2	removed-in-quarantine-external-2	num-of-screened-agents	num-of-screened-agents-external-1	num-of-screened-agents-external-2	num-of-positive-agents	num-of-positive-agents-external-1	num-of-positive-agents-external-2	num-vaccinated	num-immunized	num-immunized-in-quarantine	num-immunized-in-quarantine-external-1	num-immunized-in-quarantine-external-2	num-infected-outside	classroom-in-quarantine	num-of-classroom-in-quarantine	classroom-with-at-least-one-infected
0	123456919	189	0	0	0	0	0	0	0	0	0	0	0	0	0	0	0	0	0	0	0	0	0	218	101	0	0	0	0	[]	0	0
1	123456919	187	2	0	0	0	0	0	0	0	0	0	0	0	0	0	0	0	3	0	0	0	0	218	101	0	0	0	2	[]	0	0
2	123456919	183	5	1	0	0	0	0	0	0	0	0	0	0	0	0	0	0	4	0	0	0	0	218	101	0	0	0	3	[]	0	1
3	123456919	179	9	1	0	0	0	0	0	0	0	0	0	0	0	0	0	0	5	0	0	0	0	218	101	0	0	0	4	[]	0	1
4	123456919	175	13	1	0	0	0	0	0	0	0	0	0	0	0	0	0	0	6	0	0	0	0	218	101	0	0	0	6	[]	0	1
5	123456919	169	17	3	0	0	0	0	0	0	0	0	0	0	0	0	0	0	11	0	0	0	0	218	101	0	0	0	9	[]	0	1
6	123456919	163	20	6	0	0	0	0	0	0	0	0	0	0	0	0	0	0	13	0	0	0	0	218	101	0	0	0	15	[]	0	3
7	123456919	157	23	8	1	0	0	0	0	0	0	0	0	0	0	0	0	0	15	0	0	0	0	218	101	0	0	0	21	[]	0	4
8	123456919	120	55	10	4	0	0	0	0	0	0	0	0	0	0	0	0	0	18	0	0	0	0	218	101	0	0	0	29	[]	0	6
9	123456919	72	84	26	5	0	0	0	0	0	0	0	0	0	0	2	0	0	23	2	0	0	2	218	101	0	0	0	32	[]	0	10
10	123456919	41	85	52	7	0	0	0	0	0	0	0	0	0	0	4	0	0	26	4	0	0	4	218	101	0	0	0	33	[]	0	11
11	123456919	32	70	66	13	0	0	0	0	0	0	0	0	0	0	8	0	0	26	8	0	0	8	218	101	0	0	0	35	[]	0	12
12	123456919	20	59	79	23	0	0	0	0	0	0	0	0	0	0	7	1	0	27	8	0	0	8	218	101	0	0	0	37	[]	0	12
13	123456919	20	44	86	29	0	0	0	0	0	0	1	0	0	0	8	1	0	33	9	0	1	9	218	101	0	0	0	37	[]	0	12
14	123456919	20	30	86	41	0	0	0	0	0	0	2	0	0	0	8	2	0	34	10	0	2	10	218	101	0	0	0	37	[]	0	12
15	123456919	18	24	77	56	0	0	0	0	0	0	1	2	0	0	8	3	0	35	11	0	3	11	218	101	0	0	0	37	[]	0	12
16	123456919	16	22	66	69	0	0	0	0	0	0	1	2	0	0	9	4	0	35	13	0	3	13	218	101	0	0	0	39	[]	0	12
17	123456919	15	22	52	81	0	0	0	0	0	0	1	2	0	0	12	4	0	35	16	0	3	16	218	101	0	0	0	39	[]	0	12
18	123456919	14	19	46	89	0	0	0	0	0	0	1	2	0	0	14	4	0	37	18	0	3	18	218	101	0	0	0	39	[]	0	12
19	123456919	13	18	40	99	0	0	0	0	0	0	1	2	0	0	11	5	0	37	18	0	3	18	218	101	0	0	0	39	[]	0	12
20	123456919	13	12	42	103	0	0	0	0	0	0	1	2	0	0	11	5	0	37	20	0	3	20	218	101	0	0	0	39	[]	0	12
21	123456919	13	12	36	113	0	0	0	0	0	0	1	2	0	0	7	5	0	39	20	0	3	20	218	101	0	0	0	39	[]	0	11
22	123456919	10	10	33	119	0	0	0	0	0	0	1	2	0	0	7	7	0	41	22	0	3	22	218	101	0	0	0	39	[]	0	12
23	123456919	8	10	29	126	0	0	0	0	0	0	1	1	0	0	6	8	0	43	23	0	3	23	218	101	0	0	0	39	[]	0	12
24	123456919	8	8	26	133	0	0	0	0	0	0	1	0	0	0	4	9	0	44	23	0	3	23	218	101	0	0	0	39	[]	0	11
25	123456919	8	8	23	138	0	0	0	0	0	0	0	0	0	0	4	8	0	45	23	0	3	23	218	101	0	0	0	39	[]	0	11
26	123456919	8	7	20	144	0	0	0	0	0	0	0	0	0	0	3	7	0	46	23	0	3	23	218	101	0	0	0	39	[]	0	11
27	123456919	7	7	17	150	0	0	0	0	0	0	0	0	0	0	2	6	0	49	24	0	3	24	218	101	0	0	0	40	[]	0	10
28	123456919	7	5	15	154	0	0	0	0	0	0	1	0	0	0	3	4	0	53	25	0	4	25	218	101	0	0	0	40	[]	0	9
29	123456919	7	2	17	155	0	0	0	0	0	0	1	0	0	0	3	4	0	54	25	0	4	25	218	101	0	0	0	40	[]	0	8
30	123456919	6	2	16	159	0	0	0	0	0	0	0	1	0	0	3	2	0	57	25	0	4	25	218	101	0	0	0	40	[]	0	9
31	123456919	6	2	13	161	0	0	0	0	0	0	0	1	0	0	4	2	0	60	26	0	4	26	218	101	0	0	0	40	[]	0	8
32	123456919	6	1	12	165	0	0	0	0	0	0	0	1	0	0	4	0	0	60	26	0	4	26	218	101	0	0	0	40	[]	0	8
33	123456919	6	1	10	168	0	0	0	0	0	0	0	1	0	0	3	0	0	62	26	0	4	26	218	101	0	0	0	40	[]	0	7
34	123456919	6	1	9	169	0	0	0	0	0	0	0	1	0	0	3	0	0	62	26	0	4	26	218	101	0	0	0	40	[]	0	6
35	123456919	6	1	8	170	0	0	0	0	0	0	0	1	0	0	3	0	0	65	26	0	4	26	218	101	0	0	0	40	[]	0	6
36	123456919	6	1	7	171	0	0	0	0	0	0	0	1	0	0	3	0	0	67	26	0	4	26	218	101	0	0	0	40	[]	0	6
37	123456919	6	1	7	172	0	0	0	0	0	0	0	1	0	0	2	0	0	69	26	0	4	26	218	101	0	0	0	40	[]	0	5
38	123456919	6	0	7	175	0	0	0	0	0	0	0	0	0	0	1	0	0	70	26	0	4	26	218	101	0	0	0	40	[]	0	4
39	123456919	6	0	5	176	0	0	0	0	0	0	0	0	0	0	2	0	0	72	27	0	4	27	218	101	0	0	0	40	[]	0	3
40	123456919	6	0	5	176	0	0	0	0	0	0	0	0	0	0	2	0	0	75	27	0	4	27	218	101	0	0	0	40	[]	0	3
41	123456919	6	0	5	177	0	0	0	0	0	0	0	0	0	0	1	0	0	77	27	0	4	27	218	101	0	0	0	40	[]	0	2
42	123456919	6	0	4	178	0	0	0	0	0	0	0	0	0	0	1	0	0	79	27	0	4	27	218	101	0	0	0	40	[]	0	2
43	123456919	5	1	4	178	0	0	0	0	0	0	0	0	0	0	1	0	0	81	27	0	4	27	218	101	0	0	0	40	[]	0	2
44	123456919	5	1	2	179	0	0	0	0	0	0	0	0	0	0	2	0	0	82	28	0	4	28	218	101	0	0	0	40	[]	0	2
45	123456919	5	0	3	179	0	0	0	0	0	0	0	0	0	0	2	0	0	87	28	0	4	28	218	101	0	0	0	40	[]	0	2
46	123456919	5	0	3	179	0	0	0	0	0	0	0	0	0	0	1	1	0	89	28	0	4	28	218	101	0	0	0	40	[]	0	2
47	123456919	4	1	3	179	0	0	0	0	0	0	0	0	0	0	1	1	0	90	28	0	4	28	218	101	0	0	0	41	[]	0	2
48	123456919	4	1	3	179	0	0	0	0	0	0	0	0	0	0	1	1	0	90	28	0	4	28	218	101	0	0	0	41	[]	0	2
49	123456919	4	1	3	180	0	0	0	0	0	0	0	0	0	0	0	1	0	91	28	0	4	28	218	101	0	0	0	41	[]	0	1
50	123456919	4	0	3	181	0	0	0	0	0	0	0	0	0	0	0	1	0	92	28	0	4	28	218	101	0	0	0	41	[]	0	2
51	123456919	4	0	3	181	0	0	0	0	0	0	0	0	0	0	0	1	0	92	28	0	4	28	218	101	0	0	0	41	[]	0	2
52	123456919	3	1	3	181	0	0	0	0	0	0	0	0	0	0	0	1	0	95	28	0	4	28	218	101	0	0	0	42	[]	0	2
53	123456919	3	1	3	181	0	0	0	0	0	0	0	0	0	0	0	1	0	97	28	0	4	28	218	101	0	0	0	42	[]	0	2
54	123456919	3	1	3	182	0	0	0	0	0	0	0	0	0	0	0	0	0	97	28	0	4	28	218	101	0	0	0	42	[]	0	2
55	123456919	3	1	2	183	0	0	0	0	0	0	0	0	0	0	0	0	0	99	28	0	4	28	218	101	0	0	0	42	[]	0	1
56	123456919	3	1	2	183	0	0	0	0	0	0	0	0	0	0	0	0	0	101	28	0	4	28	218	101	0	0	0	42	[]	0	1
57	123456919	3	1	1	184	0	0	0	0	0	0	0	0	0	0	0	0	0	102	28	0	4	28	218	101	0	0	0	42	[]	0	0
58	123456919	3	0	1	185	0	0	0	0	0	0	0	0	0	0	0	0	0	103	28	0	4	28	218	101	0	0	0	42	[]	0	0
59	123456919	3	0	1	185	0	0	0	0	0	0	0	0	0	0	0	0	0	104	28	0	4	28	218	101	0	0	0	42	[]	0	0
60	123456919	3	0	1	185	0	0	0	0	0	0	0	0	0	0	0	0	0	106	28	0	4	28	218	101	0	0	0	42	[]	0	0
