day	seedRun	susceptible	exposed	infected	removed	susceptible-in-quarantine	exposed-in-quarantine	infected-in-quarantine	removed-in-quarantine	susceptible-in-quarantine-external-1	exposed-in-quarantine-external-1	infected-in-quarantine-external-1	removed-in-quarantine-external-1	susceptible-in-quarantine-external-2	exposed-in-quarantine-external-2	infected-in-quarantine-external-2	removed-in-quarantine-external-2	num-of-screened-agents	num-of-screened-agents-external-1	num-of-screened-agents-external-2	num-of-positive-agents	num-of-positive-agents-external-1	num-of-positive-agents-external-2	num-vaccinated	num-immunized	num-immunized-in-quarantine	num-immunized-in-quarantine-external-1	num-immunized-in-quarantine-external-2	num-infected-outside	classroom-in-quarantine	num-of-classroom-in-quarantine	classroom-with-at-least-one-infected
0	123457260	123	0	0	0	0	0	0	0	0	0	0	0	0	0	0	0	0	0	0	0	0	0	218	167	0	0	0	0	[]	0	0
1	123457260	123	0	0	0	0	0	0	0	0	0	0	0	0	0	0	0	0	5	0	0	0	0	218	167	0	0	0	0	[]	0	0
2	123457260	121	2	0	0	0	0	0	0	0	0	0	0	0	0	0	0	0	7	0	0	0	0	218	167	0	0	0	2	[]	0	0
3	123457260	119	4	0	0	0	0	0	0	0	0	0	0	0	0	0	0	0	8	0	0	0	0	218	167	0	0	0	4	[]	0	0
4	123457260	100	20	3	0	0	0	0	0	0	0	0	0	0	0	0	0	0	13	0	0	0	0	218	167	0	0	0	7	[]	0	2
5	123457260	82	32	8	0	0	0	0	0	0	0	1	0	0	0	0	0	0	16	0	0	1	0	218	167	0	0	0	11	[]	0	4
6	123457260	80	27	13	2	0	0	0	0	0	0	1	0	0	0	0	0	0	19	0	0	1	0	218	167	0	0	0	13	[]	0	5
7	123457260	80	19	17	4	0	0	0	0	0	0	1	0	0	0	2	0	0	20	2	0	1	2	218	167	0	0	0	13	[]	0	8
8	123457260	49	44	21	5	0	0	0	0	0	0	1	0	0	0	2	1	0	21	3	0	1	3	218	167	0	0	0	13	[]	0	9
9	123457260	30	50	30	8	0	0	0	0	0	0	1	0	0	0	3	1	0	23	4	0	1	4	218	167	0	0	0	13	[]	0	10
10	123457260	14	55	34	12	0	0	0	0	0	0	1	0	0	0	5	2	0	24	7	0	1	7	218	167	0	0	0	13	[]	0	11
11	123457260	9	46	37	19	0	0	0	0	0	0	1	0	0	0	8	3	0	24	11	0	1	11	218	167	0	0	0	13	[]	0	11
12	123457260	4	34	44	27	0	0	0	0	0	0	2	0	0	0	5	7	0	25	12	0	2	12	218	167	0	0	0	13	[]	0	12
13	123457260	4	27	41	36	0	0	0	0	0	0	2	0	0	0	6	7	0	26	13	0	2	13	218	167	0	0	0	13	[]	0	12
14	123457260	4	19	40	45	0	0	0	0	0	0	2	0	0	0	3	10	0	29	13	0	2	13	218	167	0	0	0	13	[]	0	12
15	123457260	3	13	41	51	0	0	0	0	0	0	1	0	0	0	4	10	0	29	14	0	2	14	218	167	0	0	0	13	[]	0	12
16	123457260	0	12	38	57	0	0	0	0	0	0	1	0	0	0	4	11	0	29	15	0	2	15	218	167	0	0	0	13	[]	0	12
17	123457260	0	10	37	61	0	0	0	0	0	0	0	1	0	0	4	10	0	32	16	0	2	16	218	167	0	0	0	13	[]	0	12
18	123457260	0	9	33	67	0	0	0	0	0	0	0	1	0	0	4	9	0	32	16	0	2	16	218	167	0	0	0	13	[]	0	12
19	123457260	0	6	28	72	0	0	0	0	0	0	1	1	0	0	5	10	0	35	19	0	3	19	218	167	0	0	0	13	[]	0	12
20	123457260	0	6	25	78	0	0	0	0	0	0	1	1	0	0	3	9	0	36	19	0	3	19	218	167	0	0	0	13	[]	0	11
21	123457260	0	2	22	88	0	0	0	0	0	0	1	1	0	0	3	6	0	37	20	0	3	20	218	167	0	0	0	13	[]	0	10
22	123457260	0	1	19	94	0	0	0	0	0	0	1	0	0	0	2	6	0	40	20	0	3	20	218	167	0	0	0	13	[]	0	9
23	123457260	0	1	18	96	0	0	0	0	0	0	1	0	0	0	1	6	0	42	20	0	3	20	218	167	0	0	0	13	[]	0	9
24	123457260	0	0	17	98	0	0	0	0	0	0	1	0	0	0	0	7	0	46	20	0	3	20	218	167	0	0	0	13	[]	0	7
25	123457260	0	0	15	100	0	0	0	0	0	0	1	0	0	0	1	6	0	46	21	0	3	21	218	167	0	0	0	13	[]	0	7
26	123457260	0	0	13	103	0	0	0	0	0	0	1	0	0	0	1	5	0	49	21	0	3	21	218	167	0	0	0	13	[]	0	7
27	123457260	0	0	10	106	0	0	0	0	0	0	1	0	0	0	2	4	0	50	22	0	3	22	218	167	0	0	0	13	[]	0	7
28	123457260	0	0	8	108	0	0	0	0	0	0	1	0	0	0	2	4	0	51	22	0	3	22	218	167	0	0	0	13	[]	0	7
29	123457260	0	0	6	114	0	0	0	0	0	0	0	0	0	0	2	1	0	54	22	0	3	22	218	167	0	0	0	13	[]	0	5
30	123457260	0	0	6	114	0	0	0	0	0	0	0	0	0	0	2	1	0	57	22	0	3	22	218	167	0	0	0	13	[]	0	5
31	123457260	0	0	6	115	0	0	0	0	0	0	0	0	0	0	2	0	0	60	22	0	3	22	218	167	0	0	0	13	[]	0	5
32	123457260	0	0	3	117	0	0	0	0	0	0	0	0	0	0	3	0	0	60	23	0	3	23	218	167	0	0	0	13	[]	0	3
33	123457260	0	0	3	117	0	0	0	0	0	0	0	0	0	0	3	0	0	64	23	0	3	23	218	167	0	0	0	13	[]	0	3
34	123457260	0	0	2	118	0	0	0	0	0	0	0	0	0	0	3	0	0	65	23	0	3	23	218	167	0	0	0	13	[]	0	2
35	123457260	0	0	2	119	0	0	0	0	0	0	0	0	0	0	2	0	0	68	23	0	3	23	218	167	0	0	0	13	[]	0	1
36	123457260	0	0	2	119	0	0	0	0	0	0	0	0	0	0	2	0	0	68	23	0	3	23	218	167	0	0	0	13	[]	0	1
37	123457260	0	0	1	121	0	0	0	0	0	0	0	0	0	0	1	0	0	70	23	0	3	23	218	167	0	0	0	13	[]	0	1
38	123457260	0	0	1	121	0	0	0	0	0	0	0	0	0	0	1	0	0	72	23	0	3	23	218	167	0	0	0	13	[]	0	1
39	123457260	0	0	1	121	0	0	0	0	0	0	0	0	0	0	1	0	0	75	23	0	3	23	218	167	0	0	0	13	[]	0	1
40	123457260	0	0	1	121	0	0	0	0	0	0	0	0	0	0	1	0	0	78	23	0	3	23	218	167	0	0	0	13	[]	0	1
41	123457260	0	0	1	121	0	0	0	0	0	0	0	0	0	0	1	0	0	80	23	0	3	23	218	167	0	0	0	13	[]	0	1
42	123457260	0	0	0	123	0	0	0	0	0	0	0	0	0	0	0	0	0	82	23	0	3	23	218	167	0	0	0	13	[]	0	0
43	123457260	0	0	0	123	0	0	0	0	0	0	0	0	0	0	0	0	0	83	23	0	3	23	218	167	0	0	0	13	[]	0	0
44	123457260	0	0	0	123	0	0	0	0	0	0	0	0	0	0	0	0	0	86	23	0	3	23	218	167	0	0	0	13	[]	0	0
45	123457260	0	0	0	123	0	0	0	0	0	0	0	0	0	0	0	0	0	86	23	0	3	23	218	167	0	0	0	13	[]	0	0
46	123457260	0	0	0	123	0	0	0	0	0	0	0	0	0	0	0	0	0	89	23	0	3	23	218	167	0	0	0	13	[]	0	0
47	123457260	0	0	0	123	0	0	0	0	0	0	0	0	0	0	0	0	0	92	23	0	3	23	218	167	0	0	0	13	[]	0	0
48	123457260	0	0	0	123	0	0	0	0	0	0	0	0	0	0	0	0	0	93	23	0	3	23	218	167	0	0	0	13	[]	0	0
49	123457260	0	0	0	123	0	0	0	0	0	0	0	0	0	0	0	0	0	94	23	0	3	23	218	167	0	0	0	13	[]	0	0
50	123457260	0	0	0	123	0	0	0	0	0	0	0	0	0	0	0	0	0	96	23	0	3	23	218	167	0	0	0	13	[]	0	0
51	123457260	0	0	0	123	0	0	0	0	0	0	0	0	0	0	0	0	0	99	23	0	3	23	218	167	0	0	0	13	[]	0	0
52	123457260	0	0	0	123	0	0	0	0	0	0	0	0	0	0	0	0	0	102	23	0	3	23	218	167	0	0	0	13	[]	0	0
53	123457260	0	0	0	123	0	0	0	0	0	0	0	0	0	0	0	0	0	110	23	0	3	23	218	167	0	0	0	13	[]	0	0
54	123457260	0	0	0	123	0	0	0	0	0	0	0	0	0	0	0	0	0	112	23	0	3	23	218	167	0	0	0	13	[]	0	0
55	123457260	0	0	0	123	0	0	0	0	0	0	0	0	0	0	0	0	0	113	23	0	3	23	218	167	0	0	0	13	[]	0	0
56	123457260	0	0	0	123	0	0	0	0	0	0	0	0	0	0	0	0	0	113	23	0	3	23	218	167	0	0	0	13	[]	0	0
57	123457260	0	0	0	123	0	0	0	0	0	0	0	0	0	0	0	0	0	117	23	0	3	23	218	167	0	0	0	13	[]	0	0
58	123457260	0	0	0	123	0	0	0	0	0	0	0	0	0	0	0	0	0	119	23	0	3	23	218	167	0	0	0	13	[]	0	0
59	123457260	0	0	0	123	0	0	0	0	0	0	0	0	0	0	0	0	0	119	23	0	3	23	218	167	0	0	0	13	[]	0	0
60	123457260	0	0	0	123	0	0	0	0	0	0	0	0	0	0	0	0	0	120	23	0	3	23	218	167	0	0	0	13	[]	0	0
