day	seedRun	susceptible	exposed	infected	removed	susceptible-in-quarantine	exposed-in-quarantine	infected-in-quarantine	removed-in-quarantine	susceptible-in-quarantine-external-1	exposed-in-quarantine-external-1	infected-in-quarantine-external-1	removed-in-quarantine-external-1	susceptible-in-quarantine-external-2	exposed-in-quarantine-external-2	infected-in-quarantine-external-2	removed-in-quarantine-external-2	num-of-screened-agents	num-of-screened-agents-external-1	num-of-screened-agents-external-2	num-of-positive-agents	num-of-positive-agents-external-1	num-of-positive-agents-external-2	num-vaccinated	num-immunized	num-immunized-in-quarantine	num-immunized-in-quarantine-external-1	num-immunized-in-quarantine-external-2	num-infected-outside	classroom-in-quarantine	num-of-classroom-in-quarantine	classroom-with-at-least-one-infected
0	123457113	72	0	0	0	0	0	0	0	0	0	0	0	0	0	0	0	0	0	0	0	0	0	218	218	0	0	0	0	[]	0	0
1	123457113	70	2	0	0	0	0	0	0	0	0	0	0	0	0	0	0	60	0	0	0	0	0	218	218	0	0	0	2	[]	0	0
2	123457113	66	5	1	0	0	0	0	0	0	0	0	0	0	0	0	0	60	2	0	0	0	0	218	218	0	0	0	3	[]	0	1
3	123457113	60	9	2	1	0	0	0	0	0	0	0	0	0	0	0	0	60	3	0	0	0	0	218	218	0	0	0	4	[]	0	2
4	123457113	56	9	6	1	0	0	0	0	0	0	0	0	0	0	0	0	60	6	0	0	0	0	218	218	0	0	0	5	[]	0	3
5	123457113	52	9	9	2	0	0	0	0	0	0	0	0	0	0	0	0	60	8	0	0	0	0	218	218	0	0	0	7	[]	0	3
6	123457113	49	9	11	3	0	0	0	0	0	0	0	0	0	0	0	0	60	10	0	0	0	0	218	218	0	0	0	10	[]	0	3
7	123457113	49	6	8	5	0	0	3	0	0	0	0	0	0	0	1	0	79	11	1	3	0	1	218	218	0	0	0	10	[]	0	5
8	123457113	38	15	3	5	0	0	9	1	0	0	0	0	0	0	1	0	175	11	1	10	0	1	218	218	0	0	0	14	[]	0	6
9	123457113	28	19	8	6	0	0	7	3	0	0	0	0	0	0	1	0	175	12	1	10	0	1	218	218	0	0	0	14	[]	0	8
10	123457113	16	23	15	7	0	0	6	4	0	0	0	0	0	0	1	0	175	13	1	10	0	1	218	218	0	0	0	15	[]	0	11
11	123457113	8	24	18	11	0	0	6	4	0	0	0	0	0	0	0	1	175	14	1	10	0	1	218	218	0	0	0	16	[]	0	11
12	123457113	4	18	20	13	0	0	9	6	0	0	0	0	0	0	1	1	210	15	2	15	0	2	218	204	14	0	0	16	[2D]	1	12
13	123457113	4	13	22	16	0	0	9	6	0	0	0	0	0	0	1	1	243	15	2	15	0	2	218	204	14	0	0	16	[2D]	1	12
14	123457113	4	7	25	19	0	0	9	6	0	0	0	0	0	0	0	2	243	15	2	15	0	2	218	204	14	0	0	16	[2D]	1	11
15	123457113	3	2	6	20	1	0	30	8	0	0	0	0	0	0	0	2	405	16	2	37	0	2	218	176	42	0	0	16	[2D 3B 3D]	3	12
16	123457113	3	1	7	20	1	0	27	11	0	0	0	0	0	0	0	2	405	17	2	37	0	2	218	176	42	0	0	16	[2D 3B 3D]	3	12
17	123457113	3	1	7	20	1	0	23	15	0	0	0	0	0	0	0	2	405	17	2	37	0	2	218	176	42	0	0	16	[2D 3B 3D]	3	12
18	123457113	3	1	7	27	1	0	19	12	0	0	0	0	0	0	0	2	405	17	2	37	0	2	218	176	42	0	0	16	[2D 3B 3D]	3	10
19	123457113	3	0	5	30	1	0	16	15	0	0	0	0	0	0	0	2	405	18	2	37	0	2	218	176	42	0	0	16	[2D 3B 3D]	3	10
20	123457113	3	0	4	31	1	0	14	17	0	0	0	0	0	0	0	2	489	19	2	37	0	2	218	176	42	0	0	16	[2D 3B 3D]	3	10
21	123457113	3	0	4	31	1	0	12	19	0	0	0	0	0	0	0	2	489	19	2	37	0	2	218	176	42	0	0	16	[2D 3B 3D]	3	10
22	123457113	3	0	4	37	1	0	10	16	0	0	0	0	0	0	0	1	531	20	2	37	0	2	218	190	28	0	0	16	[3B 3D]	2	9
23	123457113	3	0	3	38	1	0	9	17	0	0	0	0	0	0	0	1	531	20	2	37	0	2	218	190	28	0	0	16	[3B 3D]	2	9
24	123457113	3	0	3	38	1	0	7	19	0	0	0	0	0	0	0	1	531	22	2	37	0	2	218	190	28	0	0	16	[3B 3D]	2	9
25	123457113	4	0	2	66	0	0	0	0	0	0	0	0	0	0	0	0	531	23	2	37	0	2	218	218	0	0	0	16	[]	0	2
26	123457113	4	0	2	66	0	0	0	0	0	0	0	0	0	0	0	0	531	25	2	37	0	2	218	218	0	0	0	16	[]	0	2
27	123457113	4	0	1	67	0	0	0	0	0	0	0	0	0	0	0	0	531	26	2	37	0	2	218	218	0	0	0	16	[]	0	1
28	123457113	4	0	1	67	0	0	0	0	0	0	0	0	0	0	0	0	531	28	2	37	0	2	218	218	0	0	0	16	[]	0	1
29	123457113	4	0	1	67	0	0	0	0	0	0	0	0	0	0	0	0	591	28	2	37	0	2	218	218	0	0	0	16	[]	0	1
30	123457113	4	0	1	67	0	0	0	0	0	0	0	0	0	0	0	0	591	32	2	37	0	2	218	218	0	0	0	16	[]	0	1
31	123457113	4	0	1	67	0	0	0	0	0	0	0	0	0	0	0	0	591	36	2	37	0	2	218	218	0	0	0	16	[]	0	1
32	123457113	3	1	1	67	0	0	0	0	0	0	0	0	0	0	0	0	591	36	2	37	0	2	218	218	0	0	0	17	[]	0	1
33	123457113	3	1	1	67	0	0	0	0	0	0	0	0	0	0	0	0	591	37	2	37	0	2	218	218	0	0	0	17	[]	0	1
34	123457113	3	1	1	67	0	0	0	0	0	0	0	0	0	0	0	0	591	40	2	37	0	2	218	218	0	0	0	17	[]	0	1
35	123457113	3	1	1	67	0	0	0	0	0	0	0	0	0	0	0	0	591	43	2	37	0	2	218	218	0	0	0	17	[]	0	1
36	123457113	3	1	1	67	0	0	0	0	0	0	0	0	0	0	0	0	651	43	2	37	0	2	218	218	0	0	0	17	[]	0	1
37	123457113	3	1	1	67	0	0	0	0	0	0	0	0	0	0	0	0	651	44	2	37	0	2	218	218	0	0	0	17	[]	0	1
38	123457113	3	1	1	67	0	0	0	0	0	0	0	0	0	0	0	0	651	45	2	37	0	2	218	218	0	0	0	17	[]	0	1
39	123457113	3	1	1	67	0	0	0	0	0	0	0	0	0	0	0	0	651	46	2	37	0	2	218	218	0	0	0	17	[]	0	1
40	123457113	3	1	1	67	0	0	0	0	0	0	0	0	0	0	0	0	651	49	2	37	0	2	218	218	0	0	0	17	[]	0	1
41	123457113	3	1	1	67	0	0	0	0	0	0	0	0	0	0	0	0	651	50	2	37	0	2	218	218	0	0	0	17	[]	0	1
42	123457113	3	1	1	67	0	0	0	0	0	0	0	0	0	0	0	0	651	50	2	37	0	2	218	218	0	0	0	17	[]	0	1
43	123457113	3	1	0	68	0	0	0	0	0	0	0	0	0	0	0	0	711	50	2	37	0	2	218	218	0	0	0	17	[]	0	0
44	123457113	3	0	1	68	0	0	0	0	0	0	0	0	0	0	0	0	711	53	2	37	0	2	218	218	0	0	0	17	[]	0	1
45	123457113	2	1	1	68	0	0	0	0	0	0	0	0	0	0	0	0	711	54	2	37	0	2	218	218	0	0	0	17	[]	0	1
46	123457113	2	1	1	68	0	0	0	0	0	0	0	0	0	0	0	0	711	55	2	37	0	2	218	218	0	0	0	17	[]	0	1
47	123457113	2	1	1	68	0	0	0	0	0	0	0	0	0	0	0	0	711	56	2	37	0	2	218	218	0	0	0	17	[]	0	1
48	123457113	2	1	0	69	0	0	0	0	0	0	0	0	0	0	0	0	711	58	2	37	0	2	218	218	0	0	0	17	[]	0	0
49	123457113	2	0	1	69	0	0	0	0	0	0	0	0	0	0	0	0	711	62	2	37	0	2	218	218	0	0	0	17	[]	0	1
50	123457113	2	0	1	69	0	0	0	0	0	0	0	0	0	0	0	0	771	67	2	37	0	2	218	218	0	0	0	17	[]	0	1
51	123457113	2	0	1	69	0	0	0	0	0	0	0	0	0	0	0	0	771	68	2	37	0	2	218	218	0	0	0	17	[]	0	1
52	123457113	2	0	1	69	0	0	0	0	0	0	0	0	0	0	0	0	771	70	2	37	0	2	218	218	0	0	0	17	[]	0	1
53	123457113	1	1	1	69	0	0	0	0	0	0	0	0	0	0	0	0	771	72	2	37	0	2	218	218	0	0	0	17	[]	0	1
54	123457113	1	0	2	69	0	0	0	0	0	0	0	0	0	0	0	0	771	73	2	37	0	2	218	218	0	0	0	17	[]	0	1
55	123457113	1	0	2	69	0	0	0	0	0	0	0	0	0	0	0	0	771	75	2	37	0	2	218	218	0	0	0	17	[]	0	1
56	123457113	1	0	2	69	0	0	0	0	0	0	0	0	0	0	0	0	771	77	2	37	0	2	218	218	0	0	0	17	[]	0	1
57	123457113	1	0	0	69	0	0	1	0	0	0	0	0	0	0	1	0	850	79	3	38	0	3	218	218	0	0	0	17	[]	0	1
58	123457113	1	0	0	69	0	0	1	0	0	0	0	0	0	0	1	0	850	79	3	38	0	3	218	218	0	0	0	17	[]	0	1
59	123457113	1	0	0	69	0	0	1	0	0	0	0	0	0	0	1	0	850	81	3	38	0	3	218	218	0	0	0	17	[]	0	1
60	123457113	1	0	0	69	0	0	0	1	0	0	0	0	0	0	1	0	850	81	3	38	0	3	218	218	0	0	0	17	[]	0	1
