day	seedRun	susceptible	exposed	infected	removed	susceptible-in-quarantine	exposed-in-quarantine	infected-in-quarantine	removed-in-quarantine	susceptible-in-quarantine-external-1	exposed-in-quarantine-external-1	infected-in-quarantine-external-1	removed-in-quarantine-external-1	susceptible-in-quarantine-external-2	exposed-in-quarantine-external-2	infected-in-quarantine-external-2	removed-in-quarantine-external-2	num-of-screened-agents	num-of-screened-agents-external-1	num-of-screened-agents-external-2	num-of-positive-agents	num-of-positive-agents-external-1	num-of-positive-agents-external-2	num-vaccinated	num-immunized	num-immunized-in-quarantine	num-immunized-in-quarantine-external-1	num-immunized-in-quarantine-external-2	num-infected-outside	classroom-in-quarantine	num-of-classroom-in-quarantine	classroom-with-at-least-one-infected
0	123457122	72	0	0	0	0	0	0	0	0	0	0	0	0	0	0	0	0	0	0	0	0	0	218	218	0	0	0	0	[]	0	0
1	123457122	69	3	0	0	0	0	0	0	0	0	0	0	0	0	0	0	60	3	0	0	0	0	218	218	0	0	0	3	[]	0	0
2	123457122	65	6	1	0	0	0	0	0	0	0	0	0	0	0	0	0	60	8	0	0	0	0	218	218	0	0	0	4	[]	0	1
3	123457122	62	9	1	0	0	0	0	0	0	0	0	0	0	0	0	0	60	9	0	0	0	0	218	218	0	0	0	5	[]	0	1
4	123457122	61	8	2	1	0	0	0	0	0	0	0	0	0	0	0	0	60	11	0	0	0	0	218	218	0	0	0	6	[]	0	1
5	123457122	53	13	5	1	0	0	0	0	0	0	0	0	0	0	0	0	60	12	0	0	0	0	218	218	0	0	0	8	[]	0	3
6	123457122	49	15	7	1	0	0	0	0	0	0	0	0	0	0	0	0	60	12	0	0	0	0	218	218	0	0	0	12	[]	0	4
7	123457122	47	11	12	1	0	0	0	0	0	0	0	0	0	0	1	0	79	13	1	0	0	1	218	218	0	0	0	14	[]	0	5
8	123457122	34	20	13	4	0	0	0	0	0	0	0	0	0	0	1	0	139	13	1	0	0	1	218	218	0	0	0	17	[]	0	7
9	123457122	23	22	18	5	0	0	2	0	0	0	0	0	0	0	2	0	158	13	2	2	0	2	218	218	0	0	0	17	[]	0	10
10	123457122	15	22	25	6	0	0	2	0	0	0	0	0	0	0	2	0	158	19	2	2	0	2	218	218	0	0	0	18	[]	0	10
11	123457122	11	22	20	12	0	0	3	0	0	0	0	0	0	0	4	0	193	19	4	3	0	4	218	218	0	0	0	20	[]	0	10
12	123457122	9	19	22	14	0	0	4	0	0	0	0	0	0	0	3	1	212	21	4	4	0	4	218	218	0	0	0	20	[]	0	11
13	123457122	9	15	24	16	0	0	3	1	0	0	0	0	0	0	3	1	212	22	4	4	0	4	218	218	0	0	0	20	[]	0	11
14	123457122	9	10	23	20	0	0	4	2	0	0	0	0	0	0	1	3	228	23	4	5	0	4	218	204	14	0	0	20	[2A]	1	10
15	123457122	9	8	11	22	0	0	14	2	0	0	0	0	0	0	3	3	354	25	6	15	0	6	218	204	14	0	0	20	[2A]	1	10
16	123457122	6	8	12	23	0	0	12	5	0	0	0	0	0	0	2	4	372	28	6	16	0	6	218	204	14	0	0	21	[2A]	1	11
17	123457122	4	7	14	25	0	0	8	9	0	0	0	0	0	0	2	3	372	30	6	16	0	6	218	204	14	0	0	21	[2A]	1	12
18	123457122	3	7	13	27	0	0	5	12	0	0	0	0	0	0	2	3	372	30	6	16	0	6	218	204	14	0	0	21	[2A]	1	11
19	123457122	2	5	13	28	0	0	6	12	0	0	0	0	0	0	3	3	390	31	7	17	0	7	218	204	14	0	0	21	[2A]	1	11
20	123457122	2	5	6	28	0	0	10	13	0	0	0	0	0	0	5	3	496	33	9	22	0	9	218	204	14	0	0	21	[2A]	1	11
21	123457122	2	2	8	31	0	0	10	12	0	0	0	0	0	0	5	2	496	34	9	22	0	9	218	204	14	0	0	21	[2A]	1	11
22	123457122	2	2	3	32	0	0	14	12	0	0	0	0	0	0	4	3	562	34	9	26	0	9	218	190	28	0	0	21	[2A 3A]	2	11
23	123457122	2	2	3	32	0	0	11	15	0	0	0	0	0	0	4	3	562	35	9	26	0	9	218	190	28	0	0	21	[2A 3A]	2	11
24	123457122	2	1	4	38	0	0	8	14	0	0	0	0	0	0	3	2	580	38	9	26	0	9	218	204	14	0	0	21	[3A]	1	10
25	123457122	2	1	3	51	0	0	5	7	0	0	0	0	0	0	2	1	598	40	9	26	0	9	218	204	14	0	0	21	[3A]	1	7
26	123457122	2	1	2	53	0	0	3	8	0	0	0	0	0	0	2	1	598	42	9	26	0	9	218	204	14	0	0	21	[3A]	1	4
27	123457122	2	1	2	53	0	0	3	8	0	0	0	0	0	0	2	1	616	44	9	26	0	9	218	204	14	0	0	21	[3A]	1	4
28	123457122	2	0	2	54	0	0	2	9	0	0	0	0	0	0	0	3	616	48	9	26	0	9	218	204	14	0	0	21	[3A]	1	3
29	123457122	2	0	2	56	0	0	1	9	0	0	0	0	0	0	0	2	670	48	9	26	0	9	218	204	14	0	0	21	[3A]	1	3
30	123457122	2	0	2	60	0	0	1	6	0	0	0	0	0	0	0	1	670	50	9	26	0	9	218	204	14	0	0	21	[3A]	1	3
31	123457122	2	0	2	60	0	0	0	7	0	0	0	0	0	0	0	1	670	51	9	26	0	9	218	204	14	0	0	21	[3A]	1	2
32	123457122	2	0	1	68	0	0	0	0	0	0	0	0	0	0	1	0	689	52	10	26	0	10	218	218	0	0	0	21	[]	0	2
33	123457122	2	0	1	68	0	0	0	0	0	0	0	0	0	0	1	0	689	55	10	26	0	10	218	218	0	0	0	21	[]	0	2
34	123457122	2	0	1	68	0	0	0	0	0	0	0	0	0	0	1	0	689	55	10	26	0	10	218	218	0	0	0	21	[]	0	2
35	123457122	2	0	1	68	0	0	0	0	0	0	0	0	0	0	1	0	689	58	10	26	0	10	218	218	0	0	0	21	[]	0	2
36	123457122	2	0	0	69	0	0	0	0	0	0	0	0	0	0	1	0	749	60	10	26	0	10	218	218	0	0	0	21	[]	0	1
37	123457122	2	0	0	69	0	0	0	0	0	0	0	0	0	0	1	0	768	62	10	26	0	10	218	218	0	0	0	21	[]	0	1
38	123457122	2	0	0	69	0	0	0	0	0	0	0	0	0	0	0	1	768	62	10	26	0	10	218	218	0	0	0	21	[]	0	0
39	123457122	2	0	0	69	0	0	0	0	0	0	0	0	0	0	0	1	768	62	10	26	0	10	218	218	0	0	0	21	[]	0	0
40	123457122	2	0	0	69	0	0	0	0	0	0	0	0	0	0	0	1	768	64	10	26	0	10	218	218	0	0	0	21	[]	0	0
41	123457122	2	0	0	69	0	0	0	0	0	0	0	0	0	0	0	1	768	66	10	26	0	10	218	218	0	0	0	21	[]	0	0
42	123457122	2	0	0	70	0	0	0	0	0	0	0	0	0	0	0	0	768	68	10	26	0	10	218	218	0	0	0	21	[]	0	0
43	123457122	2	0	0	70	0	0	0	0	0	0	0	0	0	0	0	0	828	70	10	26	0	10	218	218	0	0	0	21	[]	0	0
44	123457122	2	0	0	70	0	0	0	0	0	0	0	0	0	0	0	0	828	72	10	26	0	10	218	218	0	0	0	21	[]	0	0
45	123457122	2	0	0	70	0	0	0	0	0	0	0	0	0	0	0	0	828	76	10	26	0	10	218	218	0	0	0	21	[]	0	0
46	123457122	2	0	0	70	0	0	0	0	0	0	0	0	0	0	0	0	828	78	10	26	0	10	218	218	0	0	0	21	[]	0	0
47	123457122	2	0	0	70	0	0	0	0	0	0	0	0	0	0	0	0	828	80	10	26	0	10	218	218	0	0	0	21	[]	0	0
48	123457122	2	0	0	70	0	0	0	0	0	0	0	0	0	0	0	0	828	82	10	26	0	10	218	218	0	0	0	21	[]	0	0
49	123457122	2	0	0	70	0	0	0	0	0	0	0	0	0	0	0	0	828	82	10	26	0	10	218	218	0	0	0	21	[]	0	0
50	123457122	2	0	0	70	0	0	0	0	0	0	0	0	0	0	0	0	888	84	10	26	0	10	218	218	0	0	0	21	[]	0	0
51	123457122	2	0	0	70	0	0	0	0	0	0	0	0	0	0	0	0	888	85	10	26	0	10	218	218	0	0	0	21	[]	0	0
52	123457122	2	0	0	70	0	0	0	0	0	0	0	0	0	0	0	0	888	86	10	26	0	10	218	218	0	0	0	21	[]	0	0
53	123457122	2	0	0	70	0	0	0	0	0	0	0	0	0	0	0	0	888	86	10	26	0	10	218	218	0	0	0	21	[]	0	0
54	123457122	2	0	0	70	0	0	0	0	0	0	0	0	0	0	0	0	888	88	10	26	0	10	218	218	0	0	0	21	[]	0	0
55	123457122	2	0	0	70	0	0	0	0	0	0	0	0	0	0	0	0	888	89	10	26	0	10	218	218	0	0	0	21	[]	0	0
56	123457122	2	0	0	70	0	0	0	0	0	0	0	0	0	0	0	0	888	89	10	26	0	10	218	218	0	0	0	21	[]	0	0
57	123457122	2	0	0	70	0	0	0	0	0	0	0	0	0	0	0	0	948	89	10	26	0	10	218	218	0	0	0	21	[]	0	0
58	123457122	2	0	0	70	0	0	0	0	0	0	0	0	0	0	0	0	948	89	10	26	0	10	218	218	0	0	0	21	[]	0	0
59	123457122	2	0	0	70	0	0	0	0	0	0	0	0	0	0	0	0	948	91	10	26	0	10	218	218	0	0	0	21	[]	0	0
60	123457122	2	0	0	70	0	0	0	0	0	0	0	0	0	0	0	0	948	91	10	26	0	10	218	218	0	0	0	21	[]	0	0
