day	seedRun	susceptible	exposed	infected	removed	susceptible-in-quarantine	exposed-in-quarantine	infected-in-quarantine	removed-in-quarantine	susceptible-in-quarantine-external-1	exposed-in-quarantine-external-1	infected-in-quarantine-external-1	removed-in-quarantine-external-1	susceptible-in-quarantine-external-2	exposed-in-quarantine-external-2	infected-in-quarantine-external-2	removed-in-quarantine-external-2	num-of-screened-agents	num-of-screened-agents-external-1	num-of-screened-agents-external-2	num-of-positive-agents	num-of-positive-agents-external-1	num-of-positive-agents-external-2	num-vaccinated	num-immunized	num-immunized-in-quarantine	num-immunized-in-quarantine-external-1	num-immunized-in-quarantine-external-2	num-infected-outside	classroom-in-quarantine	num-of-classroom-in-quarantine	classroom-with-at-least-one-infected
0	123456899	235	0	0	0	0	0	0	0	0	0	0	0	0	0	0	0	0	0	0	0	0	0	74	55	0	0	0	0	[]	0	0
1	123456899	229	6	0	0	0	0	0	0	0	0	0	0	0	0	0	0	0	2	0	0	0	0	74	55	0	0	0	6	[]	0	0
2	123456899	205	28	2	0	0	0	0	0	0	0	0	0	0	0	0	0	0	5	0	0	0	0	74	55	0	0	0	14	[]	0	2
3	123456899	176	51	8	0	0	0	0	0	0	0	0	0	0	0	0	0	0	8	0	0	0	0	74	55	0	0	0	16	[]	0	4
4	123456899	130	81	24	0	0	0	0	0	0	0	0	0	0	0	0	0	0	9	0	0	0	0	74	55	0	0	0	19	[]	0	6
5	123456899	92	96	41	6	0	0	0	0	0	0	0	0	0	0	0	0	0	11	0	0	0	0	74	55	0	0	0	25	[]	0	8
6	123456899	92	53	57	10	0	11	8	1	0	0	0	0	0	0	3	0	57	15	3	8	0	3	74	53	2	0	0	25	[1C]	1	12
7	123456899	90	45	64	13	0	8	9	3	0	0	0	0	0	0	3	0	57	16	3	8	0	3	74	53	2	0	0	27	[1C]	1	12
8	123456899	42	66	48	19	4	17	26	8	0	0	0	0	0	0	5	0	95	19	5	26	0	5	74	50	5	0	0	28	[1C 3C 3A]	3	12
9	123456899	25	39	50	24	7	26	45	12	0	0	0	0	0	0	7	0	133	19	7	41	0	7	74	47	8	0	0	28	[1C 3C 3A 3D 1D]	5	12
10	123456899	22	33	42	22	7	19	61	21	0	0	0	0	0	0	8	0	152	19	8	51	0	8	74	46	9	0	0	29	[1C 3C 3A 3D 1D 2A]	6	12
11	123456899	14	7	33	10	14	25	74	48	0	0	0	0	0	0	7	3	225	19	10	65	0	10	74	43	12	0	0	29	[1C 3C 3A 3D 1D 2A 2D 1A 2B]	9	12
12	123456899	14	4	18	10	14	20	82	62	0	0	0	0	0	0	8	3	244	19	11	75	0	11	74	41	14	0	0	29	[1C 3C 3A 3D 1D 2A 2D 1A 2B 1B]	10	12
13	123456899	14	2	20	10	14	13	79	72	0	0	0	0	0	0	7	4	244	19	11	75	0	11	74	41	14	0	0	29	[1C 3C 3A 3D 1D 2A 2D 1A 2B 1B]	10	12
14	123456899	14	1	5	8	14	11	88	82	0	0	0	0	0	0	5	7	263	19	12	88	0	12	74	39	16	0	0	29	[1C 3C 3A 3D 1D 2A 2D 1A 2B 1B 2C]	11	12
15	123456899	12	3	4	9	14	9	75	97	0	0	0	0	0	0	2	10	263	19	12	88	0	12	74	39	16	0	0	31	[1C 3C 3A 3D 1D 2A 2D 1A 2B 1B 2C]	11	12
16	123456899	5	8	6	29	14	6	68	89	0	0	0	0	0	0	2	8	263	21	12	88	0	12	74	41	14	0	0	31	[3C 3A 3D 1D 2A 2D 1A 2B 1B 2C]	10	11
17	123456899	3	0	2	26	16	11	64	102	0	0	0	0	0	0	3	8	281	21	13	92	0	13	74	39	16	0	0	31	[3C 3A 3D 1D 2A 2D 1A 2B 1B 2C 3B]	11	11
18	123456899	7	0	2	59	12	6	45	95	0	0	0	0	0	0	3	6	281	21	13	92	0	13	74	42	13	0	0	31	[3D 1D 2A 2D 1A 2B 1B 2C 3B]	9	9
19	123456899	9	1	2	93	9	6	29	79	0	0	0	0	0	0	3	4	281	21	13	92	0	13	74	45	10	0	0	32	[2A 2D 1A 2B 1B 2C 3B]	7	7
20	123456899	9	1	2	112	9	4	28	64	0	0	0	0	0	0	3	3	281	22	13	92	0	13	74	46	9	0	0	32	[2D 1A 2B 1B 2C 3B]	6	6
21	123456899	16	1	2	162	2	2	13	34	0	0	0	0	0	0	2	1	281	23	13	92	0	13	74	49	6	0	0	32	[1B 2C 3B]	3	3
22	123456899	16	0	3	180	2	0	8	24	0	0	0	0	0	0	2	0	281	24	13	92	0	13	74	51	4	0	0	32	[2C 3B]	2	2
23	123456899	16	0	3	180	2	0	7	25	0	0	0	0	0	0	2	0	281	25	13	92	0	13	74	51	4	0	0	32	[2C 3B]	2	2
24	123456899	15	1	3	198	2	0	5	10	0	0	0	0	0	0	0	1	281	26	13	92	0	13	74	53	2	0	0	32	[3B]	1	1
25	123456899	15	1	2	199	2	0	5	10	0	0	0	0	0	0	0	1	281	27	13	92	0	13	74	53	2	0	0	32	[3B]	1	1
26	123456899	15	1	2	199	2	0	5	10	0	0	0	0	0	0	0	1	281	29	13	92	0	13	74	53	2	0	0	32	[3B]	1	1
27	123456899	17	1	2	215	0	0	0	0	0	0	0	0	0	0	0	0	281	31	13	92	0	13	74	55	0	0	0	32	[]	0	0
28	123456899	16	2	2	215	0	0	0	0	0	0	0	0	0	0	0	0	281	33	13	92	0	13	74	55	0	0	0	33	[]	0	0
29	123456899	13	3	3	216	0	0	0	0	0	0	0	0	0	0	0	0	281	34	13	92	0	13	74	55	0	0	0	33	[]	0	2
30	123456899	10	6	3	216	0	0	0	0	0	0	0	0	0	0	0	0	281	37	13	92	0	13	74	55	0	0	0	33	[]	0	2
31	123456899	7	8	4	216	0	0	0	0	0	0	0	0	0	0	0	0	281	37	13	92	0	13	74	55	0	0	0	34	[]	0	2
32	123456899	7	4	8	216	0	0	0	0	0	0	0	0	0	0	0	0	281	39	13	92	0	13	74	55	0	0	0	34	[]	0	2
33	123456899	7	4	7	217	0	0	0	0	0	0	0	0	0	0	0	0	281	41	13	92	0	13	74	55	0	0	0	34	[]	0	2
34	123456899	7	3	4	217	0	0	3	0	0	0	0	0	0	0	1	0	300	44	14	95	0	14	74	55	0	0	0	34	[]	0	2
35	123456899	7	2	1	217	0	0	6	0	0	0	0	0	0	0	2	0	319	45	15	98	0	15	74	55	0	0	0	34	[]	0	2
36	123456899	7	0	3	217	0	0	6	0	0	0	0	0	0	0	2	0	319	47	15	98	0	15	74	55	0	0	0	34	[]	0	2
37	123456899	7	0	1	219	0	0	6	0	0	0	0	0	0	0	1	1	319	48	15	98	0	15	74	55	0	0	0	34	[]	0	2
38	123456899	7	0	1	219	0	0	6	0	0	0	0	0	0	0	1	1	319	50	15	98	0	15	74	55	0	0	0	34	[]	0	2
39	123456899	7	0	0	205	0	0	6	15	0	0	0	0	0	0	1	1	335	53	15	99	0	15	74	54	1	0	0	34	[2D]	1	2
40	123456899	7	0	0	205	0	0	5	16	0	0	0	0	0	0	0	2	351	53	15	99	0	15	74	54	1	0	0	34	[2D]	1	2
41	123456899	7	0	0	205	0	0	5	16	0	0	0	0	0	0	0	2	351	54	15	99	0	15	74	54	1	0	0	34	[2D]	1	2
42	123456899	7	0	0	205	0	0	3	18	0	0	0	0	0	0	0	2	351	56	15	99	0	15	74	54	1	0	0	34	[2D]	1	2
43	123456899	7	0	0	205	0	0	2	19	0	0	0	0	0	0	0	2	351	58	15	99	0	15	74	54	1	0	0	34	[2D]	1	2
44	123456899	7	0	0	205	0	0	2	19	0	0	0	0	0	0	0	2	351	58	15	99	0	15	74	54	1	0	0	34	[2D]	1	2
45	123456899	7	0	0	209	0	0	1	17	0	0	0	0	0	0	0	1	351	59	15	99	0	15	74	54	1	0	0	34	[2D]	1	1
46	123456899	7	0	0	209	0	0	1	17	0	0	0	0	0	0	0	1	351	60	15	99	0	15	74	54	1	0	0	34	[2D]	1	1
47	123456899	7	0	0	209	0	0	1	17	0	0	0	0	0	0	0	1	351	60	15	99	0	15	74	54	1	0	0	34	[2D]	1	1
48	123456899	7	0	0	209	0	0	1	17	0	0	0	0	0	0	0	1	351	60	15	99	0	15	74	54	1	0	0	34	[2D]	1	1
49	123456899	7	0	0	228	0	0	0	0	0	0	0	0	0	0	0	0	351	63	15	99	0	15	74	55	0	0	0	34	[]	0	0
50	123456899	5	2	0	228	0	0	0	0	0	0	0	0	0	0	0	0	351	66	15	99	0	15	74	55	0	0	0	36	[]	0	0
51	123456899	5	1	1	228	0	0	0	0	0	0	0	0	0	0	0	0	351	66	15	99	0	15	74	55	0	0	0	36	[]	0	1
52	123456899	5	1	1	228	0	0	0	0	0	0	0	0	0	0	0	0	351	67	15	99	0	15	74	55	0	0	0	36	[]	0	1
53	123456899	4	1	1	228	0	0	0	0	0	0	0	0	0	0	1	0	370	70	16	99	0	16	74	55	0	0	0	36	[]	0	2
54	123456899	4	1	1	228	0	0	0	0	0	0	0	0	0	0	1	0	370	72	16	99	0	16	74	55	0	0	0	36	[]	0	2
55	123456899	4	0	2	228	0	0	0	0	0	0	0	0	0	0	1	0	370	75	16	99	0	16	74	55	0	0	0	36	[]	0	2
56	123456899	4	0	1	229	0	0	0	0	0	0	0	0	0	0	1	0	370	75	16	99	0	16	74	55	0	0	0	36	[]	0	2
57	123456899	4	0	1	229	0	0	0	0	0	0	0	0	0	0	1	0	370	76	16	99	0	16	74	55	0	0	0	36	[]	0	2
58	123456899	4	0	0	230	0	0	0	0	0	0	0	0	0	0	1	0	389	78	16	99	0	16	74	55	0	0	0	36	[]	0	1
59	123456899	4	0	0	230	0	0	0	0	0	0	0	0	0	0	0	1	389	82	16	99	0	16	74	55	0	0	0	36	[]	0	0
60	123456899	4	0	0	230	0	0	0	0	0	0	0	0	0	0	0	1	389	86	16	99	0	16	74	55	0	0	0	36	[]	0	0
