day	seedRun	susceptible	exposed	infected	removed	susceptible-in-quarantine	exposed-in-quarantine	infected-in-quarantine	removed-in-quarantine	susceptible-in-quarantine-external-1	exposed-in-quarantine-external-1	infected-in-quarantine-external-1	removed-in-quarantine-external-1	susceptible-in-quarantine-external-2	exposed-in-quarantine-external-2	infected-in-quarantine-external-2	removed-in-quarantine-external-2	num-of-screened-agents	num-of-screened-agents-external-1	num-of-screened-agents-external-2	num-of-positive-agents	num-of-positive-agents-external-1	num-of-positive-agents-external-2	num-vaccinated	num-immunized	num-immunized-in-quarantine	num-immunized-in-quarantine-external-1	num-immunized-in-quarantine-external-2	num-infected-outside	classroom-in-quarantine	num-of-classroom-in-quarantine	classroom-with-at-least-one-infected
0	123457242	242	0	0	0	0	0	0	0	0	0	0	0	0	0	0	0	0	0	0	0	0	0	74	48	0	0	0	0	[]	0	0
1	123457242	235	7	0	0	0	0	0	0	0	0	0	0	0	0	0	0	0	3	0	0	0	0	74	48	0	0	0	7	[]	0	0
2	123457242	225	16	1	0	0	0	0	0	0	0	0	0	0	0	0	0	0	5	0	0	0	0	74	48	0	0	0	10	[]	0	1
3	123457242	193	42	7	0	0	0	0	0	0	0	0	0	0	0	0	0	0	6	0	0	0	0	74	48	0	0	0	14	[]	0	3
4	123457242	162	63	13	0	0	0	3	0	0	0	0	0	0	0	1	0	19	6	1	3	0	1	74	48	0	0	0	17	[]	0	5
5	123457242	120	74	24	1	1	11	8	1	0	0	0	0	0	0	2	0	38	7	2	8	0	2	74	47	1	0	0	18	[1A]	1	9
6	123457242	114	54	31	0	1	12	24	2	0	0	0	0	0	0	4	0	76	7	4	23	0	4	74	46	2	0	0	24	[1A 2B]	2	10
7	123457242	112	43	36	4	1	7	28	6	0	0	0	0	0	0	5	0	95	8	5	26	0	5	74	46	2	0	0	26	[1A 2B]	2	12
8	123457242	62	73	35	7	1	9	36	13	0	0	0	0	0	0	5	1	114	11	6	38	0	6	74	44	4	0	0	26	[1A 2B 3D]	3	12
9	123457242	37	49	15	5	14	26	60	27	0	0	0	0	0	0	8	1	187	11	9	62	0	9	74	39	9	0	0	26	[1A 2B 3D 3C 3A 2A 1C]	7	12
10	123457242	32	26	23	6	15	27	63	40	0	0	0	0	0	0	8	2	206	11	10	68	0	10	74	38	10	0	0	27	[1A 2B 3D 3C 3A 2A 1C 1D]	8	12
11	123457242	23	11	13	6	15	26	72	49	0	0	0	0	9	5	8	5	244	11	12	77	0	12	74	36	12	0	0	27	[1A 2B 3D 3C 3A 2A 1C 1D 1B 2C]	10	12
12	123457242	23	7	16	7	15	18	68	61	0	0	0	0	9	3	9	6	244	11	12	77	0	12	74	36	12	0	0	27	[1A 2B 3D 3C 3A 2A 1C 1D 1B 2C]	10	12
13	123457242	23	3	4	4	15	19	68	78	0	0	0	0	9	3	8	8	263	11	13	88	0	13	74	35	13	0	0	27	[1A 2B 3D 3C 3A 2A 1C 1D 1B 2C 3B]	11	12
14	123457242	21	5	4	4	15	13	65	87	0	0	0	0	9	3	7	9	263	11	13	88	0	13	74	35	13	0	0	29	[1A 2B 3D 3C 3A 2A 1C 1D 1B 2C 3B]	11	12
15	123457242	21	6	3	23	14	6	59	83	0	0	0	0	9	2	7	9	263	11	13	88	0	13	74	36	12	0	0	30	[2B 3D 3C 3A 2A 1C 1D 1B 2C 3B]	10	11
16	123457242	18	7	4	44	14	4	50	76	0	0	0	0	9	2	5	9	263	11	13	88	0	13	74	37	11	0	0	30	[3D 3C 3A 2A 1C 1D 1B 2C 3B]	9	9
17	123457242	11	13	4	45	14	3	42	85	0	0	0	0	9	1	5	10	263	11	13	88	0	13	74	37	11	0	0	30	[3D 3C 3A 2A 1C 1D 1B 2C 3B]	9	10
18	123457242	10	13	3	65	14	1	32	80	0	0	0	0	9	0	6	9	263	11	13	88	0	13	74	39	9	0	0	30	[3C 3A 2A 1C 1D 1B 2C 3B]	8	9
19	123457242	21	13	4	128	1	1	14	40	0	0	0	0	9	0	6	5	263	12	13	88	0	13	74	44	4	0	0	31	[1D 1B 2C 3B]	4	5
20	123457242	22	11	1	147	0	0	13	28	0	0	1	0	9	0	5	5	282	14	13	91	1	13	74	45	3	0	0	31	[1B 2C 3B]	3	4
21	123457242	31	8	3	177	0	0	8	13	0	0	1	0	0	0	0	1	282	16	13	91	1	13	74	47	1	0	0	31	[3B]	1	2
22	123457242	29	6	7	177	0	0	6	15	0	0	1	0	0	0	0	1	282	20	13	91	1	13	74	47	1	0	0	32	[3B]	1	2
23	123457242	25	8	8	197	0	0	0	3	0	0	1	0	0	0	0	0	282	20	13	91	1	13	74	48	0	0	0	32	[]	0	2
24	123457242	23	6	3	192	0	0	0	3	0	0	1	0	0	3	5	6	282	20	14	91	1	14	74	46	0	0	2	32	[2D]	1	2
25	123457242	22	1	1	181	0	3	4	14	0	0	1	0	0	1	7	7	301	23	15	95	1	15	74	45	1	0	2	33	[2D 3C]	2	2
26	123457242	22	1	1	181	0	1	6	14	0	0	1	0	0	1	7	7	301	25	15	95	1	15	74	45	1	0	2	33	[2D 3C]	2	2
27	123457242	18	5	1	181	0	0	7	14	0	0	0	1	0	1	7	7	301	25	15	95	1	15	74	45	1	0	2	37	[2D 3C]	2	2
28	123457242	18	3	3	181	0	0	7	14	0	0	0	1	0	1	5	9	301	27	15	95	1	15	74	45	1	0	2	37	[2D 3C]	2	4
29	123457242	13	7	4	181	0	0	7	14	0	0	0	1	0	0	5	10	301	28	15	95	1	15	74	45	1	0	2	38	[2D 3C]	2	5
30	123457242	10	8	5	182	0	0	6	15	0	0	0	1	0	0	5	10	301	34	15	95	1	15	74	45	1	0	2	38	[2D 3C]	2	5
31	123457242	8	8	6	183	0	0	6	15	0	0	0	1	0	0	5	10	301	38	15	95	1	15	74	45	1	0	2	38	[2D 3C]	2	5
32	123457242	7	7	2	185	0	0	7	16	0	0	0	1	0	0	6	11	339	40	17	97	1	17	74	45	1	0	2	38	[2D 3C]	2	5
33	123457242	6	6	4	185	0	0	6	17	0	0	0	1	0	0	6	11	339	42	17	97	1	17	74	45	1	0	2	39	[2D 3C]	2	5
34	123457242	6	5	4	204	0	0	5	15	0	0	0	0	0	0	2	1	339	44	17	97	1	17	74	47	1	0	0	39	[3C]	1	4
35	123457242	6	3	5	224	0	0	1	1	0	0	0	0	0	0	2	0	339	45	17	97	1	17	74	48	0	0	0	39	[]	0	3
36	123457242	6	3	5	224	0	0	1	1	0	0	0	0	0	0	2	0	339	46	17	97	1	17	74	48	0	0	0	39	[]	0	3
37	123457242	6	2	5	224	0	0	2	1	0	0	0	0	0	0	2	0	375	48	17	98	1	17	74	48	0	0	0	39	[]	0	3
38	123457242	6	2	5	224	0	0	2	1	0	0	0	0	0	0	2	0	375	51	17	98	1	17	74	48	0	0	0	39	[]	0	3
39	123457242	6	2	3	226	0	0	1	2	0	0	0	0	0	0	2	0	375	52	17	98	1	17	74	48	0	0	0	39	[]	0	3
40	123457242	4	4	3	226	0	0	1	2	0	0	0	0	0	0	2	0	375	53	17	98	1	17	74	48	0	0	0	41	[]	0	3
41	123457242	4	1	2	214	0	0	0	3	0	0	0	0	0	1	4	13	375	54	18	98	1	18	74	48	0	0	0	41	[2C]	1	3
42	123457242	4	1	2	215	0	0	0	3	0	0	0	0	0	1	2	14	375	55	18	98	1	18	74	48	0	0	0	41	[2C]	1	2
43	123457242	4	0	3	215	0	0	0	3	0	0	0	0	0	1	2	14	375	57	18	98	1	18	74	48	0	0	0	41	[2C]	1	2
44	123457242	4	0	3	215	0	0	0	3	0	0	0	0	0	1	2	14	375	57	18	98	1	18	74	48	0	0	0	41	[2C]	1	2
45	123457242	3	1	3	215	0	0	0	3	0	0	0	0	0	0	3	14	375	59	18	98	1	18	74	48	0	0	0	41	[2C]	1	2
46	123457242	3	1	2	216	0	0	0	3	0	0	0	0	0	0	3	14	375	61	18	98	1	18	74	48	0	0	0	41	[2C]	1	2
47	123457242	3	1	2	216	0	0	0	3	0	0	0	0	0	0	3	14	375	63	18	98	1	18	74	48	0	0	0	41	[2C]	1	2
48	123457242	3	1	2	216	0	0	0	3	0	0	0	0	0	0	2	15	375	65	18	98	1	18	74	48	0	0	0	41	[2C]	1	2
49	123457242	3	1	2	216	0	0	0	3	0	0	0	0	0	0	2	15	375	66	18	98	1	18	74	48	0	0	0	41	[2C]	1	2
50	123457242	3	1	1	217	0	0	0	3	0	0	0	0	0	0	2	15	375	67	18	98	1	18	74	48	0	0	0	41	[2C]	1	1
51	123457242	3	1	0	238	0	0	0	0	0	0	0	0	0	0	0	0	375	67	18	98	1	18	74	48	0	0	0	41	[]	0	0
52	123457242	3	1	0	238	0	0	0	0	0	0	0	0	0	0	0	0	375	70	18	98	1	18	74	48	0	0	0	41	[]	0	0
53	123457242	3	1	0	238	0	0	0	0	0	0	0	0	0	0	0	0	375	75	18	98	1	18	74	48	0	0	0	41	[]	0	0
54	123457242	3	1	0	238	0	0	0	0	0	0	0	0	0	0	0	0	375	80	18	98	1	18	74	48	0	0	0	41	[]	0	0
55	123457242	3	1	0	238	0	0	0	0	0	0	0	0	0	0	0	0	375	80	18	98	1	18	74	48	0	0	0	41	[]	0	0
56	123457242	3	1	0	238	0	0	0	0	0	0	0	0	0	0	0	0	375	80	18	98	1	18	74	48	0	0	0	41	[]	0	0
57	123457242	3	1	0	238	0	0	0	0	0	0	0	0	0	0	0	0	375	80	18	98	1	18	74	48	0	0	0	41	[]	0	0
58	123457242	3	0	1	238	0	0	0	0	0	0	0	0	0	0	0	0	375	82	18	98	1	18	74	48	0	0	0	41	[]	0	1
59	123457242	3	0	1	238	0	0	0	0	0	0	0	0	0	0	0	0	375	86	18	98	1	18	74	48	0	0	0	41	[]	0	1
60	123457242	3	0	1	238	0	0	0	0	0	0	0	0	0	0	0	0	375	86	18	98	1	18	74	48	0	0	0	41	[]	0	1
