day	seedRun	susceptible	exposed	infected	removed	susceptible-in-quarantine	exposed-in-quarantine	infected-in-quarantine	removed-in-quarantine	susceptible-in-quarantine-external-1	exposed-in-quarantine-external-1	infected-in-quarantine-external-1	removed-in-quarantine-external-1	susceptible-in-quarantine-external-2	exposed-in-quarantine-external-2	infected-in-quarantine-external-2	removed-in-quarantine-external-2	num-of-screened-agents	num-of-screened-agents-external-1	num-of-screened-agents-external-2	num-of-positive-agents	num-of-positive-agents-external-1	num-of-positive-agents-external-2	num-vaccinated	num-immunized	num-immunized-in-quarantine	num-immunized-in-quarantine-external-1	num-immunized-in-quarantine-external-2	num-infected-outside	classroom-in-quarantine	num-of-classroom-in-quarantine	classroom-with-at-least-one-infected
0	123456920	241	0	0	0	0	0	0	0	0	0	0	0	0	0	0	0	0	0	0	0	0	0	74	49	0	0	0	0	[]	0	0
1	123456920	235	6	0	0	0	0	0	0	0	0	0	0	0	0	0	0	0	3	0	0	0	0	74	49	0	0	0	6	[]	0	0
2	123456920	217	22	2	0	0	0	0	0	0	0	0	0	0	0	0	0	0	5	0	0	0	0	74	49	0	0	0	10	[]	0	2
3	123456920	178	55	8	0	0	0	0	0	0	0	0	0	0	0	0	0	0	7	0	0	0	0	74	49	0	0	0	15	[]	0	2
4	123456920	144	77	19	1	0	0	0	0	0	0	0	0	0	0	0	0	0	8	0	0	0	0	74	49	0	0	0	18	[]	0	5
5	123456920	107	73	19	4	5	17	14	0	0	0	0	0	0	0	2	0	38	9	2	14	0	2	74	47	2	0	0	20	[2C 2B]	2	7
6	123456920	106	43	29	7	5	24	21	3	0	0	0	0	0	0	2	1	57	9	3	21	0	3	74	45	4	0	0	21	[2C 2B 1B]	3	8
7	123456920	101	27	28	11	9	26	29	6	0	0	0	0	0	0	3	1	76	11	4	28	0	4	74	43	6	0	0	22	[2C 2B 1B 2D]	4	10
8	123456920	76	46	29	16	9	20	34	7	0	0	0	0	0	0	3	1	76	11	4	28	0	4	74	43	6	0	0	22	[2C 2B 1B 2D]	4	10
9	123456920	37	67	41	22	9	15	32	14	0	0	0	0	0	0	3	1	76	13	4	28	0	4	74	43	6	0	0	24	[2C 2B 1B 2D]	4	11
10	123456920	17	68	47	17	9	13	35	30	0	0	1	0	0	0	3	1	95	15	4	32	1	4	74	41	8	0	0	25	[2C 2B 1B 2D 3B]	5	12
11	123456920	9	34	24	8	9	35	65	48	0	0	2	0	0	0	6	1	171	16	7	62	2	7	74	35	14	0	0	25	[2C 2B 1B 2D 3B 3C 1D 3A 1C]	9	12
12	123456920	8	25	28	14	9	22	74	52	0	0	2	0	0	0	5	2	171	16	7	62	2	7	74	35	14	0	0	25	[2C 2B 1B 2D 3B 3C 1D 3A 1C]	9	12
13	123456920	8	17	19	12	9	18	79	69	0	0	2	0	0	0	5	3	190	16	8	73	2	8	74	34	15	0	0	25	[2C 2B 1B 2D 3B 3C 1D 3A 1C 2A]	10	12
14	123456920	8	10	10	10	9	16	85	82	0	0	1	1	0	0	6	3	209	16	9	81	2	9	74	32	17	0	0	25	[2C 2B 1B 2D 3B 3C 1D 3A 1C 2A 1A]	11	12
15	123456920	12	7	13	44	4	12	66	74	0	0	0	2	0	0	5	2	209	17	9	81	2	9	74	34	15	0	0	25	[1B 2D 3B 3C 1D 3A 1C 2A 1A]	9	10
16	123456920	12	4	16	62	4	10	56	69	0	0	0	2	0	0	5	1	209	19	9	81	2	9	74	36	13	0	0	25	[2D 3B 3C 1D 3A 1C 2A 1A]	8	9
17	123456920	12	7	13	80	0	3	42	77	0	0	0	2	0	0	3	2	209	20	9	81	2	9	74	38	11	0	0	25	[3B 3C 1D 3A 1C 2A 1A]	7	9
18	123456920	4	13	12	83	0	2	39	81	0	0	0	2	0	0	3	2	209	20	9	81	2	9	74	38	11	0	0	26	[3B 3C 1D 3A 1C 2A 1A]	7	10
19	123456920	4	7	16	85	0	1	37	84	0	0	0	2	0	0	3	2	209	21	9	81	2	9	74	38	11	0	0	26	[3B 3C 1D 3A 1C 2A 1A]	7	10
20	123456920	4	5	10	93	0	1	36	85	0	0	0	1	0	0	3	3	228	21	10	88	2	10	74	38	11	0	0	26	[3C 1D 3A 1C 2A 1A 3D]	7	9
21	123456920	3	6	7	170	0	0	17	35	0	0	0	0	0	0	2	1	228	21	10	88	2	10	74	44	5	0	0	27	[2A 1A 3D]	3	5
22	123456920	3	4	6	173	0	0	15	37	0	0	0	0	0	0	2	1	228	22	10	88	2	10	74	44	5	0	0	27	[2A 1A 3D]	3	5
23	123456920	3	4	5	193	0	0	10	24	0	0	0	0	0	0	0	2	228	22	10	88	2	10	74	45	4	0	0	27	[1A 3D]	2	3
24	123456920	3	3	6	211	0	0	4	13	0	0	0	0	0	0	0	1	228	24	10	88	2	10	74	47	2	0	0	27	[3D]	1	2
25	123456920	3	2	6	212	0	0	3	14	0	0	0	0	0	0	0	1	228	24	10	88	2	10	74	47	2	0	0	27	[3D]	1	2
26	123456920	3	1	6	213	0	0	3	14	0	0	0	0	0	0	0	1	228	27	10	88	2	10	74	47	2	0	0	27	[3D]	1	2
27	123456920	2	2	6	213	0	0	3	14	0	0	0	0	0	0	0	1	228	29	10	88	2	10	74	47	2	0	0	28	[3D]	1	2
28	123456920	2	2	6	213	0	0	3	14	0	0	0	0	0	0	0	1	228	30	10	88	2	10	74	47	2	0	0	28	[3D]	1	2
29	123456920	2	2	6	213	0	0	3	14	0	0	0	0	0	0	0	1	228	30	10	88	2	10	74	47	2	0	0	28	[3D]	1	2
30	123456920	2	2	6	231	0	0	0	0	0	0	0	0	0	0	0	0	228	34	10	88	2	10	74	49	0	0	0	28	[]	0	1
31	123456920	2	1	7	231	0	0	0	0	0	0	0	0	0	0	0	0	228	37	10	88	2	10	74	49	0	0	0	28	[]	0	1
32	123456920	2	1	7	231	0	0	0	0	0	0	0	0	0	0	0	0	228	38	10	88	2	10	74	49	0	0	0	28	[]	0	1
33	123456920	2	0	7	232	0	0	0	0	0	0	0	0	0	0	0	0	228	41	10	88	2	10	74	49	0	0	0	28	[]	0	1
34	123456920	2	0	5	234	0	0	0	0	0	0	0	0	0	0	0	0	228	42	10	88	2	10	74	49	0	0	0	28	[]	0	1
35	123456920	2	0	3	236	0	0	0	0	0	0	0	0	0	0	0	0	228	42	10	88	2	10	74	49	0	0	0	28	[]	0	1
36	123456920	2	0	2	237	0	0	0	0	0	0	0	0	0	0	0	0	228	43	10	88	2	10	74	49	0	0	0	28	[]	0	1
37	123456920	2	0	1	238	0	0	0	0	0	0	0	0	0	0	0	0	228	44	10	88	2	10	74	49	0	0	0	28	[]	0	1
38	123456920	2	0	1	238	0	0	0	0	0	0	0	0	0	0	0	0	228	44	10	88	2	10	74	49	0	0	0	28	[]	0	1
39	123456920	2	0	1	238	0	0	0	0	0	0	0	0	0	0	0	0	228	45	10	88	2	10	74	49	0	0	0	28	[]	0	1
40	123456920	2	0	0	239	0	0	0	0	0	0	0	0	0	0	0	0	228	45	10	88	2	10	74	49	0	0	0	28	[]	0	0
41	123456920	2	0	0	239	0	0	0	0	0	0	0	0	0	0	0	0	228	46	10	88	2	10	74	49	0	0	0	28	[]	0	0
42	123456920	2	0	0	239	0	0	0	0	0	0	0	0	0	0	0	0	228	47	10	88	2	10	74	49	0	0	0	28	[]	0	0
43	123456920	2	0	0	239	0	0	0	0	0	0	0	0	0	0	0	0	228	47	10	88	2	10	74	49	0	0	0	28	[]	0	0
44	123456920	2	0	0	239	0	0	0	0	0	0	0	0	0	0	0	0	228	52	10	88	2	10	74	49	0	0	0	28	[]	0	0
45	123456920	2	0	0	239	0	0	0	0	0	0	0	0	0	0	0	0	228	57	10	88	2	10	74	49	0	0	0	28	[]	0	0
46	123456920	2	0	0	239	0	0	0	0	0	0	0	0	0	0	0	0	228	58	10	88	2	10	74	49	0	0	0	28	[]	0	0
47	123456920	2	0	0	239	0	0	0	0	0	0	0	0	0	0	0	0	228	62	10	88	2	10	74	49	0	0	0	28	[]	0	0
48	123456920	2	0	0	239	0	0	0	0	0	0	0	0	0	0	0	0	228	62	10	88	2	10	74	49	0	0	0	28	[]	0	0
49	123456920	2	0	0	239	0	0	0	0	0	0	0	0	0	0	0	0	228	64	10	88	2	10	74	49	0	0	0	28	[]	0	0
50	123456920	2	0	0	239	0	0	0	0	0	0	0	0	0	0	0	0	228	68	10	88	2	10	74	49	0	0	0	28	[]	0	0
51	123456920	1	1	0	239	0	0	0	0	0	0	0	0	0	0	0	0	228	68	10	88	2	10	74	49	0	0	0	29	[]	0	0
52	123456920	1	1	0	239	0	0	0	0	0	0	0	0	0	0	0	0	228	71	10	88	2	10	74	49	0	0	0	29	[]	0	0
53	123456920	1	1	0	239	0	0	0	0	0	0	0	0	0	0	0	0	228	77	10	88	2	10	74	49	0	0	0	29	[]	0	0
54	123456920	0	2	0	239	0	0	0	0	0	0	0	0	0	0	0	0	228	78	10	88	2	10	74	49	0	0	0	30	[]	0	0
55	123456920	0	1	1	239	0	0	0	0	0	0	0	0	0	0	0	0	228	78	10	88	2	10	74	49	0	0	0	30	[]	0	0
56	123456920	0	1	1	239	0	0	0	0	0	0	0	0	0	0	0	0	228	78	10	88	2	10	74	49	0	0	0	30	[]	0	0
57	123456920	0	0	2	239	0	0	0	0	0	0	0	0	0	0	0	0	228	81	10	88	2	10	74	49	0	0	0	30	[]	0	0
58	123456920	0	0	2	239	0	0	0	0	0	0	0	0	0	0	0	0	228	83	10	88	2	10	74	49	0	0	0	30	[]	0	0
59	123456920	0	0	1	240	0	0	0	0	0	0	0	0	0	0	0	0	228	84	10	88	2	10	74	49	0	0	0	30	[]	0	0
60	123456920	0	0	1	240	0	0	0	0	0	0	0	0	0	0	0	0	228	85	10	88	2	10	74	49	0	0	0	30	[]	0	0
