day	seedRun	susceptible	exposed	infected	removed	susceptible-in-quarantine	exposed-in-quarantine	infected-in-quarantine	removed-in-quarantine	susceptible-in-quarantine-external-1	exposed-in-quarantine-external-1	infected-in-quarantine-external-1	removed-in-quarantine-external-1	susceptible-in-quarantine-external-2	exposed-in-quarantine-external-2	infected-in-quarantine-external-2	removed-in-quarantine-external-2	num-of-screened-agents	num-of-screened-agents-external-1	num-of-screened-agents-external-2	num-of-positive-agents	num-of-positive-agents-external-1	num-of-positive-agents-external-2	num-vaccinated	num-immunized	num-immunized-in-quarantine	num-immunized-in-quarantine-external-1	num-immunized-in-quarantine-external-2	num-infected-outside	classroom-in-quarantine	num-of-classroom-in-quarantine	classroom-with-at-least-one-infected
0	123457137	269	0	0	0	0	0	0	0	0	0	0	0	0	0	0	0	0	0	0	0	0	0	50	21	0	0	0	0	[]	0	0
1	123457137	266	3	0	0	0	0	0	0	0	0	0	0	0	0	0	0	0	1	0	0	0	0	50	21	0	0	0	3	[]	0	0
2	123457137	241	26	2	0	0	0	0	0	0	0	0	0	0	0	0	0	0	1	0	0	0	0	50	21	0	0	0	7	[]	0	2
3	123457137	195	64	10	0	0	0	0	0	0	0	0	0	0	0	0	0	0	3	0	0	0	0	50	21	0	0	0	11	[]	0	3
4	123457137	137	107	23	2	0	0	0	0	0	0	0	0	0	0	0	0	0	6	0	0	0	0	50	21	0	0	0	17	[]	0	6
5	123457137	80	132	54	3	0	0	0	0	0	0	0	0	0	0	0	0	0	7	1	0	0	1	50	21	0	0	0	19	[]	0	8
6	123457137	79	94	87	9	0	0	0	0	0	0	0	0	0	0	0	0	0	11	3	0	1	3	50	21	0	0	0	20	[]	0	11
7	123457137	75	80	95	19	0	0	0	0	0	0	0	0	0	0	0	0	0	11	7	0	1	7	50	21	0	0	0	24	[]	0	11
8	123457137	31	97	110	31	0	0	0	0	0	0	0	0	0	0	0	0	0	13	9	0	2	9	50	21	0	0	0	24	[]	0	11
9	123457137	12	89	123	45	0	0	0	0	0	0	0	0	0	0	0	0	0	13	13	0	2	13	50	21	0	0	0	25	[]	0	11
10	123457137	4	65	134	66	0	0	0	0	0	0	0	0	0	0	0	0	0	16	15	0	4	15	50	21	0	0	0	25	[]	0	12
11	123457137	0	49	135	85	0	0	0	0	0	0	0	0	0	0	0	0	0	17	17	0	4	17	50	21	0	0	0	25	[]	0	12
12	123457137	0	37	129	103	0	0	0	0	0	0	0	0	0	0	0	0	0	19	20	0	5	20	50	21	0	0	0	25	[]	0	12
13	123457137	0	26	121	122	0	0	0	0	0	0	0	0	0	0	0	0	0	21	21	0	6	21	50	21	0	0	0	25	[]	0	12
14	123457137	0	17	114	138	0	0	0	0	0	0	0	0	0	0	0	0	0	22	23	0	6	23	50	21	0	0	0	25	[]	0	12
15	123457137	0	13	108	148	0	0	0	0	0	0	0	0	0	0	0	0	0	24	24	0	6	24	50	21	0	0	0	25	[]	0	12
16	123457137	0	8	102	159	0	0	0	0	0	0	0	0	0	0	0	0	0	27	25	0	7	25	50	21	0	0	0	25	[]	0	12
17	123457137	0	7	90	172	0	0	0	0	0	0	0	0	0	0	0	0	0	27	26	0	7	26	50	21	0	0	0	25	[]	0	12
18	123457137	0	6	76	187	0	0	0	0	0	0	0	0	0	0	0	0	0	29	30	0	8	30	50	21	0	0	0	25	[]	0	12
19	123457137	0	5	71	193	0	0	0	0	0	0	0	0	0	0	0	0	0	30	34	0	8	34	50	21	0	0	0	25	[]	0	12
20	123457137	0	4	63	202	0	0	0	0	0	0	0	0	0	0	0	0	0	30	35	0	8	35	50	21	0	0	0	25	[]	0	12
21	123457137	0	4	56	209	0	0	0	0	0	0	0	0	0	0	0	0	0	31	37	0	8	37	50	21	0	0	0	25	[]	0	12
22	123457137	0	4	49	216	0	0	0	0	0	0	0	0	0	0	0	0	0	32	43	0	8	43	50	21	0	0	0	25	[]	0	12
23	123457137	0	2	45	222	0	0	0	0	0	0	0	0	0	0	0	0	0	37	43	0	8	43	50	21	0	0	0	25	[]	0	11
24	123457137	0	2	39	228	0	0	0	0	0	0	0	0	0	0	0	0	0	40	45	0	8	45	50	21	0	0	0	25	[]	0	10
25	123457137	0	2	35	232	0	0	0	0	0	0	0	0	0	0	0	0	0	42	48	0	8	48	50	21	0	0	0	25	[]	0	9
26	123457137	0	2	30	237	0	0	0	0	0	0	0	0	0	0	0	0	0	44	50	0	8	50	50	21	0	0	0	25	[]	0	9
27	123457137	0	1	27	241	0	0	0	0	0	0	0	0	0	0	0	0	0	46	50	0	8	50	50	21	0	0	0	25	[]	0	9
28	123457137	0	0	20	249	0	0	0	0	0	0	0	0	0	0	0	0	0	48	50	0	8	50	50	21	0	0	0	25	[]	0	7
29	123457137	0	0	16	253	0	0	0	0	0	0	0	0	0	0	0	0	0	50	50	0	8	50	50	21	0	0	0	25	[]	0	7
30	123457137	0	0	15	254	0	0	0	0	0	0	0	0	0	0	0	0	0	51	50	0	9	50	50	21	0	0	0	25	[]	0	7
31	123457137	0	0	15	254	0	0	0	0	0	0	0	0	0	0	0	0	0	51	51	0	9	51	50	21	0	0	0	25	[]	0	7
32	123457137	0	0	13	256	0	0	0	0	0	0	0	0	0	0	0	0	0	51	52	0	9	52	50	21	0	0	0	25	[]	0	7
33	123457137	0	0	12	257	0	0	0	0	0	0	0	0	0	0	0	0	0	52	52	0	9	52	50	21	0	0	0	25	[]	0	6
34	123457137	0	0	10	259	0	0	0	0	0	0	0	0	0	0	0	0	0	55	52	0	9	52	50	21	0	0	0	25	[]	0	5
35	123457137	0	0	7	262	0	0	0	0	0	0	0	0	0	0	0	0	0	57	52	0	9	52	50	21	0	0	0	25	[]	0	3
36	123457137	0	0	3	266	0	0	0	0	0	0	0	0	0	0	0	0	0	60	52	0	9	52	50	21	0	0	0	25	[]	0	1
37	123457137	0	0	2	267	0	0	0	0	0	0	0	0	0	0	0	0	0	60	52	0	9	52	50	21	0	0	0	25	[]	0	1
38	123457137	0	0	1	268	0	0	0	0	0	0	0	0	0	0	0	0	0	61	52	0	9	52	50	21	0	0	0	25	[]	0	1
39	123457137	0	0	1	268	0	0	0	0	0	0	0	0	0	0	0	0	0	61	52	0	9	52	50	21	0	0	0	25	[]	0	1
40	123457137	0	0	1	268	0	0	0	0	0	0	0	0	0	0	0	0	0	62	52	0	9	52	50	21	0	0	0	25	[]	0	1
41	123457137	0	0	1	268	0	0	0	0	0	0	0	0	0	0	0	0	0	64	52	0	9	52	50	21	0	0	0	25	[]	0	1
42	123457137	0	0	0	269	0	0	0	0	0	0	0	0	0	0	0	0	0	66	52	0	9	52	50	21	0	0	0	25	[]	0	0
43	123457137	0	0	0	269	0	0	0	0	0	0	0	0	0	0	0	0	0	67	52	0	9	52	50	21	0	0	0	25	[]	0	0
44	123457137	0	0	0	269	0	0	0	0	0	0	0	0	0	0	0	0	0	72	52	0	9	52	50	21	0	0	0	25	[]	0	0
45	123457137	0	0	0	269	0	0	0	0	0	0	0	0	0	0	0	0	0	76	52	0	9	52	50	21	0	0	0	25	[]	0	0
46	123457137	0	0	0	269	0	0	0	0	0	0	0	0	0	0	0	0	0	78	52	0	9	52	50	21	0	0	0	25	[]	0	0
47	123457137	0	0	0	269	0	0	0	0	0	0	0	0	0	0	0	0	0	80	52	0	9	52	50	21	0	0	0	25	[]	0	0
48	123457137	0	0	0	269	0	0	0	0	0	0	0	0	0	0	0	0	0	81	52	0	9	52	50	21	0	0	0	25	[]	0	0
49	123457137	0	0	0	269	0	0	0	0	0	0	0	0	0	0	0	0	0	81	52	0	9	52	50	21	0	0	0	25	[]	0	0
50	123457137	0	0	0	269	0	0	0	0	0	0	0	0	0	0	0	0	0	84	52	0	9	52	50	21	0	0	0	25	[]	0	0
51	123457137	0	0	0	269	0	0	0	0	0	0	0	0	0	0	0	0	0	88	52	0	9	52	50	21	0	0	0	25	[]	0	0
52	123457137	0	0	0	269	0	0	0	0	0	0	0	0	0	0	0	0	0	90	52	0	9	52	50	21	0	0	0	25	[]	0	0
53	123457137	0	0	0	269	0	0	0	0	0	0	0	0	0	0	0	0	0	91	52	0	9	52	50	21	0	0	0	25	[]	0	0
54	123457137	0	0	0	269	0	0	0	0	0	0	0	0	0	0	0	0	0	93	52	0	9	52	50	21	0	0	0	25	[]	0	0
55	123457137	0	0	0	269	0	0	0	0	0	0	0	0	0	0	0	0	0	97	52	0	9	52	50	21	0	0	0	25	[]	0	0
56	123457137	0	0	0	269	0	0	0	0	0	0	0	0	0	0	0	0	0	101	52	0	9	52	50	21	0	0	0	25	[]	0	0
57	123457137	0	0	0	269	0	0	0	0	0	0	0	0	0	0	0	0	0	101	52	0	9	52	50	21	0	0	0	25	[]	0	0
58	123457137	0	0	0	269	0	0	0	0	0	0	0	0	0	0	0	0	0	107	52	0	9	52	50	21	0	0	0	25	[]	0	0
59	123457137	0	0	0	269	0	0	0	0	0	0	0	0	0	0	0	0	0	107	52	0	9	52	50	21	0	0	0	25	[]	0	0
60	123457137	0	0	0	269	0	0	0	0	0	0	0	0	0	0	0	0	0	108	52	0	9	52	50	21	0	0	0	25	[]	0	0
