day	seedRun	susceptible	exposed	infected	removed	susceptible-in-quarantine	exposed-in-quarantine	infected-in-quarantine	removed-in-quarantine	susceptible-in-quarantine-external-1	exposed-in-quarantine-external-1	infected-in-quarantine-external-1	removed-in-quarantine-external-1	susceptible-in-quarantine-external-2	exposed-in-quarantine-external-2	infected-in-quarantine-external-2	removed-in-quarantine-external-2	num-of-screened-agents	num-of-screened-agents-external-1	num-of-screened-agents-external-2	num-of-positive-agents	num-of-positive-agents-external-1	num-of-positive-agents-external-2	num-vaccinated	num-immunized	num-immunized-in-quarantine	num-immunized-in-quarantine-external-1	num-immunized-in-quarantine-external-2	num-infected-outside	classroom-in-quarantine	num-of-classroom-in-quarantine	classroom-with-at-least-one-infected
0	123456795	72	0	0	0	0	0	0	0	0	0	0	0	0	0	0	0	0	0	0	0	0	0	218	218	0	0	0	0	[]	0	0
1	123456795	71	1	0	0	0	0	0	0	0	0	0	0	0	0	0	0	0	3	0	0	0	0	218	218	0	0	0	1	[]	0	0
2	123456795	65	6	1	0	0	0	0	0	0	0	0	0	0	0	0	0	0	5	0	0	0	0	218	218	0	0	0	7	[]	0	1
3	123456795	62	7	3	0	0	0	0	0	0	0	0	0	0	0	0	0	0	7	0	0	0	0	218	218	0	0	0	8	[]	0	2
4	123456795	56	12	4	0	0	0	0	0	0	0	0	0	0	0	0	0	0	8	0	0	0	0	218	218	0	0	0	12	[]	0	3
5	123456795	51	14	5	2	0	0	0	0	0	0	0	0	0	0	0	0	0	9	0	0	0	0	218	218	0	0	0	14	[]	0	4
6	123456795	50	13	5	4	0	0	0	0	0	0	0	0	0	0	0	0	0	12	0	0	0	0	218	218	0	0	0	15	[]	0	4
7	123456795	49	10	9	4	0	0	0	0	0	0	0	0	0	0	0	0	0	15	0	0	0	0	218	218	0	0	0	16	[]	0	7
8	123456795	41	17	7	5	0	0	0	0	0	0	1	0	0	0	1	0	0	16	1	0	1	1	218	218	0	0	0	18	[]	0	7
9	123456795	38	18	7	7	0	0	0	0	0	0	0	1	0	0	1	0	0	17	1	0	1	1	218	218	0	0	0	19	[]	0	6
10	123456795	35	16	8	10	0	0	0	0	0	0	0	1	0	0	2	0	0	19	2	0	1	2	218	218	0	0	0	20	[]	0	8
11	123456795	33	12	14	10	0	0	0	0	0	0	0	1	0	0	1	1	0	20	2	0	1	2	218	218	0	0	0	21	[]	0	9
12	123456795	28	14	13	14	0	0	0	0	0	0	0	1	0	0	1	1	0	20	2	0	1	2	218	218	0	0	0	24	[]	0	8
13	123456795	26	13	13	15	0	0	0	0	0	0	0	1	0	0	3	1	0	22	4	0	1	4	218	218	0	0	0	26	[]	0	9
14	123456795	24	10	15	17	0	0	0	0	0	0	0	1	0	0	3	2	0	23	5	0	1	5	218	218	0	0	0	28	[]	0	10
15	123456795	23	8	15	20	0	0	0	0	0	0	0	1	0	0	3	2	0	24	5	0	1	5	218	218	0	0	0	28	[]	0	10
16	123456795	19	8	15	24	0	0	0	0	0	0	0	1	0	0	2	3	0	25	5	0	1	5	218	218	0	0	0	30	[]	0	9
17	123456795	18	7	15	26	0	0	0	0	0	0	0	1	0	0	2	3	0	27	5	0	1	5	218	218	0	0	0	31	[]	0	9
18	123456795	15	6	18	29	0	0	0	0	0	0	0	0	0	0	1	3	0	27	5	0	1	5	218	218	0	0	0	31	[]	0	9
19	123456795	14	6	18	29	0	0	0	0	0	0	0	0	0	0	1	4	0	28	6	0	1	6	218	218	0	0	0	32	[]	0	9
20	123456795	14	4	18	32	0	0	0	0	0	0	0	0	0	0	1	3	0	29	6	0	1	6	218	218	0	0	0	32	[]	0	8
21	123456795	13	5	17	33	0	0	0	0	0	0	0	0	0	0	1	3	0	29	6	0	1	6	218	218	0	0	0	33	[]	0	8
22	123456795	10	8	12	38	0	0	0	0	0	0	0	0	0	0	0	4	0	30	6	0	1	6	218	218	0	0	0	33	[]	0	7
23	123456795	10	4	15	41	0	0	0	0	0	0	0	0	0	0	0	2	0	33	6	0	1	6	218	218	0	0	0	33	[]	0	8
24	123456795	10	2	14	43	0	0	0	0	0	0	0	0	0	0	2	1	0	35	8	0	1	8	218	218	0	0	0	33	[]	0	7
25	123456795	9	2	9	47	0	0	0	0	0	0	1	0	0	0	3	1	0	36	9	0	2	9	218	218	0	0	0	33	[]	0	6
26	123456795	8	2	8	49	0	0	0	0	0	0	1	0	0	0	3	1	0	36	9	0	2	9	218	218	0	0	0	34	[]	0	6
27	123456795	8	0	9	50	0	0	0	0	0	0	1	0	0	0	2	2	0	38	9	0	2	9	218	218	0	0	0	34	[]	0	6
28	123456795	8	0	7	52	0	0	0	0	0	0	1	0	0	0	2	2	0	40	9	0	2	9	218	218	0	0	0	34	[]	0	5
29	123456795	8	0	3	57	0	0	0	0	0	0	1	0	0	0	2	1	0	41	9	0	2	9	218	218	0	0	0	34	[]	0	4
30	123456795	8	0	3	57	0	0	0	0	0	0	1	0	0	0	2	1	0	43	9	0	2	9	218	218	0	0	0	34	[]	0	4
31	123456795	7	1	3	57	0	0	0	0	0	0	1	0	0	0	2	1	0	44	9	0	2	9	218	218	0	0	0	35	[]	0	4
32	123456795	7	1	2	58	0	0	0	0	0	0	1	0	0	0	1	2	0	44	9	0	2	9	218	218	0	0	0	35	[]	0	3
33	123456795	7	1	2	58	0	0	0	0	0	0	1	0	0	0	1	2	0	47	9	0	2	9	218	218	0	0	0	35	[]	0	3
34	123456795	6	1	2	61	0	0	0	0	0	0	1	0	0	0	0	1	0	50	9	0	2	9	218	218	0	0	0	36	[]	0	3
35	123456795	6	0	3	63	0	0	0	0	0	0	0	0	0	0	0	0	0	50	9	0	2	9	218	218	0	0	0	36	[]	0	2
36	123456795	4	2	3	63	0	0	0	0	0	0	0	0	0	0	0	0	0	55	9	0	2	9	218	218	0	0	0	37	[]	0	2
37	123456795	4	2	3	63	0	0	0	0	0	0	0	0	0	0	0	0	0	56	9	0	2	9	218	218	0	0	0	37	[]	0	2
38	123456795	4	2	3	63	0	0	0	0	0	0	0	0	0	0	0	0	0	58	9	0	2	9	218	218	0	0	0	37	[]	0	2
39	123456795	3	3	2	64	0	0	0	0	0	0	0	0	0	0	0	0	0	59	9	0	2	9	218	218	0	0	0	37	[]	0	1
40	123456795	3	3	2	64	0	0	0	0	0	0	0	0	0	0	0	0	0	60	9	0	2	9	218	218	0	0	0	37	[]	0	1
41	123456795	3	2	2	64	0	0	0	0	0	0	0	0	0	0	1	0	0	61	10	0	2	10	218	218	0	0	0	37	[]	0	1
42	123456795	3	1	3	64	0	0	0	0	0	0	0	0	0	0	1	0	0	62	10	0	2	10	218	218	0	0	0	37	[]	0	2
43	123456795	3	1	2	65	0	0	0	0	0	0	0	0	0	0	1	0	0	63	10	0	2	10	218	218	0	0	0	37	[]	0	2
44	123456795	3	1	2	65	0	0	0	0	0	0	0	0	0	0	0	1	0	63	10	0	2	10	218	218	0	0	0	37	[]	0	2
45	123456795	2	2	2	65	0	0	0	0	0	0	0	0	0	0	0	1	0	63	10	0	2	10	218	218	0	0	0	37	[]	0	2
46	123456795	2	2	1	65	0	0	0	0	0	0	0	0	0	0	1	1	0	64	11	0	2	11	218	218	0	0	0	37	[]	0	2
47	123456795	2	2	1	65	0	0	0	0	0	0	0	0	0	0	1	1	0	66	11	0	2	11	218	218	0	0	0	37	[]	0	2
48	123456795	2	2	1	65	0	0	0	0	0	0	0	0	0	0	1	1	0	70	11	0	2	11	218	218	0	0	0	37	[]	0	2
49	123456795	1	2	2	65	0	0	0	0	0	0	0	0	0	0	1	1	0	71	11	0	2	11	218	218	0	0	0	38	[]	0	2
50	123456795	1	1	2	65	0	0	0	0	0	0	1	0	0	0	1	1	0	72	11	0	3	11	218	218	0	0	0	38	[]	0	2
51	123456795	1	0	3	66	0	0	0	0	0	0	1	0	0	0	1	0	0	74	11	0	3	11	218	218	0	0	0	38	[]	0	3
52	123456795	1	0	3	66	0	0	0	0	0	0	1	0	0	0	1	0	0	78	11	0	3	11	218	218	0	0	0	38	[]	0	3
53	123456795	1	0	3	66	0	0	0	0	0	0	1	0	0	0	1	0	0	80	11	0	3	11	218	218	0	0	0	38	[]	0	3
54	123456795	1	0	2	67	0	0	0	0	0	0	1	0	0	0	1	0	0	84	11	0	3	11	218	218	0	0	0	38	[]	0	3
55	123456795	1	0	1	67	0	0	0	0	0	0	2	0	0	0	1	0	0	88	11	0	4	11	218	218	0	0	0	38	[]	0	3
56	123456795	1	0	1	68	0	0	0	0	0	0	2	0	0	0	0	0	0	88	11	0	4	11	218	218	0	0	0	38	[]	0	3
57	123456795	1	0	1	68	0	0	0	0	0	0	1	1	0	0	0	0	0	89	11	0	4	11	218	218	0	0	0	38	[]	0	2
58	123456795	1	0	1	68	0	0	0	0	0	0	1	1	0	0	0	0	0	90	11	0	4	11	218	218	0	0	0	38	[]	0	2
59	123456795	1	0	1	68	0	0	0	0	0	0	1	1	0	0	0	0	0	93	11	0	4	11	218	218	0	0	0	38	[]	0	2
60	123456795	1	0	1	69	0	0	0	0	0	0	0	1	0	0	0	0	0	95	11	0	4	11	218	218	0	0	0	38	[]	0	1
