day	seedRun	susceptible	exposed	infected	removed	susceptible-in-quarantine	exposed-in-quarantine	infected-in-quarantine	removed-in-quarantine	susceptible-in-quarantine-external-1	exposed-in-quarantine-external-1	infected-in-quarantine-external-1	removed-in-quarantine-external-1	susceptible-in-quarantine-external-2	exposed-in-quarantine-external-2	infected-in-quarantine-external-2	removed-in-quarantine-external-2	num-of-screened-agents	num-of-screened-agents-external-1	num-of-screened-agents-external-2	num-of-positive-agents	num-of-positive-agents-external-1	num-of-positive-agents-external-2	num-vaccinated	num-immunized	num-immunized-in-quarantine	num-immunized-in-quarantine-external-1	num-immunized-in-quarantine-external-2	num-infected-outside	classroom-in-quarantine	num-of-classroom-in-quarantine	classroom-with-at-least-one-infected
0	123456855	72	0	0	0	0	0	0	0	0	0	0	0	0	0	0	0	0	0	0	0	0	0	218	218	0	0	0	0	[]	0	0
1	123456855	69	3	0	0	0	0	0	0	0	0	0	0	0	0	0	0	0	1	0	0	0	0	218	218	0	0	0	3	[]	0	0
2	123456855	66	6	0	0	0	0	0	0	0	0	0	0	0	0	0	0	0	2	0	0	0	0	218	218	0	0	0	6	[]	0	0
3	123456855	61	7	3	0	0	0	0	0	0	0	0	0	0	0	1	0	0	5	1	0	0	1	218	218	0	0	0	8	[]	0	4
4	123456855	56	9	3	2	0	0	0	0	0	0	0	0	0	0	2	0	0	6	2	0	0	2	218	218	0	0	0	11	[]	0	4
5	123456855	54	8	5	3	0	0	0	0	0	0	0	0	0	0	1	1	0	7	2	0	0	2	218	218	0	0	0	13	[]	0	6
6	123456855	50	12	4	4	0	0	0	0	0	0	0	0	0	0	1	1	0	11	2	0	0	2	218	218	0	0	0	17	[]	0	5
7	123456855	46	14	6	4	0	0	0	0	0	0	0	0	0	0	1	1	0	13	2	0	0	2	218	218	0	0	0	21	[]	0	6
8	123456855	39	20	7	4	0	0	0	0	0	0	0	0	0	0	0	2	0	17	2	0	0	2	218	218	0	0	0	26	[]	0	5
9	123456855	35	19	8	6	0	0	0	0	0	0	0	0	0	0	2	2	0	19	4	0	0	4	218	218	0	0	0	28	[]	0	7
10	123456855	32	16	11	8	0	0	0	0	0	0	0	0	0	0	3	2	0	22	5	0	0	5	218	218	0	0	0	29	[]	0	9
11	123456855	27	17	13	10	0	0	0	0	0	0	0	0	0	0	2	3	0	23	5	0	0	5	218	218	0	0	0	32	[]	0	10
12	123456855	25	12	18	12	0	0	0	0	0	0	0	0	0	0	2	3	0	25	5	0	0	5	218	218	0	0	0	33	[]	0	9
13	123456855	24	7	20	16	0	0	0	0	0	0	0	0	0	0	2	3	0	26	6	0	0	6	218	218	0	0	0	34	[]	0	10
14	123456855	23	8	17	18	0	0	0	0	0	0	1	0	0	0	3	2	0	28	7	0	1	7	218	218	0	0	0	35	[]	0	10
15	123456855	18	12	15	21	0	0	0	0	0	0	1	0	0	0	2	3	0	29	7	0	1	7	218	218	0	0	0	37	[]	0	10
16	123456855	15	12	15	24	0	0	0	0	0	0	1	0	0	0	1	4	0	30	7	0	1	7	218	218	0	0	0	37	[]	0	9
17	123456855	14	9	18	24	0	0	0	0	0	0	0	1	0	0	2	4	0	31	8	0	1	8	218	218	0	0	0	37	[]	0	10
18	123456855	12	6	21	25	0	0	0	0	0	0	0	1	0	0	3	4	0	31	9	0	1	9	218	218	0	0	0	37	[]	0	11
19	123456855	12	3	20	31	0	0	0	0	0	0	0	1	0	0	2	3	0	32	9	0	1	9	218	218	0	0	0	37	[]	0	9
20	123456855	11	2	19	34	0	0	0	0	0	0	0	1	0	0	3	2	0	35	10	0	1	10	218	218	0	0	0	38	[]	0	9
21	123456855	10	2	20	34	0	0	0	0	0	0	0	1	0	0	2	3	0	35	10	0	1	10	218	218	0	0	0	39	[]	0	10
22	123456855	9	3	17	36	0	0	0	0	0	0	1	1	0	0	1	4	0	38	10	0	2	10	218	218	0	0	0	40	[]	0	9
23	123456855	7	4	17	38	0	0	0	0	0	0	1	1	0	0	1	3	0	39	10	0	2	10	218	218	0	0	0	41	[]	0	9
24	123456855	6	3	16	43	0	0	0	0	0	0	1	0	0	0	1	2	0	41	10	0	2	10	218	218	0	0	0	41	[]	0	9
25	123456855	6	2	11	47	0	0	0	0	0	0	1	0	0	0	3	2	0	41	12	0	2	12	218	218	0	0	0	41	[]	0	9
26	123456855	6	2	9	48	0	0	0	0	0	0	1	0	0	0	4	2	0	41	13	0	2	13	218	218	0	0	0	41	[]	0	8
27	123456855	6	0	9	50	0	0	0	0	0	0	1	0	0	0	5	1	0	41	14	0	2	14	218	218	0	0	0	41	[]	0	9
28	123456855	6	0	7	53	0	0	0	0	0	0	1	0	0	0	3	2	0	41	14	0	2	14	218	218	0	0	0	41	[]	0	8
29	123456855	6	0	6	54	0	0	0	0	0	0	1	0	0	0	1	4	0	45	14	0	2	14	218	218	0	0	0	41	[]	0	7
30	123456855	6	0	6	55	0	0	0	0	0	0	1	0	0	0	1	3	0	49	14	0	2	14	218	218	0	0	0	41	[]	0	7
31	123456855	5	1	6	55	0	0	0	0	0	0	1	0	0	0	1	3	0	51	14	0	2	14	218	218	0	0	0	42	[]	0	7
32	123456855	5	0	7	56	0	0	0	0	0	0	0	0	0	0	1	3	0	53	14	0	2	14	218	218	0	0	0	42	[]	0	7
33	123456855	4	1	5	58	0	0	0	0	0	0	0	0	0	0	1	3	0	54	14	0	2	14	218	218	0	0	0	43	[]	0	5
34	123456855	3	2	2	61	0	0	0	0	0	0	0	0	0	0	1	3	0	54	14	0	2	14	218	218	0	0	0	44	[]	0	3
35	123456855	3	2	2	63	0	0	0	0	0	0	0	0	0	0	1	1	0	55	14	0	2	14	218	218	0	0	0	44	[]	0	3
36	123456855	3	1	3	64	0	0	0	0	0	0	0	0	0	0	0	1	0	57	14	0	2	14	218	218	0	0	0	44	[]	0	2
37	123456855	3	1	3	65	0	0	0	0	0	0	0	0	0	0	0	0	0	57	14	0	2	14	218	218	0	0	0	44	[]	0	2
38	123456855	3	0	4	65	0	0	0	0	0	0	0	0	0	0	0	0	0	60	14	0	2	14	218	218	0	0	0	44	[]	0	3
39	123456855	3	0	4	65	0	0	0	0	0	0	0	0	0	0	0	0	0	61	14	0	2	14	218	218	0	0	0	44	[]	0	3
40	123456855	2	1	4	65	0	0	0	0	0	0	0	0	0	0	0	0	0	64	14	0	2	14	218	218	0	0	0	44	[]	0	3
41	123456855	2	1	3	66	0	0	0	0	0	0	0	0	0	0	0	0	0	67	14	0	2	14	218	218	0	0	0	44	[]	0	2
42	123456855	2	1	3	66	0	0	0	0	0	0	0	0	0	0	0	0	0	68	14	0	2	14	218	218	0	0	0	44	[]	0	2
43	123456855	2	1	1	67	0	0	0	0	0	0	0	0	0	0	1	0	0	69	15	0	2	15	218	218	0	0	0	44	[]	0	1
44	123456855	2	1	0	68	0	0	0	0	0	0	0	0	0	0	1	0	0	70	15	0	2	15	218	218	0	0	0	44	[]	0	1
45	123456855	2	1	0	68	0	0	0	0	0	0	0	0	0	0	1	0	0	72	15	0	2	15	218	218	0	0	0	44	[]	0	1
46	123456855	2	1	0	68	0	0	0	0	0	0	0	0	0	0	1	0	0	80	15	0	2	15	218	218	0	0	0	44	[]	0	1
47	123456855	2	1	0	68	0	0	0	0	0	0	0	0	0	0	1	0	0	81	15	0	2	15	218	218	0	0	0	44	[]	0	1
48	123456855	2	1	0	68	0	0	0	0	0	0	0	0	0	0	1	0	0	81	15	0	2	15	218	218	0	0	0	44	[]	0	1
49	123456855	2	1	0	68	0	0	0	0	0	0	0	0	0	0	1	0	0	83	15	0	2	15	218	218	0	0	0	44	[]	0	1
50	123456855	2	0	1	68	0	0	0	0	0	0	0	0	0	0	1	0	0	86	15	0	2	15	218	218	0	0	0	44	[]	0	1
51	123456855	2	0	0	69	0	0	0	0	0	0	0	0	0	0	1	0	0	86	15	0	2	15	218	218	0	0	0	44	[]	0	1
52	123456855	2	0	0	69	0	0	0	0	0	0	0	0	0	0	1	0	0	86	15	0	2	15	218	218	0	0	0	44	[]	0	1
53	123456855	2	0	0	70	0	0	0	0	0	0	0	0	0	0	0	0	0	90	15	0	2	15	218	218	0	0	0	44	[]	0	0
54	123456855	2	0	0	70	0	0	0	0	0	0	0	0	0	0	0	0	0	92	15	0	2	15	218	218	0	0	0	44	[]	0	0
55	123456855	2	0	0	70	0	0	0	0	0	0	0	0	0	0	0	0	0	92	15	0	2	15	218	218	0	0	0	44	[]	0	0
56	123456855	2	0	0	70	0	0	0	0	0	0	0	0	0	0	0	0	0	98	15	0	2	15	218	218	0	0	0	44	[]	0	0
57	123456855	2	0	0	70	0	0	0	0	0	0	0	0	0	0	0	0	0	99	15	0	2	15	218	218	0	0	0	44	[]	0	0
58	123456855	2	0	0	70	0	0	0	0	0	0	0	0	0	0	0	0	0	99	15	0	2	15	218	218	0	0	0	44	[]	0	0
59	123456855	2	0	0	70	0	0	0	0	0	0	0	0	0	0	0	0	0	99	15	0	2	15	218	218	0	0	0	44	[]	0	0
60	123456855	2	0	0	70	0	0	0	0	0	0	0	0	0	0	0	0	0	102	15	0	2	15	218	218	0	0	0	44	[]	0	0
