day	seedRun	susceptible	exposed	infected	removed	susceptible-in-quarantine	exposed-in-quarantine	infected-in-quarantine	removed-in-quarantine	susceptible-in-quarantine-external-1	exposed-in-quarantine-external-1	infected-in-quarantine-external-1	removed-in-quarantine-external-1	susceptible-in-quarantine-external-2	exposed-in-quarantine-external-2	infected-in-quarantine-external-2	removed-in-quarantine-external-2	num-of-screened-agents	num-of-screened-agents-external-1	num-of-screened-agents-external-2	num-of-positive-agents	num-of-positive-agents-external-1	num-of-positive-agents-external-2	num-vaccinated-susceptible	num-vaccinated-exposed	num-vaccinated-infected	num-vaccinated-removed	num-vaccinated-susceptible-in-quarantine	num-vaccinated-exposed-in-quarantine	num-vaccinated-infected-in-quarantine	num-vaccinated-removed-in-quarantine	num-vaccinated-susceptible-in-quarantine-external-1	num-vaccinated-exposed-in-quarantine-external-1	num-vaccinated-infected-in-quarantine-external-1	num-vaccinated-removed-in-quarantine-external-1	num-vaccinated-susceptible-in-quarantine-external-2	num-vaccinated-exposed-in-quarantine-external-2	num-vaccinated-infected-in-quarantine-external-2	num-vaccinated-removed-in-quarantine-external-2	num-infected-outside	classroom-in-quarantine	num-of-classroom-in-quarantine	classroom-with-at-least-one-infected
0	123456998	72	0	0	0	0	0	0	0	0	0	0	0	0	0	0	0	0	0	0	0	0	0	218	0	0	0	0	0	0	0	0	0	0	0	0	0	0	0	0	[]	0	0
1	123456998	71	1	0	0	0	0	0	0	0	0	0	0	0	0	0	0	0	2	0	0	0	0	217	1	0	0	0	0	0	0	0	0	0	0	0	0	0	0	2	[]	0	0
2	123456998	71	0	1	0	0	0	0	0	0	0	0	0	0	0	0	0	0	3	0	0	0	0	215	3	0	0	0	0	0	0	0	0	0	0	0	0	0	0	4	[]	0	1
3	123456998	68	3	1	0	0	0	0	0	0	0	0	0	0	0	0	0	0	3	0	0	0	0	214	4	0	0	0	0	0	0	0	0	0	0	0	0	0	0	7	[]	0	1
4	123456998	67	3	2	0	0	0	0	0	0	0	0	0	0	0	0	0	0	5	0	0	0	0	212	5	1	0	0	0	0	0	0	0	0	0	0	0	0	0	9	[]	0	2
5	123456998	65	3	4	0	0	0	0	0	0	0	0	0	0	0	0	0	0	5	0	0	0	0	209	5	4	0	0	0	0	0	0	0	0	0	0	0	0	0	11	[]	0	7
6	123456998	62	4	5	0	0	0	0	0	0	0	0	0	0	0	1	0	0	7	1	0	0	1	208	4	6	0	0	0	0	0	0	0	0	0	0	0	0	0	15	[]	0	7
7	123456998	61	5	5	0	0	0	0	0	0	0	0	0	0	0	1	0	0	9	1	0	0	1	208	3	5	2	0	0	0	0	0	0	0	0	0	0	0	0	16	[]	0	8
8	123456998	56	8	7	0	0	0	0	0	0	0	0	0	0	0	1	0	0	9	1	0	0	1	206	4	5	3	0	0	0	0	0	0	0	0	0	0	0	0	18	[]	0	8
9	123456998	52	10	7	2	0	0	0	0	0	0	0	0	0	0	0	1	0	9	1	0	0	1	202	7	6	3	0	0	0	0	0	0	0	0	0	0	0	0	22	[]	0	7
10	123456998	50	10	9	2	0	0	0	0	0	0	0	0	0	0	0	1	0	9	1	0	0	1	195	11	9	3	0	0	0	0	0	0	0	0	0	0	0	0	23	[]	0	7
11	123456998	41	16	10	4	0	0	0	0	0	0	0	0	0	0	0	1	0	10	1	0	0	1	191	11	12	4	0	0	0	0	0	0	0	0	0	0	0	0	27	[]	0	7
12	123456998	38	13	14	6	0	0	0	0	0	0	0	0	0	0	0	1	0	11	1	0	0	1	186	14	13	5	0	0	0	0	0	0	0	0	0	0	0	0	28	[]	0	7
13	123456998	38	10	13	10	0	0	0	0	0	0	0	0	0	0	0	1	0	13	1	0	0	1	185	11	14	8	0	0	0	0	0	0	0	0	0	0	0	0	29	[]	0	8
14	123456998	37	10	12	12	0	0	0	0	0	0	0	0	0	0	0	1	0	13	1	0	0	1	183	8	16	11	0	0	0	0	0	0	0	0	0	0	0	0	32	[]	0	8
15	123456998	30	14	15	12	0	0	0	0	0	0	0	0	0	0	0	1	0	14	1	0	0	1	178	10	19	11	0	0	0	0	0	0	0	0	0	0	0	0	34	[]	0	11
16	123456998	25	15	16	15	0	0	0	0	0	0	0	0	0	0	0	1	0	15	2	0	0	2	170	17	17	13	0	0	0	0	0	0	0	0	0	0	1	0	35	[]	0	11
17	123456998	20	15	19	17	0	0	0	0	0	0	0	0	0	0	0	1	0	18	2	0	1	2	161	22	19	14	0	0	0	0	0	0	1	0	0	0	0	1	36	[]	0	11
18	123456998	15	14	23	19	0	0	0	0	0	0	0	0	0	0	0	1	0	18	2	0	1	2	153	23	24	16	0	0	0	0	0	0	1	0	0	0	0	1	37	[]	0	11
19	123456998	12	13	25	21	0	0	0	0	0	0	0	0	0	0	0	1	0	18	2	0	1	2	145	25	28	18	0	0	0	0	0	0	1	0	0	0	0	1	37	[]	0	12
20	123456998	11	8	26	27	0	0	0	0	0	0	0	0	0	0	0	0	0	19	2	0	1	2	145	21	31	19	0	0	0	0	0	0	1	0	0	0	0	1	38	[]	0	12
21	123456998	11	7	24	30	0	0	0	0	0	0	0	0	0	0	0	0	0	19	2	0	1	2	144	13	36	23	0	0	0	0	0	0	1	0	0	0	0	1	39	[]	0	12
22	123456998	9	9	20	32	0	0	0	0	0	0	0	0	0	0	2	0	0	19	4	0	1	4	137	15	39	25	0	0	0	0	0	0	1	0	0	0	0	1	40	[]	0	12
23	123456998	7	10	20	33	0	0	0	0	0	0	0	0	0	0	1	1	0	19	5	0	1	5	125	26	34	30	0	0	0	0	0	0	1	0	0	0	1	1	42	[]	0	12
24	123456998	6	11	18	35	0	0	0	0	0	0	0	0	0	0	1	1	0	20	5	0	1	5	119	26	34	36	0	0	0	0	0	0	1	0	0	0	1	1	42	[]	0	12
25	123456998	5	11	17	37	0	0	0	0	0	0	0	0	0	0	1	1	0	22	6	0	1	6	112	27	35	40	0	0	0	0	0	0	1	0	0	0	2	1	43	[]	0	12
26	123456998	5	3	21	41	0	0	0	0	0	0	0	0	0	0	1	1	0	23	7	0	1	7	103	31	31	48	0	0	0	0	0	0	1	0	0	0	3	1	44	[]	0	12
27	123456998	5	3	17	45	0	0	0	0	0	0	0	0	0	0	1	1	0	23	7	0	1	7	103	17	40	53	0	0	0	0	0	0	1	0	0	0	3	1	44	[]	0	12
28	123456998	5	2	16	47	0	0	0	0	0	0	0	0	0	0	1	1	0	23	7	0	1	7	102	13	40	58	0	0	0	0	0	0	1	0	0	0	3	1	45	[]	0	12
29	123456998	4	2	16	47	0	0	0	0	0	0	0	0	0	0	2	1	0	23	8	0	1	8	99	12	39	63	0	0	0	0	0	0	1	0	0	0	3	1	46	[]	0	11
30	123456998	4	2	15	48	0	0	0	0	0	0	0	0	0	0	2	1	0	25	8	0	1	8	94	13	39	68	0	0	0	0	0	0	1	0	0	0	2	1	46	[]	0	11
31	123456998	3	2	15	49	0	0	0	0	0	0	0	0	0	0	1	2	0	26	8	0	1	8	89	15	36	75	0	0	0	0	0	0	0	0	0	0	1	2	47	[]	0	11
32	123456998	2	3	12	52	0	0	0	0	0	0	0	0	0	0	1	2	0	26	8	0	1	8	85	15	33	82	0	0	0	0	0	0	0	0	0	0	1	2	47	[]	0	11
33	123456998	1	3	11	54	0	0	0	0	0	0	0	0	0	0	1	2	0	26	8	0	1	8	81	10	42	82	0	0	0	0	0	0	0	0	0	0	0	3	47	[]	0	11
34	123456998	1	2	12	54	0	0	0	0	0	0	0	0	0	0	1	2	0	26	8	0	1	8	81	7	40	87	0	0	0	0	0	0	0	0	0	0	0	3	47	[]	0	11
35	123456998	1	0	12	55	0	0	0	0	0	0	0	0	0	0	2	2	0	26	9	0	1	9	80	6	38	91	0	0	0	0	0	0	0	0	0	0	0	3	48	[]	0	11
36	123456998	1	0	12	57	0	0	0	0	0	0	0	0	0	0	2	0	0	26	9	0	1	9	74	10	34	97	0	0	0	0	0	0	0	0	0	0	0	3	48	[]	0	11
37	123456998	1	0	8	61	0	0	0	0	0	0	0	0	0	0	2	0	0	26	9	0	1	9	69	12	33	102	0	0	0	0	0	0	0	0	0	0	0	2	49	[]	0	11
38	123456998	1	0	7	62	0	0	0	0	0	0	0	0	0	0	2	0	0	27	9	0	1	9	67	9	36	104	0	0	0	0	0	0	0	0	0	0	0	2	49	[]	0	11
39	123456998	1	0	5	64	0	0	0	0	0	0	0	0	0	0	2	0	0	27	10	0	1	10	62	10	34	110	0	0	0	0	0	0	0	0	0	0	1	1	50	[]	0	11
40	123456998	1	0	3	66	0	0	0	0	0	0	0	0	0	0	1	1	0	27	11	0	1	11	62	7	31	116	0	0	0	0	0	0	0	0	0	0	2	0	50	[]	0	11
41	123456998	1	0	2	67	0	0	0	0	0	0	0	0	0	0	1	1	0	30	11	0	2	11	62	5	25	123	0	0	0	0	0	0	1	0	0	0	2	0	50	[]	0	11
42	123456998	1	0	2	67	0	0	0	0	0	0	0	0	0	0	1	1	0	31	11	0	2	11	62	3	25	125	0	0	0	0	0	0	1	0	0	0	2	0	50	[]	0	10
43	123456998	1	0	2	68	0	0	0	0	0	0	0	0	0	0	1	0	0	32	11	0	2	11	61	2	24	128	0	0	0	0	0	0	0	1	0	0	1	1	51	[]	0	11
44	123456998	1	0	2	68	0	0	0	0	0	0	0	0	0	0	1	0	0	34	11	0	2	11	61	2	19	133	0	0	0	0	0	0	0	1	0	0	1	1	51	[]	0	10
45	123456998	1	0	2	68	0	0	0	0	0	0	0	0	0	0	0	1	0	38	11	0	2	11	61	1	18	135	0	0	0	0	0	0	0	1	0	0	1	1	51	[]	0	9
46	123456998	1	0	1	69	0	0	0	0	0	0	0	0	0	0	0	1	0	41	11	0	2	11	61	1	15	138	0	0	0	0	0	0	0	1	0	0	1	1	51	[]	0	6
47	123456998	1	0	1	69	0	0	0	0	0	0	0	0	0	0	0	1	0	44	11	0	3	11	61	0	12	141	0	0	0	0	0	0	1	1	0	0	0	2	51	[]	0	4
48	123456998	1	0	1	69	0	0	0	0	0	0	0	0	0	0	0	1	0	44	11	0	3	11	60	1	11	142	0	0	0	0	0	0	1	1	0	0	0	2	52	[]	0	4
49	123456998	1	0	1	70	0	0	0	0	0	0	0	0	0	0	0	0	0	44	11	0	3	11	60	0	11	143	0	0	0	0	0	0	1	1	0	0	0	2	52	[]	0	5
50	123456998	1	0	1	70	0	0	0	0	0	0	0	0	0	0	0	0	0	44	11	0	3	11	60	0	10	144	0	0	0	0	0	0	1	1	0	0	0	2	52	[]	0	4
51	123456998	1	0	1	70	0	0	0	0	0	0	0	0	0	0	0	0	0	44	11	0	3	11	60	0	10	144	0	0	0	0	0	0	1	1	0	0	0	2	52	[]	0	4
52	123456998	1	0	0	71	0	0	0	0	0	0	0	0	0	0	0	0	0	44	11	0	3	11	60	0	10	144	0	0	0	0	0	0	1	1	0	0	0	2	52	[]	0	4
53	123456998	1	0	0	71	0	0	0	0	0	0	0	0	0	0	0	0	0	44	12	0	3	12	59	1	8	146	0	0	0	0	0	0	0	2	0	0	1	1	52	[]	0	4
54	123456998	1	0	0	71	0	0	0	0	0	0	0	0	0	0	0	0	0	45	12	0	3	12	58	2	4	151	0	0	0	0	0	0	0	2	0	0	1	0	53	[]	0	3
55	123456998	1	0	0	71	0	0	0	0	0	0	0	0	0	0	0	0	0	48	12	0	3	12	57	3	4	152	0	0	0	0	0	0	0	1	0	0	1	0	54	[]	0	3
56	123456998	1	0	0	71	0	0	0	0	0	0	0	0	0	0	0	0	0	48	12	0	3	12	56	3	4	153	0	0	0	0	0	0	0	1	0	0	1	0	55	[]	0	3
57	123456998	1	0	0	71	0	0	0	0	0	0	0	0	0	0	0	0	0	48	12	0	3	12	56	3	4	153	0	0	0	0	0	0	0	1	0	0	0	1	55	[]	0	2
58	123456998	1	0	0	71	0	0	0	0	0	0	0	0	0	0	0	0	0	48	12	0	3	12	56	1	5	154	0	0	0	0	0	0	0	1	0	0	0	1	55	[]	0	4
59	123456998	1	0	0	71	0	0	0	0	0	0	0	0	0	0	0	0	0	48	12	0	3	12	55	2	3	156	0	0	0	0	0	0	0	1	0	0	0	1	55	[]	0	3
60	123456998	1	0	0	71	0	0	0	0	0	0	0	0	0	0	0	0	0	48	12	0	3	12	55	1	4	156	0	0	0	0	0	0	0	1	0	0	0	1	55	[]	0	3
