day	seedRun	susceptible	exposed	infected	removed	susceptible-in-quarantine	exposed-in-quarantine	infected-in-quarantine	removed-in-quarantine	susceptible-in-quarantine-external-1	exposed-in-quarantine-external-1	infected-in-quarantine-external-1	removed-in-quarantine-external-1	susceptible-in-quarantine-external-2	exposed-in-quarantine-external-2	infected-in-quarantine-external-2	removed-in-quarantine-external-2	num-of-screened-agents	num-of-screened-agents-external-1	num-of-screened-agents-external-2	num-of-positive-agents	num-of-positive-agents-external-1	num-of-positive-agents-external-2	num-vaccinated-susceptible	num-vaccinated-exposed	num-vaccinated-infected	num-vaccinated-removed	num-vaccinated-susceptible-in-quarantine	num-vaccinated-exposed-in-quarantine	num-vaccinated-infected-in-quarantine	num-vaccinated-removed-in-quarantine	num-vaccinated-susceptible-in-quarantine-external-1	num-vaccinated-exposed-in-quarantine-external-1	num-vaccinated-infected-in-quarantine-external-1	num-vaccinated-removed-in-quarantine-external-1	num-vaccinated-susceptible-in-quarantine-external-2	num-vaccinated-exposed-in-quarantine-external-2	num-vaccinated-infected-in-quarantine-external-2	num-vaccinated-removed-in-quarantine-external-2	num-infected-outside	classroom-in-quarantine	num-of-classroom-in-quarantine	classroom-with-at-least-one-infected
0	123456851	72	0	0	0	0	0	0	0	0	0	0	0	0	0	0	0	0	0	0	0	0	0	218	0	0	0	0	0	0	0	0	0	0	0	0	0	0	0	0	[]	0	0
1	123456851	72	0	0	0	0	0	0	0	0	0	0	0	0	0	0	0	0	0	0	0	0	0	216	2	0	0	0	0	0	0	0	0	0	0	0	0	0	0	2	[]	0	0
2	123456851	69	3	0	0	0	0	0	0	0	0	0	0	0	0	0	0	0	1	0	0	0	0	216	2	0	0	0	0	0	0	0	0	0	0	0	0	0	0	5	[]	0	0
3	123456851	67	3	2	0	0	0	0	0	0	0	0	0	0	0	0	0	0	1	0	0	0	0	214	3	1	0	0	0	0	0	0	0	0	0	0	0	0	0	7	[]	0	2
4	123456851	65	5	2	0	0	0	0	0	0	0	0	0	0	0	0	0	0	1	0	0	0	0	210	6	2	0	0	0	0	0	0	0	0	0	0	0	0	0	12	[]	0	2
5	123456851	58	9	5	0	0	0	0	0	0	0	0	0	0	0	0	0	0	2	0	0	0	0	204	10	4	0	0	0	0	0	0	0	0	0	0	0	0	0	16	[]	0	5
6	123456851	58	3	9	1	0	0	0	0	0	0	1	0	0	0	0	0	0	3	0	0	1	0	203	8	7	0	0	0	0	0	0	0	0	0	0	0	0	0	17	[]	0	8
7	123456851	57	4	6	4	0	0	0	0	0	0	1	0	0	0	0	0	0	4	0	0	1	0	203	6	9	0	0	0	0	0	0	0	0	0	0	0	0	0	18	[]	0	8
8	123456851	51	10	5	5	0	0	0	0	0	0	1	0	0	0	0	0	0	5	0	0	1	0	201	6	11	0	0	0	0	0	0	0	0	0	0	0	0	0	21	[]	0	7
9	123456851	47	11	6	7	0	0	0	0	0	0	1	0	0	0	0	0	0	6	0	0	1	0	196	10	11	1	0	0	0	0	0	0	0	0	0	0	0	0	22	[]	0	7
10	123456851	46	9	9	7	0	0	0	0	0	0	0	1	0	0	0	0	0	7	0	0	1	0	193	12	11	2	0	0	0	0	0	0	0	0	0	0	0	0	22	[]	0	9
11	123456851	43	10	10	8	0	0	0	0	0	0	0	1	0	0	0	0	0	8	0	0	1	0	185	18	12	3	0	0	0	0	0	0	0	0	0	0	0	0	27	[]	0	9
12	123456851	35	15	13	8	0	0	0	0	0	0	0	1	0	0	0	0	0	11	1	0	1	1	172	25	14	6	0	0	0	0	0	0	0	0	0	0	1	0	31	[]	0	10
13	123456851	34	13	14	10	0	0	0	0	0	0	0	1	0	0	0	0	0	11	1	0	1	1	172	20	15	10	0	0	0	0	0	0	0	0	0	0	1	0	32	[]	0	10
14	123456851	34	6	18	13	0	0	0	0	0	0	0	1	0	0	0	0	0	11	1	0	1	1	172	16	17	12	0	0	0	0	0	0	0	0	0	0	1	0	32	[]	0	12
15	123456851	27	12	15	17	0	0	0	0	0	0	0	1	0	0	0	0	0	13	1	0	1	1	167	19	17	14	0	0	0	0	0	0	0	0	0	0	1	0	33	[]	0	12
16	123456851	26	11	16	18	0	0	0	0	0	0	0	1	0	0	0	0	0	15	1	0	1	1	160	18	23	16	0	0	0	0	0	0	0	0	0	0	1	0	35	[]	0	10
17	123456851	21	13	17	20	0	0	0	0	0	0	0	1	0	0	0	0	0	15	1	0	1	1	149	25	25	18	0	0	0	0	0	0	0	0	0	0	1	0	36	[]	0	11
18	123456851	18	12	21	20	0	0	0	0	0	0	0	1	0	0	0	0	0	15	2	0	1	2	139	28	26	23	0	0	0	0	0	0	0	0	0	0	2	0	37	[]	0	11
19	123456851	13	14	20	24	0	0	0	0	0	0	0	1	0	0	0	0	0	16	2	0	1	2	128	31	29	28	0	0	0	0	0	0	0	0	0	0	2	0	38	[]	0	10
20	123456851	13	9	22	28	0	0	0	0	0	0	0	0	0	0	0	0	0	16	2	0	1	2	128	25	32	31	0	0	0	0	0	0	0	0	0	0	2	0	38	[]	0	11
21	123456851	13	5	21	33	0	0	0	0	0	0	0	0	0	0	0	0	0	16	3	0	1	3	127	19	34	35	0	0	0	0	0	0	0	0	0	0	3	0	39	[]	0	11
22	123456851	13	4	15	39	0	0	0	0	0	0	0	0	0	0	1	0	0	16	4	0	1	4	116	23	36	40	0	0	0	0	0	0	0	0	0	0	3	0	39	[]	0	11
23	123456851	12	2	14	43	0	0	0	0	0	0	0	0	0	0	1	0	0	16	4	0	1	4	108	28	38	41	0	0	0	0	0	0	0	0	0	0	2	1	40	[]	0	11
24	123456851	9	5	10	47	0	0	0	0	0	0	0	0	0	0	0	1	0	16	4	0	1	4	97	33	43	42	0	0	0	0	0	0	0	0	0	0	2	1	43	[]	0	11
25	123456851	9	5	10	47	0	0	0	0	0	0	0	0	0	0	0	1	0	16	5	0	1	5	92	31	46	45	0	0	0	0	0	0	0	0	0	0	3	1	43	[]	0	11
26	123456851	9	5	9	48	0	0	0	0	0	0	0	0	0	0	0	1	0	17	5	0	1	5	90	27	47	51	0	0	0	0	0	0	0	0	0	0	3	0	44	[]	0	12
27	123456851	9	3	8	51	0	0	0	0	0	0	0	0	0	0	0	1	0	17	5	0	1	5	90	23	46	56	0	0	0	0	0	0	0	0	0	0	1	2	44	[]	0	11
28	123456851	8	4	6	53	0	0	0	0	0	0	0	0	0	0	0	1	0	17	5	0	1	5	90	18	48	59	0	0	0	0	0	0	0	0	0	0	1	2	45	[]	0	12
29	123456851	8	0	10	53	0	0	0	0	0	0	0	0	0	0	0	1	0	17	5	0	1	5	86	19	46	64	0	0	0	0	0	0	0	0	0	0	1	2	46	[]	0	12
30	123456851	7	1	10	53	0	0	0	0	0	0	0	0	0	0	0	1	0	18	5	0	1	5	80	19	43	73	0	0	0	0	0	0	0	0	0	0	1	2	47	[]	0	12
31	123456851	7	1	9	54	0	0	0	0	0	0	0	0	0	0	0	1	0	19	5	0	1	5	77	17	42	79	0	0	0	0	0	0	0	0	0	0	1	2	48	[]	0	12
32	123456851	5	3	9	54	0	0	0	0	0	0	0	0	0	0	0	1	0	19	6	0	1	6	76	13	35	91	0	0	0	0	0	0	0	0	0	0	1	2	48	[]	0	10
33	123456851	5	3	6	57	0	0	0	0	0	0	0	0	0	0	0	1	0	19	6	0	1	6	74	11	31	99	0	0	0	0	0	0	0	0	0	0	0	3	48	[]	0	10
34	123456851	4	4	6	57	0	0	0	0	0	0	0	0	0	0	0	1	0	20	6	0	1	6	73	7	34	101	0	0	0	0	0	0	0	0	0	0	0	3	50	[]	0	12
35	123456851	3	4	5	59	0	0	0	0	0	0	0	0	0	0	0	1	0	21	6	0	1	6	73	2	36	105	0	0	0	0	0	0	0	0	0	0	0	2	51	[]	0	11
36	123456851	3	2	6	61	0	0	0	0	0	0	0	0	0	0	0	0	0	22	6	0	1	6	72	2	34	108	0	0	0	0	0	0	0	0	0	0	0	2	52	[]	0	11
37	123456851	1	3	6	62	0	0	0	0	0	0	0	0	0	0	0	0	0	24	6	0	2	6	69	5	27	114	0	0	0	0	0	0	1	0	0	0	0	2	53	[]	0	10
38	123456851	1	2	5	64	0	0	0	0	0	0	0	0	0	0	0	0	0	25	6	0	2	6	69	5	23	118	0	0	0	0	0	0	0	1	0	0	0	2	53	[]	0	10
39	123456851	0	3	4	65	0	0	0	0	0	0	0	0	0	0	0	0	0	25	6	0	2	6	68	4	21	123	0	0	0	0	0	0	0	1	0	0	0	1	53	[]	0	10
40	123456851	0	2	5	65	0	0	0	0	0	0	0	0	0	0	0	0	0	27	6	0	2	6	68	4	16	128	0	0	0	0	0	0	0	1	0	0	0	1	53	[]	0	10
41	123456851	0	2	5	65	0	0	0	0	0	0	0	0	0	0	0	0	0	27	6	0	2	6	68	3	14	131	0	0	0	0	0	0	0	1	0	0	0	1	53	[]	0	10
42	123456851	0	1	4	67	0	0	0	0	0	0	0	0	0	0	0	0	0	27	6	0	2	6	68	3	13	132	0	0	0	0	0	0	0	1	0	0	0	1	53	[]	0	9
43	123456851	0	1	3	68	0	0	0	0	0	0	0	0	0	0	0	0	0	27	6	0	2	6	68	1	14	133	0	0	0	0	0	0	0	1	0	0	0	1	53	[]	0	8
44	123456851	0	1	2	69	0	0	0	0	0	0	0	0	0	0	0	0	0	27	6	0	2	6	66	3	11	136	0	0	0	0	0	0	0	1	0	0	0	1	54	[]	0	7
45	123456851	0	0	3	69	0	0	0	0	0	0	0	0	0	0	0	0	0	28	6	0	2	6	63	5	8	140	0	0	0	0	0	0	0	1	0	0	0	1	54	[]	0	6
46	123456851	0	0	2	70	0	0	0	0	0	0	0	0	0	0	0	0	0	29	6	0	2	6	62	5	7	143	0	0	0	0	0	0	0	1	0	0	0	0	55	[]	0	5
47	123456851	0	0	2	70	0	0	0	0	0	0	0	0	0	0	0	0	0	29	6	0	2	6	62	3	8	144	0	0	0	0	0	0	0	1	0	0	0	0	55	[]	0	6
48	123456851	0	0	2	70	0	0	0	0	0	0	0	0	0	0	0	0	0	29	7	0	2	7	61	2	9	144	0	0	0	0	0	0	0	1	0	0	1	0	56	[]	0	6
49	123456851	0	0	1	71	0	0	0	0	0	0	0	0	0	0	0	0	0	31	7	0	2	7	61	1	8	146	0	0	0	0	0	0	0	1	0	0	0	1	56	[]	0	5
50	123456851	0	0	1	71	0	0	0	0	0	0	0	0	0	0	0	0	0	32	7	0	2	7	61	0	8	147	0	0	0	0	0	0	0	1	0	0	0	1	56	[]	0	4
51	123456851	0	0	0	72	0	0	0	0	0	0	0	0	0	0	0	0	0	32	7	0	2	7	61	0	7	149	0	0	0	0	0	0	0	0	0	0	0	1	56	[]	0	4
52	123456851	0	0	0	72	0	0	0	0	0	0	0	0	0	0	0	0	0	33	7	0	2	7	61	0	6	150	0	0	0	0	0	0	0	0	0	0	0	1	56	[]	0	4
53	123456851	0	0	0	72	0	0	0	0	0	0	0	0	0	0	0	0	0	33	7	0	2	7	60	1	5	151	0	0	0	0	0	0	0	0	0	0	0	1	57	[]	0	4
54	123456851	0	0	0	72	0	0	0	0	0	0	0	0	0	0	0	0	0	34	7	0	2	7	60	1	4	152	0	0	0	0	0	0	0	0	0	0	0	1	57	[]	0	4
55	123456851	0	0	0	72	0	0	0	0	0	0	0	0	0	0	0	0	0	36	8	0	2	8	60	1	3	152	0	0	0	0	0	0	0	0	0	0	1	1	57	[]	0	4
56	123456851	0	0	0	72	0	0	0	0	0	0	0	0	0	0	0	0	0	37	8	0	2	8	60	0	3	153	0	0	0	0	0	0	0	0	0	0	1	1	57	[]	0	4
57	123456851	0	0	0	72	0	0	0	0	0	0	0	0	0	0	0	0	0	37	8	0	2	8	60	0	2	154	0	0	0	0	0	0	0	0	0	0	0	2	57	[]	0	2
58	123456851	0	0	0	72	0	0	0	0	0	0	0	0	0	0	0	0	0	37	8	0	2	8	60	0	2	154	0	0	0	0	0	0	0	0	0	0	0	2	57	[]	0	2
59	123456851	0	0	0	72	0	0	0	0	0	0	0	0	0	0	0	0	0	37	8	0	2	8	60	0	2	154	0	0	0	0	0	0	0	0	0	0	0	2	57	[]	0	2
60	123456851	0	0	0	72	0	0	0	0	0	0	0	0	0	0	0	0	0	38	8	0	2	8	59	1	1	155	0	0	0	0	0	0	0	0	0	0	0	2	58	[]	0	1
