day	seedRun	susceptible	exposed	infected	removed	susceptible-in-quarantine	exposed-in-quarantine	infected-in-quarantine	removed-in-quarantine	susceptible-in-quarantine-external-1	exposed-in-quarantine-external-1	infected-in-quarantine-external-1	removed-in-quarantine-external-1	susceptible-in-quarantine-external-2	exposed-in-quarantine-external-2	infected-in-quarantine-external-2	removed-in-quarantine-external-2	num-of-screened-agents	num-of-screened-agents-external-1	num-of-screened-agents-external-2	num-of-positive-agents	num-of-positive-agents-external-1	num-of-positive-agents-external-2	num-vaccinated-susceptible	num-vaccinated-exposed	num-vaccinated-infected	num-vaccinated-removed	num-vaccinated-susceptible-in-quarantine	num-vaccinated-exposed-in-quarantine	num-vaccinated-infected-in-quarantine	num-vaccinated-removed-in-quarantine	num-vaccinated-susceptible-in-quarantine-external-1	num-vaccinated-exposed-in-quarantine-external-1	num-vaccinated-infected-in-quarantine-external-1	num-vaccinated-removed-in-quarantine-external-1	num-vaccinated-susceptible-in-quarantine-external-2	num-vaccinated-exposed-in-quarantine-external-2	num-vaccinated-infected-in-quarantine-external-2	num-vaccinated-removed-in-quarantine-external-2	num-infected-outside	classroom-in-quarantine	num-of-classroom-in-quarantine	classroom-with-at-least-one-infected
0	123457103	144	0	0	0	0	0	0	0	0	0	0	0	0	0	0	0	0	0	0	0	0	0	146	0	0	0	0	0	0	0	0	0	0	0	0	0	0	0	0	[]	0	0
1	123457103	144	0	0	0	0	0	0	0	0	0	0	0	0	0	0	0	0	1	0	0	0	0	146	0	0	0	0	0	0	0	0	0	0	0	0	0	0	0	0	[]	0	0
2	123457103	144	0	0	0	0	0	0	0	0	0	0	0	0	0	0	0	0	2	0	0	0	0	146	0	0	0	0	0	0	0	0	0	0	0	0	0	0	0	0	[]	0	0
3	123457103	144	0	0	0	0	0	0	0	0	0	0	0	0	0	0	0	0	2	0	0	0	0	146	0	0	0	0	0	0	0	0	0	0	0	0	0	0	0	0	[]	0	0
4	123457103	144	0	0	0	0	0	0	0	0	0	0	0	0	0	0	0	0	5	0	0	0	0	145	1	0	0	0	0	0	0	0	0	0	0	0	0	0	0	1	[]	0	0
5	123457103	143	1	0	0	0	0	0	0	0	0	0	0	0	0	0	0	0	5	0	0	0	0	145	0	1	0	0	0	0	0	0	0	0	0	0	0	0	0	2	[]	0	1
6	123457103	143	1	0	0	0	0	0	0	0	0	0	0	0	0	0	0	0	5	0	0	0	0	145	0	1	0	0	0	0	0	0	0	0	0	0	0	0	0	2	[]	0	1
7	123457103	143	1	0	0	0	0	0	0	0	0	0	0	0	0	0	0	0	5	0	0	0	0	145	0	1	0	0	0	0	0	0	0	0	0	0	0	0	0	2	[]	0	1
8	123457103	143	1	0	0	0	0	0	0	0	0	0	0	0	0	0	0	0	5	0	0	0	0	145	0	1	0	0	0	0	0	0	0	0	0	0	0	0	0	2	[]	0	1
9	123457103	140	3	1	0	0	0	0	0	0	0	0	0	0	0	0	0	0	6	0	0	0	0	145	0	1	0	0	0	0	0	0	0	0	0	0	0	0	0	2	[]	0	2
10	123457103	140	3	1	0	0	0	0	0	0	0	0	0	0	0	0	0	0	6	0	0	0	0	145	0	1	0	0	0	0	0	0	0	0	0	0	0	0	0	2	[]	0	2
11	123457103	140	3	1	0	0	0	0	0	0	0	0	0	0	0	0	0	0	6	0	0	0	0	145	0	1	0	0	0	0	0	0	0	0	0	0	0	0	0	2	[]	0	2
12	123457103	138	4	2	0	0	0	0	0	0	0	0	0	0	0	0	0	0	6	0	0	0	0	144	1	1	0	0	0	0	0	0	0	0	0	0	0	0	0	2	[]	0	2
13	123457103	138	2	3	1	0	0	0	0	0	0	0	0	0	0	0	0	0	7	0	0	0	0	144	1	1	0	0	0	0	0	0	0	0	0	0	0	0	0	2	[]	0	2
14	123457103	138	1	4	1	0	0	0	0	0	0	0	0	0	0	0	0	0	7	0	0	0	0	144	0	2	0	0	0	0	0	0	0	0	0	0	0	0	0	2	[]	0	2
15	123457103	136	2	3	3	0	0	0	0	0	0	0	0	0	0	0	0	0	9	0	0	0	0	143	1	2	0	0	0	0	0	0	0	0	0	0	0	0	0	2	[]	0	2
16	123457103	132	5	4	3	0	0	0	0	0	0	0	0	0	0	0	0	0	11	0	0	0	0	142	1	3	0	0	0	0	0	0	0	0	0	0	0	0	0	2	[]	0	2
17	123457103	131	5	5	3	0	0	0	0	0	0	0	0	0	0	0	0	0	12	0	0	0	0	142	1	3	0	0	0	0	0	0	0	0	0	0	0	0	0	2	[]	0	2
18	123457103	129	3	8	4	0	0	0	0	0	0	0	0	0	0	0	0	0	13	0	0	0	0	141	1	4	0	0	0	0	0	0	0	0	0	0	0	0	0	2	[]	0	4
19	123457103	129	2	7	6	0	0	0	0	0	0	0	0	0	0	0	0	0	15	0	0	0	0	140	1	3	2	0	0	0	0	0	0	0	0	0	0	0	0	2	[]	0	3
20	123457103	129	1	6	8	0	0	0	0	0	0	0	0	0	0	0	0	0	16	0	0	0	0	140	1	3	2	0	0	0	0	0	0	0	0	0	0	0	0	2	[]	0	4
21	123457103	128	0	3	1	1	0	3	7	0	0	0	0	0	0	1	0	19	16	1	4	0	1	135	1	2	0	5	0	1	2	0	0	0	0	0	0	0	0	2	[1C]	1	4
22	123457103	127	1	2	2	1	0	3	7	0	0	0	0	0	0	1	0	19	16	1	4	0	1	135	0	2	1	5	0	1	2	0	0	0	0	0	0	0	0	2	[1C]	1	3
23	123457103	125	3	2	2	1	0	2	8	0	0	0	0	0	0	1	0	19	16	1	4	0	1	135	0	2	1	5	0	1	2	0	0	0	0	0	0	0	0	2	[1C]	1	3
24	123457103	123	4	3	2	1	0	2	8	0	0	0	0	0	0	1	0	19	16	1	4	0	1	133	2	2	1	5	0	1	2	0	0	0	0	0	0	0	0	2	[1C]	1	3
25	123457103	121	6	3	2	1	0	2	8	0	0	0	0	0	0	1	0	19	16	1	4	0	1	132	3	2	1	5	0	1	2	0	0	0	0	0	0	0	0	2	[1C]	1	3
26	123457103	118	8	4	2	1	0	1	9	0	0	0	0	0	0	1	0	19	17	1	4	0	1	132	2	2	2	5	0	1	2	0	0	0	0	0	0	0	0	2	[1C]	1	3
27	123457103	118	6	6	2	1	0	1	9	0	0	0	0	0	0	1	0	19	19	1	4	0	1	132	2	0	4	5	0	1	2	0	0	0	0	0	0	0	0	2	[1C]	1	3
28	123457103	118	3	8	3	1	0	1	9	0	0	0	0	0	0	1	0	19	19	1	4	0	1	132	2	0	4	5	0	1	2	0	0	0	0	0	0	0	0	2	[1C]	1	3
29	123457103	115	5	9	3	1	0	1	9	0	0	0	0	0	0	1	0	19	20	1	4	0	1	129	5	0	4	5	0	1	2	0	0	0	0	0	0	0	0	2	[1C]	1	3
30	123457103	110	7	12	3	1	0	1	9	0	0	0	0	0	0	1	0	19	21	1	4	0	1	127	7	0	4	5	0	1	2	0	0	0	0	0	0	0	0	2	[1C]	1	3
31	123457103	106	10	12	4	1	0	1	9	0	0	0	0	0	0	1	0	19	21	1	4	0	1	127	7	0	4	5	0	1	2	0	0	0	0	0	0	0	0	2	[1C]	1	3
32	123457103	104	5	16	7	1	0	1	9	0	0	0	0	0	0	1	0	19	22	1	4	0	1	127	5	2	4	5	0	1	2	0	0	0	0	0	0	0	0	2	[1C]	1	4
33	123457103	99	7	18	8	1	0	1	9	0	0	0	0	0	0	1	0	19	22	1	4	0	1	126	4	3	5	5	0	1	2	0	0	0	0	0	0	0	0	2	[1C]	1	4
34	123457103	99	6	16	11	1	0	0	10	0	0	0	0	0	0	1	0	19	23	1	4	0	1	126	2	4	6	5	0	1	2	0	0	0	0	0	0	0	0	2	[1C]	1	5
35	123457103	100	4	17	23	0	0	0	0	0	0	0	0	0	0	0	0	19	23	1	4	0	1	131	1	5	9	0	0	0	0	0	0	0	0	0	0	0	0	2	[]	0	4
36	123457103	93	2	12	25	5	2	3	1	0	0	0	0	0	0	1	0	38	23	2	7	0	2	123	1	6	8	7	0	0	1	0	0	0	0	0	0	0	0	2	[3D]	1	4
37	123457103	91	3	5	21	5	1	10	6	0	0	0	0	0	0	2	0	57	25	3	14	0	3	118	1	4	7	12	0	1	3	0	0	0	0	0	0	0	0	2	[3D 2C]	2	4
38	123457103	87	5	6	22	5	1	8	8	0	0	0	0	0	0	2	0	57	25	3	14	0	3	118	1	3	8	12	0	1	3	0	0	0	0	0	0	0	0	2	[3D 2C]	2	4
39	123457103	83	8	7	22	5	0	9	8	0	0	0	0	0	0	2	0	57	25	3	14	0	3	117	2	3	8	12	0	1	3	0	0	0	0	0	0	0	0	2	[3D 2C]	2	5
40	123457103	83	5	10	22	5	0	9	8	0	0	0	0	0	0	2	0	57	26	3	14	0	3	117	0	5	8	12	0	1	3	0	0	0	0	0	0	0	0	2	[3D 2C]	2	5
41	123457103	83	4	10	23	5	0	7	10	0	0	0	0	0	0	2	0	57	26	3	14	0	3	117	0	5	8	12	0	1	3	0	0	0	0	0	0	0	0	2	[3D 2C]	2	5
42	123457103	83	2	12	23	5	0	5	12	0	0	0	0	0	0	2	0	57	26	3	14	0	3	117	0	4	9	12	0	0	4	0	0	0	0	0	0	0	0	2	[3D 2C]	2	5
43	123457103	82	3	9	26	5	0	5	12	0	0	0	0	0	0	1	1	57	28	3	14	0	3	116	1	3	10	12	0	0	4	0	0	0	0	0	0	0	0	2	[3D 2C]	2	5
44	123457103	79	5	10	26	5	0	5	12	0	0	0	0	0	0	1	1	57	28	3	14	0	3	114	3	3	10	12	0	0	4	0	0	0	0	0	0	0	0	2	[3D 2C]	2	5
45	123457103	79	4	10	27	5	0	5	12	0	0	0	0	0	0	1	1	57	29	3	14	0	3	113	3	4	10	12	0	0	4	0	0	0	0	0	0	0	0	2	[3D 2C]	2	5
46	123457103	78	5	7	30	5	0	4	13	0	0	0	0	0	0	0	2	57	30	3	14	0	3	113	2	4	11	12	0	0	4	0	0	0	0	0	0	0	0	2	[3D 2C]	2	5
47	123457103	77	5	7	31	5	0	4	13	0	0	0	0	0	0	0	2	57	30	3	14	0	3	112	1	6	11	12	0	0	4	0	0	0	0	0	0	0	0	2	[3D 2C]	2	5
48	123457103	77	3	7	33	5	0	4	13	0	0	0	0	0	0	0	2	57	31	3	14	0	3	112	0	7	11	12	0	0	4	0	0	0	0	0	0	0	0	2	[3D 2C]	2	5
49	123457103	77	2	7	34	5	0	4	13	0	0	0	0	0	0	0	2	57	32	3	14	0	3	112	0	5	13	12	0	0	4	0	0	0	0	0	0	0	0	2	[3D 2C]	2	4
50	123457103	81	2	6	43	0	0	2	9	0	0	0	0	0	0	0	1	57	33	3	14	0	3	116	3	4	15	5	0	0	3	0	0	0	0	0	0	0	0	2	[2C]	1	3
51	123457103	78	4	7	55	0	0	0	0	0	0	0	0	0	0	0	0	57	33	3	14	0	3	120	3	4	19	0	0	0	0	0	0	0	0	0	0	0	0	2	[]	0	2
52	123457103	78	4	5	57	0	0	0	0	0	0	0	0	0	0	0	0	57	34	3	14	0	3	119	3	5	19	0	0	0	0	0	0	0	0	0	0	0	0	2	[]	0	2
53	123457103	77	4	5	58	0	0	0	0	0	0	0	0	0	0	0	0	57	36	3	14	0	3	119	3	3	21	0	0	0	0	0	0	0	0	0	0	0	0	2	[]	0	2
54	123457103	77	3	6	58	0	0	0	0	0	0	0	0	0	0	0	0	57	36	3	14	0	3	118	3	4	21	0	0	0	0	0	0	0	0	0	0	0	0	2	[]	0	2
55	123457103	77	2	4	61	0	0	0	0	0	0	0	0	0	0	0	0	57	36	3	14	0	3	118	2	5	21	0	0	0	0	0	0	0	0	0	0	0	0	2	[]	0	2
56	123457103	77	0	2	53	0	0	3	8	0	0	1	0	0	0	0	0	76	37	3	19	1	3	116	0	4	18	2	1	2	3	0	0	0	0	0	0	0	0	2	[1A]	1	3
57	123457103	75	2	1	54	0	0	3	8	0	0	1	0	0	0	0	0	76	38	3	19	1	3	116	0	4	18	2	1	1	4	0	0	0	0	0	0	0	0	3	[1A]	1	3
58	123457103	72	4	2	54	0	0	3	8	0	0	1	0	0	0	0	0	76	39	3	19	1	3	116	0	3	19	2	1	1	4	0	0	0	0	0	0	0	0	3	[1A]	1	4
59	123457103	72	2	4	54	0	0	3	8	0	0	1	0	0	0	0	0	76	41	3	19	1	3	115	1	1	21	2	1	1	4	0	0	0	0	0	0	0	0	3	[1A]	1	4
60	123457103	65	8	5	54	0	0	2	9	0	0	1	0	0	0	0	0	76	41	3	19	1	3	113	2	2	21	2	1	1	4	0	0	0	0	0	0	0	0	3	[1A]	1	4
