day	seedRun	susceptible	exposed	infected	removed	susceptible-in-quarantine	exposed-in-quarantine	infected-in-quarantine	removed-in-quarantine	susceptible-in-quarantine-external-1	exposed-in-quarantine-external-1	infected-in-quarantine-external-1	removed-in-quarantine-external-1	susceptible-in-quarantine-external-2	exposed-in-quarantine-external-2	infected-in-quarantine-external-2	removed-in-quarantine-external-2	num-of-screened-agents	num-of-screened-agents-external-1	num-of-screened-agents-external-2	num-of-positive-agents	num-of-positive-agents-external-1	num-of-positive-agents-external-2	num-vaccinated	num-immunized	num-immunized-in-quarantine	num-immunized-in-quarantine-external-1	num-immunized-in-quarantine-external-2	num-infected-outside	classroom-in-quarantine	num-of-classroom-in-quarantine	classroom-with-at-least-one-infected
0	123456947	144	0	0	0	0	0	0	0	0	0	0	0	0	0	0	0	0	0	0	0	0	0	146	146	0	0	0	0	[]	0	0
1	123456947	144	0	0	0	0	0	0	0	0	0	0	0	0	0	0	0	0	1	0	0	0	0	146	146	0	0	0	0	[]	0	0
2	123456947	143	1	0	0	0	0	0	0	0	0	0	0	0	0	0	0	0	3	0	0	0	0	146	146	0	0	0	1	[]	0	0
3	123456947	143	1	0	0	0	0	0	0	0	0	0	0	0	0	0	0	0	4	0	0	0	0	146	146	0	0	0	1	[]	0	0
4	123456947	142	2	0	0	0	0	0	0	0	0	0	0	0	0	0	0	0	6	0	0	0	0	146	146	0	0	0	2	[]	0	0
5	123456947	142	2	0	0	0	0	0	0	0	0	0	0	0	0	0	0	0	9	0	0	0	0	146	146	0	0	0	2	[]	0	0
6	123456947	142	2	0	0	0	0	0	0	0	0	0	0	0	0	0	0	0	9	0	0	0	0	146	146	0	0	0	2	[]	0	0
7	123456947	142	1	1	0	0	0	0	0	0	0	0	0	0	0	0	0	0	12	0	0	0	0	146	146	0	0	0	2	[]	0	1
8	123456947	141	2	0	1	0	0	0	0	0	0	0	0	0	0	0	0	0	13	0	0	0	0	146	146	0	0	0	3	[]	0	0
9	123456947	141	1	0	1	0	0	0	0	0	0	1	0	0	0	0	0	19	15	0	0	1	0	146	146	0	0	0	3	[]	0	1
10	123456947	141	1	0	1	0	0	0	0	0	0	0	1	0	0	0	0	19	15	0	0	1	0	146	146	0	0	0	3	[]	0	0
11	123456947	140	2	0	1	0	0	0	0	0	0	0	1	0	0	0	0	19	17	0	0	1	0	146	146	0	0	0	4	[]	0	0
12	123456947	130	10	2	1	0	0	0	0	0	0	0	1	0	0	0	0	19	18	0	0	1	0	146	146	0	0	0	4	[]	0	2
13	123456947	130	9	3	1	0	0	0	0	0	0	0	1	0	0	0	0	19	20	0	0	1	0	146	146	0	0	0	4	[]	0	2
14	123456947	130	7	4	2	0	0	0	0	0	0	0	1	0	0	0	0	38	21	0	0	1	0	146	146	0	0	0	4	[]	0	2
15	123456947	120	16	5	2	0	0	0	0	0	0	0	1	0	0	0	0	38	21	0	0	1	0	146	146	0	0	0	4	[]	0	2
16	123456947	112	17	11	3	0	0	0	0	0	0	0	1	0	0	0	0	38	22	0	0	1	0	146	146	0	0	0	4	[]	0	3
17	123456947	106	18	15	4	0	0	0	0	0	0	0	1	0	0	0	0	38	26	0	0	1	0	146	146	0	0	0	4	[]	0	3
18	123456947	99	21	17	6	0	0	0	0	0	0	0	1	0	0	0	0	38	26	0	0	1	0	146	146	0	0	0	4	[]	0	4
19	123456947	93	21	20	8	0	0	1	0	0	0	0	0	0	0	1	0	57	30	1	1	1	1	146	146	0	0	0	4	[]	0	4
20	123456947	92	13	16	9	0	1	9	2	0	0	0	0	0	0	2	0	76	31	2	9	1	2	146	138	8	0	0	5	[1A]	1	5
21	123456947	92	11	17	10	0	1	7	4	0	0	0	0	0	0	2	0	76	34	2	9	1	2	146	138	8	0	0	5	[1A]	1	6
22	123456947	86	13	20	11	0	1	6	5	0	0	0	0	0	0	2	0	76	36	2	9	1	2	146	138	8	0	0	5	[1A]	1	6
23	123456947	76	19	14	9	0	1	12	10	0	0	0	0	0	0	3	0	95	36	3	16	1	3	146	130	16	0	0	5	[1A 1D]	2	5
24	123456947	67	25	8	8	0	2	17	14	0	0	0	0	0	0	3	0	113	36	3	22	1	3	146	122	24	0	0	6	[1A 1D 3D]	3	6
25	123456947	46	37	12	9	0	1	17	18	0	0	0	0	0	0	4	0	132	37	4	25	1	4	146	122	24	0	0	6	[1A 1D 3D]	3	9
26	123456947	36	35	16	13	0	0	19	20	0	0	0	0	0	0	4	1	151	37	5	28	1	5	146	122	24	0	0	6	[1A 1D 3D]	3	9
27	123456947	36	21	16	15	0	2	25	23	0	0	0	0	0	0	4	2	170	37	6	35	1	6	146	114	32	0	0	6	[1A 1D 3D 2A]	4	10
28	123456947	36	13	11	16	0	3	30	28	0	0	0	0	0	0	3	4	189	37	7	44	1	7	146	106	40	0	0	6	[1A 1D 3D 2A 3B]	5	10
29	123456947	29	13	7	19	0	1	27	33	0	0	0	0	3	1	6	5	189	38	8	44	1	8	146	98	40	0	8	6	[1A 1D 3D 2A 3B 1C]	6	10
30	123456947	24	11	4	21	0	4	29	36	0	0	0	0	3	1	6	5	224	40	9	50	1	9	146	90	48	0	8	6	[1D 3D 2A 3B 1C 2C 3C]	7	9
31	123456947	24	11	4	21	0	4	23	42	0	0	0	0	3	1	6	5	224	40	9	50	1	9	146	90	48	0	8	6	[1D 3D 2A 3B 1C 2C 3C]	7	8
32	123456947	24	7	7	22	0	4	21	44	0	0	0	0	3	0	6	6	224	41	9	50	1	9	146	90	48	0	8	6	[1D 3D 2A 3B 1C 2C 3C]	7	8
33	123456947	24	5	8	35	0	1	20	37	0	0	0	0	3	0	5	6	224	41	9	50	1	9	146	98	40	0	8	6	[3D 2A 3B 1C 2C 3C]	6	7
34	123456947	24	3	10	47	0	1	17	29	0	0	0	0	3	0	5	5	224	43	9	50	1	9	146	106	32	0	8	6	[2A 3B 1C 2C 3C]	5	6
35	123456947	24	2	9	49	0	1	14	32	0	0	0	0	3	0	4	6	224	43	9	50	1	9	146	106	32	0	8	6	[2A 3B 1C 2C 3C]	5	6
36	123456947	24	0	4	44	0	1	20	37	0	0	0	0	3	0	4	7	243	43	10	55	1	10	146	98	40	0	8	6	[2A 3B 1C 2C 3C 2B]	6	6
37	123456947	24	0	0	56	0	0	16	34	0	0	0	0	3	0	5	6	262	43	11	58	1	11	146	106	32	0	8	6	[3B 1C 2C 3C 2B]	5	5
38	123456947	24	0	0	68	0	0	11	28	0	0	0	0	3	0	4	6	262	44	11	58	1	11	146	114	24	0	8	6	[1C 2C 3C 2B]	4	4
39	123456947	27	0	0	77	0	0	9	27	0	0	0	0	0	0	1	3	262	45	11	58	1	11	146	122	24	0	0	6	[2C 3C 2B]	3	3
40	123456947	27	0	0	101	0	0	5	9	0	0	0	0	0	0	0	2	262	46	11	58	1	11	146	138	8	0	0	6	[2B]	1	2
41	123456947	27	0	0	101	0	0	2	12	0	0	0	0	0	0	0	2	262	47	11	58	1	11	146	138	8	0	0	6	[2B]	1	2
42	123456947	27	0	0	101	0	0	2	12	0	0	0	0	0	0	0	2	262	47	11	58	1	11	146	138	8	0	0	6	[2B]	1	2
43	123456947	26	1	0	101	0	0	2	12	0	0	0	0	0	0	0	2	262	47	11	58	1	11	146	138	8	0	0	7	[2B]	1	2
44	123456947	20	6	1	101	0	0	2	12	0	0	0	0	0	0	0	2	262	52	11	58	1	11	146	138	8	0	0	7	[2B]	1	3
45	123456947	16	9	2	101	0	0	2	12	0	0	0	0	0	0	0	2	262	54	11	58	1	11	146	138	8	0	0	7	[2B]	1	3
46	123456947	15	0	0	113	1	5	6	2	0	0	1	0	0	0	0	1	281	57	11	63	2	11	146	138	8	0	0	7	[2D]	1	2
47	123456947	15	0	0	117	1	4	6	0	0	0	1	0	0	0	0	0	281	58	11	63	2	11	146	138	8	0	0	7	[2D]	1	1
48	123456947	15	0	0	117	1	4	6	0	0	0	0	1	0	0	0	0	281	60	11	63	2	11	146	138	8	0	0	7	[2D]	1	1
49	123456947	15	0	0	117	1	3	5	2	0	0	0	1	0	0	0	0	281	60	11	63	2	11	146	138	8	0	0	7	[2D]	1	1
50	123456947	15	0	0	117	1	3	4	3	0	0	0	1	0	0	0	0	281	63	11	63	2	11	146	138	8	0	0	7	[2D]	1	1
51	123456947	15	0	0	117	1	1	5	4	0	0	0	1	0	0	0	0	281	64	11	63	2	11	146	138	8	0	0	7	[2D]	1	1
52	123456947	15	0	0	117	1	1	4	5	0	0	0	1	0	0	0	0	281	65	11	63	2	11	146	138	8	0	0	7	[2D]	1	1
53	123456947	15	0	0	117	1	1	2	7	0	0	0	1	0	0	0	0	281	66	11	63	2	11	146	138	8	0	0	7	[2D]	1	1
54	123456947	15	0	0	117	1	0	2	8	0	0	0	1	0	0	0	0	281	67	11	63	2	11	146	138	8	0	0	7	[2D]	1	1
55	123456947	15	0	0	117	1	0	2	8	0	0	0	1	0	0	0	0	281	67	11	63	2	11	146	138	8	0	0	7	[2D]	1	1
56	123456947	16	0	0	128	0	0	0	0	0	0	0	0	0	0	0	0	281	67	11	63	2	11	146	146	0	0	0	7	[]	0	0
57	123456947	16	0	0	128	0	0	0	0	0	0	0	0	0	0	0	0	281	68	11	63	2	11	146	146	0	0	0	7	[]	0	0
58	123456947	16	0	0	128	0	0	0	0	0	0	0	0	0	0	0	0	281	70	11	63	2	11	146	146	0	0	0	7	[]	0	0
59	123456947	16	0	0	128	0	0	0	0	0	0	0	0	0	0	0	0	281	75	11	63	2	11	146	146	0	0	0	7	[]	0	0
60	123456947	16	0	0	128	0	0	0	0	0	0	0	0	0	0	0	0	281	77	11	63	2	11	146	146	0	0	0	7	[]	0	0
