day	seedRun	susceptible	exposed	infected	removed	susceptible-in-quarantine	exposed-in-quarantine	infected-in-quarantine	removed-in-quarantine	susceptible-in-quarantine-external-1	exposed-in-quarantine-external-1	infected-in-quarantine-external-1	removed-in-quarantine-external-1	susceptible-in-quarantine-external-2	exposed-in-quarantine-external-2	infected-in-quarantine-external-2	removed-in-quarantine-external-2	num-of-screened-agents	num-of-screened-agents-external-1	num-of-screened-agents-external-2	num-of-positive-agents	num-of-positive-agents-external-1	num-of-positive-agents-external-2	num-vaccinated	num-immunized	num-immunized-in-quarantine	num-immunized-in-quarantine-external-1	num-immunized-in-quarantine-external-2	num-infected-outside	classroom-in-quarantine	num-of-classroom-in-quarantine	classroom-with-at-least-one-infected
0	123457284	144	0	0	0	0	0	0	0	0	0	0	0	0	0	0	0	0	0	0	0	0	0	146	146	0	0	0	0	[]	0	0
1	123457284	142	2	0	0	0	0	0	0	0	0	0	0	0	0	0	0	0	2	0	0	0	0	146	146	0	0	0	2	[]	0	0
2	123457284	137	6	1	0	0	0	0	0	0	0	0	0	0	0	0	0	0	2	0	0	0	0	146	146	0	0	0	5	[]	0	1
3	123457284	134	9	1	0	0	0	0	0	0	0	0	0	0	0	0	0	0	3	0	0	0	0	146	146	0	0	0	7	[]	0	1
4	123457284	125	14	5	0	0	0	0	0	0	0	0	0	0	0	0	0	0	3	0	0	0	0	146	146	0	0	0	8	[]	0	4
5	123457284	117	18	8	1	0	0	0	0	0	0	0	0	0	0	0	0	0	4	0	0	0	0	146	146	0	0	0	10	[]	0	4
6	123457284	117	12	13	1	0	0	0	0	0	0	0	0	0	0	1	0	0	6	1	0	0	1	146	146	0	0	0	10	[]	0	5
7	123457284	115	12	14	2	0	0	0	0	0	0	0	0	0	0	1	0	0	7	1	0	0	1	146	146	0	0	0	12	[]	0	5
8	123457284	98	25	15	3	0	0	0	0	0	0	1	0	0	0	2	0	0	9	2	0	1	2	146	146	0	0	0	17	[]	0	8
9	123457284	91	26	18	5	0	0	0	0	0	0	0	1	0	0	3	0	0	9	3	0	1	3	146	146	0	0	0	17	[]	0	10
10	123457284	77	32	24	5	0	0	0	0	0	0	0	1	0	0	5	0	0	10	5	0	1	5	146	146	0	0	0	18	[]	0	10
11	123457284	70	31	28	8	0	0	0	0	0	0	0	1	0	0	5	1	0	12	6	0	1	6	146	146	0	0	0	18	[]	0	10
12	123457284	62	32	32	11	0	0	0	0	0	0	0	1	0	0	3	3	0	15	6	0	1	6	146	146	0	0	0	19	[]	0	10
13	123457284	62	19	41	15	0	0	0	0	0	0	0	1	0	0	3	3	0	16	6	0	1	6	146	146	0	0	0	19	[]	0	12
14	123457284	61	14	38	19	0	0	0	0	0	0	1	1	0	0	7	3	0	18	10	0	2	10	146	146	0	0	0	20	[]	0	12
15	123457284	42	29	36	24	0	0	0	0	0	0	1	1	0	0	8	3	0	20	11	0	2	11	146	146	0	0	0	21	[]	0	11
16	123457284	33	24	45	29	0	0	0	0	0	0	1	1	0	0	8	3	0	21	12	0	2	12	146	146	0	0	0	22	[]	0	11
17	123457284	21	29	46	35	0	0	0	0	0	0	1	1	0	0	7	4	0	25	12	0	2	12	146	146	0	0	0	24	[]	0	12
18	123457284	13	28	48	43	0	0	0	0	0	0	1	0	0	0	8	3	0	26	13	0	2	13	146	146	0	0	0	24	[]	0	12
19	123457284	12	20	51	48	0	0	0	0	0	0	3	0	0	0	6	4	0	28	13	0	4	13	146	146	0	0	0	24	[]	0	12
20	123457284	12	14	47	58	0	0	0	0	0	0	2	1	0	0	8	2	0	29	15	0	4	15	146	146	0	0	0	24	[]	0	12
21	123457284	12	9	45	66	0	0	0	0	0	0	2	1	0	0	7	2	0	31	15	0	4	15	146	146	0	0	0	24	[]	0	12
22	123457284	11	10	38	71	0	0	0	0	0	0	1	2	0	0	8	3	0	31	17	0	4	17	146	146	0	0	0	24	[]	0	12
23	123457284	11	7	32	77	0	0	0	0	0	0	1	2	0	0	10	4	0	32	20	0	4	20	146	146	0	0	0	24	[]	0	11
24	123457284	10	4	29	87	0	0	0	0	0	0	1	2	0	0	8	3	0	33	21	0	5	21	146	146	0	0	0	24	[]	0	12
25	123457284	3	8	29	90	0	0	0	0	0	0	1	2	0	0	8	3	0	35	22	0	5	22	146	146	0	0	0	25	[]	0	12
26	123457284	2	8	25	94	0	0	0	0	0	0	2	2	0	0	9	2	0	36	23	0	6	23	146	146	0	0	0	25	[]	0	11
27	123457284	2	5	23	98	0	0	0	0	0	0	2	2	0	0	9	3	0	38	24	0	6	24	146	146	0	0	0	25	[]	0	11
28	123457284	2	5	20	102	0	0	0	0	0	0	1	3	0	0	8	3	0	41	24	0	6	24	146	146	0	0	0	25	[]	0	11
29	123457284	2	3	22	104	0	0	0	0	0	0	1	1	0	0	7	4	0	41	24	0	6	24	146	146	0	0	0	25	[]	0	11
30	123457284	2	3	20	106	0	0	0	0	0	0	3	1	0	0	5	4	0	46	24	0	8	24	146	146	0	0	0	25	[]	0	11
31	123457284	2	2	19	108	0	0	0	0	0	0	3	1	0	0	3	6	0	48	24	0	8	24	146	146	0	0	0	25	[]	0	11
32	123457284	2	1	18	112	0	0	0	0	0	0	3	1	0	0	1	6	0	53	24	0	8	24	146	146	0	0	0	25	[]	0	11
33	123457284	2	1	17	115	0	0	0	0	0	0	4	1	0	0	0	4	0	56	24	0	9	24	146	146	0	0	0	25	[]	0	11
34	123457284	2	1	15	119	0	0	0	0	0	0	3	1	0	0	0	3	0	56	24	0	9	24	146	146	0	0	0	25	[]	0	11
35	123457284	2	1	13	121	0	0	0	0	0	0	2	2	0	0	1	2	0	56	25	0	9	25	146	146	0	0	0	25	[]	0	11
36	123457284	1	2	12	124	0	0	0	0	0	0	2	1	0	0	1	1	0	57	25	0	9	25	146	146	0	0	0	25	[]	0	11
37	123457284	1	1	13	125	0	0	0	0	0	0	2	1	0	0	1	0	0	58	25	0	9	25	146	146	0	0	0	25	[]	0	11
38	123457284	1	0	12	127	0	0	0	0	0	0	2	1	0	0	1	0	0	59	25	0	9	25	146	146	0	0	0	25	[]	0	10
39	123457284	1	0	11	127	0	0	0	0	0	0	2	1	0	0	2	0	0	60	26	0	9	26	146	146	0	0	0	25	[]	0	10
40	123457284	1	0	9	131	0	0	0	0	0	0	1	0	0	0	2	0	0	64	26	0	9	26	146	146	0	0	0	25	[]	0	8
41	123457284	1	0	7	133	0	0	0	0	0	0	1	0	0	0	1	1	0	64	26	0	9	26	146	146	0	0	0	25	[]	0	7
42	123457284	1	0	6	134	0	0	0	0	0	0	1	0	0	0	1	1	0	65	26	0	9	26	146	146	0	0	0	25	[]	0	7
43	123457284	0	1	6	135	0	0	0	0	0	0	0	0	0	0	1	1	0	67	26	0	9	26	146	146	0	0	0	25	[]	0	6
44	123457284	0	0	6	136	0	0	0	0	0	0	0	0	0	0	1	1	0	68	26	0	9	26	146	146	0	0	0	25	[]	0	6
45	123457284	0	0	6	137	0	0	0	0	0	0	0	0	0	0	1	0	0	70	26	0	9	26	146	146	0	0	0	25	[]	0	6
46	123457284	0	0	4	139	0	0	0	0	0	0	0	0	0	0	1	0	0	74	26	0	9	26	146	146	0	0	0	25	[]	0	5
47	123457284	0	0	3	140	0	0	0	0	0	0	0	0	0	0	1	0	0	75	26	0	9	26	146	146	0	0	0	25	[]	0	4
48	123457284	0	0	2	141	0	0	0	0	0	0	0	0	0	0	0	1	0	77	26	0	9	26	146	146	0	0	0	25	[]	0	2
49	123457284	0	0	2	142	0	0	0	0	0	0	0	0	0	0	0	0	0	78	26	0	9	26	146	146	0	0	0	25	[]	0	2
50	123457284	0	0	2	142	0	0	0	0	0	0	0	0	0	0	0	0	0	82	26	0	9	26	146	146	0	0	0	25	[]	0	2
51	123457284	0	0	2	142	0	0	0	0	0	0	0	0	0	0	0	0	0	85	26	0	9	26	146	146	0	0	0	25	[]	0	2
52	123457284	0	0	2	142	0	0	0	0	0	0	0	0	0	0	0	0	0	85	26	0	9	26	146	146	0	0	0	25	[]	0	2
53	123457284	0	0	2	142	0	0	0	0	0	0	0	0	0	0	0	0	0	86	26	0	9	26	146	146	0	0	0	25	[]	0	2
54	123457284	0	0	2	142	0	0	0	0	0	0	0	0	0	0	0	0	0	86	26	0	9	26	146	146	0	0	0	25	[]	0	2
55	123457284	0	0	1	143	0	0	0	0	0	0	0	0	0	0	0	0	0	86	26	0	9	26	146	146	0	0	0	25	[]	0	1
56	123457284	0	0	1	143	0	0	0	0	0	0	0	0	0	0	0	0	0	86	26	0	9	26	146	146	0	0	0	25	[]	0	1
57	123457284	0	0	1	143	0	0	0	0	0	0	0	0	0	0	0	0	0	91	26	0	9	26	146	146	0	0	0	25	[]	0	1
58	123457284	0	0	0	143	0	0	0	0	0	0	0	0	0	0	1	0	0	92	27	0	9	27	146	146	0	0	0	25	[]	0	1
59	123457284	0	0	0	143	0	0	0	0	0	0	0	0	0	0	1	0	0	94	27	0	9	27	146	146	0	0	0	25	[]	0	1
60	123457284	0	0	0	143	0	0	0	0	0	0	0	0	0	0	1	0	0	97	27	0	9	27	146	146	0	0	0	25	[]	0	1
