day	seedRun	susceptible	exposed	infected	removed	susceptible-in-quarantine	exposed-in-quarantine	infected-in-quarantine	removed-in-quarantine	susceptible-in-quarantine-external-1	exposed-in-quarantine-external-1	infected-in-quarantine-external-1	removed-in-quarantine-external-1	susceptible-in-quarantine-external-2	exposed-in-quarantine-external-2	infected-in-quarantine-external-2	removed-in-quarantine-external-2	num-of-screened-agents	num-of-screened-agents-external-1	num-of-screened-agents-external-2	num-of-positive-agents	num-of-positive-agents-external-1	num-of-positive-agents-external-2	num-vaccinated	num-immunized	num-immunized-in-quarantine	num-immunized-in-quarantine-external-1	num-immunized-in-quarantine-external-2	num-infected-outside	classroom-in-quarantine	num-of-classroom-in-quarantine	classroom-with-at-least-one-infected
0	123456940	144	0	0	0	0	0	0	0	0	0	0	0	0	0	0	0	0	0	0	0	0	0	146	146	0	0	0	0	[]	0	0
1	123456940	142	2	0	0	0	0	0	0	0	0	0	0	0	0	0	0	0	0	0	0	0	0	146	146	0	0	0	2	[]	0	0
2	123456940	140	4	0	0	0	0	0	0	0	0	0	0	0	0	0	0	0	3	0	0	0	0	146	146	0	0	0	4	[]	0	0
3	123456940	135	8	1	0	0	0	0	0	0	0	0	0	0	0	0	0	0	7	0	0	0	0	146	146	0	0	0	8	[]	0	1
4	123456940	130	11	3	0	0	0	0	0	0	0	0	0	0	0	0	0	0	10	0	0	0	0	146	146	0	0	0	9	[]	0	3
5	123456940	125	14	5	0	0	0	0	0	0	0	0	0	0	0	0	0	0	11	0	0	0	0	146	146	0	0	0	12	[]	0	4
6	123456940	122	15	6	0	0	0	0	0	0	0	0	0	0	0	1	0	0	13	1	0	0	1	146	146	0	0	0	15	[]	0	4
7	123456940	120	11	10	1	0	0	0	0	0	0	0	0	0	0	2	0	0	16	2	0	0	2	146	146	0	0	0	17	[]	0	6
8	123456940	113	17	10	2	0	0	0	0	0	0	0	0	0	0	1	1	0	17	2	0	0	2	146	146	0	0	0	21	[]	0	5
9	123456940	104	22	13	3	0	0	0	0	0	0	0	0	0	0	1	1	0	18	2	0	0	2	146	146	0	0	0	24	[]	0	6
10	123456940	93	26	18	4	0	0	0	0	0	0	0	0	0	0	2	1	0	20	3	0	0	3	146	146	0	0	0	27	[]	0	7
11	123456940	86	24	23	7	0	0	0	0	0	0	0	0	0	0	3	1	0	22	4	0	0	4	146	146	0	0	0	28	[]	0	8
12	123456940	79	23	24	13	0	0	0	0	0	0	0	0	0	0	3	2	0	23	5	0	0	5	146	146	0	0	0	28	[]	0	10
13	123456940	77	18	28	15	0	0	0	0	0	0	1	0	0	0	2	3	0	24	5	0	1	5	146	146	0	0	0	30	[]	0	10
14	123456940	76	14	31	16	0	0	0	0	0	0	1	0	0	0	3	3	0	25	6	0	1	6	146	146	0	0	0	31	[]	0	11
15	123456940	64	22	30	21	0	0	0	0	0	0	1	0	0	0	2	4	0	26	6	0	1	6	146	146	0	0	0	32	[]	0	11
16	123456940	45	36	30	27	0	0	0	0	0	0	1	0	0	0	2	3	0	26	6	0	1	6	146	146	0	0	0	36	[]	0	11
17	123456940	31	37	40	28	0	0	0	0	0	0	2	0	0	0	3	3	0	28	8	0	2	8	146	146	0	0	0	39	[]	0	12
18	123456940	22	31	48	31	0	0	0	0	0	0	3	0	0	0	5	4	0	29	11	0	3	11	146	146	0	0	0	41	[]	0	12
19	123456940	16	27	49	38	0	0	0	0	0	0	2	1	0	0	6	5	0	30	13	0	3	13	146	146	0	0	0	41	[]	0	12
20	123456940	16	20	49	45	0	0	0	0	0	0	2	1	0	0	5	6	0	31	14	0	3	14	146	146	0	0	0	41	[]	0	12
21	123456940	16	10	50	54	0	0	0	0	0	0	2	1	0	0	6	5	0	35	15	0	3	15	146	146	0	0	0	41	[]	0	12
22	123456940	12	11	46	59	0	0	0	0	0	0	2	1	0	0	9	4	0	35	18	0	3	18	146	146	0	0	0	43	[]	0	12
23	123456940	8	13	43	65	0	0	0	0	0	0	1	1	0	0	8	5	0	36	18	0	3	18	146	146	0	0	0	43	[]	0	12
24	123456940	6	10	44	69	0	0	0	0	0	0	1	1	0	0	9	4	0	38	19	0	3	19	146	146	0	0	0	43	[]	0	12
25	123456940	5	9	39	75	0	0	0	0	0	0	1	1	0	0	9	5	0	38	20	0	3	20	146	146	0	0	0	43	[]	0	12
26	123456940	5	8	33	79	0	0	0	0	0	0	2	1	0	0	10	6	0	40	22	0	4	22	146	146	0	0	0	43	[]	0	12
27	123456940	5	6	32	84	0	0	0	0	0	0	0	2	0	0	8	7	0	40	23	0	4	23	146	146	0	0	0	43	[]	0	11
28	123456940	5	2	33	91	0	0	0	0	0	0	0	1	0	0	6	6	0	43	23	0	4	23	146	146	0	0	0	43	[]	0	12
29	123456940	5	2	32	93	0	0	0	0	0	0	1	1	0	0	6	4	0	45	23	0	5	23	146	146	0	0	0	43	[]	0	12
30	123456940	5	2	31	95	0	0	0	0	0	0	1	1	0	0	5	4	0	49	23	0	5	23	146	146	0	0	0	43	[]	0	12
31	123456940	5	1	26	101	0	0	0	0	0	0	1	1	0	0	6	3	0	49	24	0	5	24	146	146	0	0	0	43	[]	0	12
32	123456940	4	2	22	105	0	0	0	0	0	0	1	1	0	0	7	2	0	51	27	0	5	27	146	146	0	0	0	43	[]	0	11
33	123456940	4	2	14	110	0	0	0	0	0	0	2	1	0	0	9	2	0	53	29	0	6	29	146	146	0	0	0	43	[]	0	10
34	123456940	4	2	12	112	0	0	0	0	0	0	1	2	0	0	10	1	0	55	30	0	6	30	146	146	0	0	0	43	[]	0	10
35	123456940	4	2	10	115	0	0	0	0	0	0	1	2	0	0	9	1	0	57	30	0	6	30	146	146	0	0	0	43	[]	0	9
36	123456940	4	2	9	119	0	0	0	0	0	0	1	1	0	0	7	1	0	59	30	0	6	30	146	146	0	0	0	43	[]	0	9
37	123456940	4	2	6	123	0	0	0	0	0	0	1	1	0	0	5	2	0	60	30	0	6	30	146	146	0	0	0	43	[]	0	8
38	123456940	4	1	6	123	0	0	0	0	0	0	1	1	0	0	6	2	0	61	31	0	6	31	146	146	0	0	0	43	[]	0	9
39	123456940	4	1	4	125	0	0	0	0	0	0	0	1	0	0	7	2	0	63	32	0	6	32	146	146	0	0	0	43	[]	0	8
40	123456940	4	0	4	125	0	0	0	0	0	0	0	1	0	0	8	2	0	65	33	0	6	33	146	146	0	0	0	43	[]	0	9
41	123456940	4	0	4	126	0	0	0	0	0	0	0	1	0	0	6	3	0	68	33	0	6	33	146	146	0	0	0	43	[]	0	8
42	123456940	3	1	4	129	0	0	0	0	0	0	0	1	0	0	4	2	0	69	33	0	6	33	146	146	0	0	0	44	[]	0	7
43	123456940	3	0	5	132	0	0	0	0	0	0	0	0	0	0	2	2	0	70	33	0	6	33	146	146	0	0	0	44	[]	0	5
44	123456940	3	0	3	135	0	0	0	0	0	0	0	0	0	0	1	2	0	70	33	0	6	33	146	146	0	0	0	44	[]	0	3
45	123456940	3	0	3	135	0	0	0	0	0	0	0	0	0	0	1	2	0	74	33	0	6	33	146	146	0	0	0	44	[]	0	3
46	123456940	3	0	2	135	0	0	0	0	0	0	0	0	0	0	2	2	0	75	34	0	6	34	146	146	0	0	0	44	[]	0	3
47	123456940	3	0	2	135	0	0	0	0	0	0	0	0	0	0	2	2	0	75	34	0	6	34	146	146	0	0	0	44	[]	0	3
48	123456940	3	0	2	136	0	0	0	0	0	0	0	0	0	0	1	2	0	76	34	0	6	34	146	146	0	0	0	44	[]	0	2
49	123456940	3	0	1	138	0	0	0	0	0	0	0	0	0	0	1	1	0	77	34	0	6	34	146	146	0	0	0	44	[]	0	2
50	123456940	3	0	1	139	0	0	0	0	0	0	0	0	0	0	1	0	0	79	34	0	6	34	146	146	0	0	0	44	[]	0	2
51	123456940	3	0	1	139	0	0	0	0	0	0	0	0	0	0	1	0	0	79	34	0	6	34	146	146	0	0	0	44	[]	0	2
52	123456940	3	0	1	139	0	0	0	0	0	0	0	0	0	0	1	0	0	81	34	0	6	34	146	146	0	0	0	44	[]	0	2
53	123456940	3	0	1	139	0	0	0	0	0	0	0	0	0	0	1	0	0	82	34	0	6	34	146	146	0	0	0	44	[]	0	2
54	123456940	2	1	1	139	0	0	0	0	0	0	0	0	0	0	1	0	0	85	34	0	6	34	146	146	0	0	0	45	[]	0	2
55	123456940	2	1	1	139	0	0	0	0	0	0	0	0	0	0	1	0	0	88	34	0	6	34	146	146	0	0	0	45	[]	0	2
56	123456940	2	1	1	140	0	0	0	0	0	0	0	0	0	0	0	0	0	89	34	0	6	34	146	146	0	0	0	45	[]	0	1
57	123456940	2	0	1	141	0	0	0	0	0	0	0	0	0	0	0	0	0	90	34	0	6	34	146	146	0	0	0	45	[]	0	1
58	123456940	2	0	1	141	0	0	0	0	0	0	0	0	0	0	0	0	0	91	34	0	6	34	146	146	0	0	0	45	[]	0	1
59	123456940	2	0	1	141	0	0	0	0	0	0	0	0	0	0	0	0	0	91	34	0	6	34	146	146	0	0	0	45	[]	0	1
60	123456940	2	0	1	141	0	0	0	0	0	0	0	0	0	0	0	0	0	93	34	0	6	34	146	146	0	0	0	45	[]	0	1
