day	seedRun	susceptible	exposed	infected	removed	susceptible-in-quarantine	exposed-in-quarantine	infected-in-quarantine	removed-in-quarantine	susceptible-in-quarantine-external-1	exposed-in-quarantine-external-1	infected-in-quarantine-external-1	removed-in-quarantine-external-1	susceptible-in-quarantine-external-2	exposed-in-quarantine-external-2	infected-in-quarantine-external-2	removed-in-quarantine-external-2	num-of-screened-agents	num-of-screened-agents-external-1	num-of-screened-agents-external-2	num-of-positive-agents	num-of-positive-agents-external-1	num-of-positive-agents-external-2	num-vaccinated	num-immunized	num-immunized-in-quarantine	num-immunized-in-quarantine-external-1	num-immunized-in-quarantine-external-2	num-infected-outside	classroom-in-quarantine	num-of-classroom-in-quarantine	classroom-with-at-least-one-infected
0	123457021	144	0	0	0	0	0	0	0	0	0	0	0	0	0	0	0	0	0	0	0	0	0	146	146	0	0	0	0	[]	0	0
1	123457021	144	0	0	0	0	0	0	0	0	0	0	0	0	0	0	0	0	0	0	0	0	0	146	146	0	0	0	0	[]	0	0
2	123457021	142	2	0	0	0	0	0	0	0	0	0	0	0	0	0	0	0	0	0	0	0	0	146	146	0	0	0	2	[]	0	0
3	123457021	135	8	1	0	0	0	0	0	0	0	0	0	0	0	0	0	0	1	0	0	0	0	146	146	0	0	0	8	[]	0	1
4	123457021	133	10	1	0	0	0	0	0	0	0	0	0	0	0	0	0	0	3	0	0	0	0	146	146	0	0	0	9	[]	0	1
5	123457021	129	11	4	0	0	0	0	0	0	0	0	0	0	0	0	0	0	8	0	0	0	0	146	146	0	0	0	11	[]	0	3
6	123457021	126	11	6	1	0	0	0	0	0	0	0	0	0	0	0	0	0	8	0	0	0	0	146	146	0	0	0	14	[]	0	6
7	123457021	125	10	5	3	0	0	0	0	0	0	0	0	0	0	1	0	0	10	1	0	0	1	146	146	0	0	0	15	[]	0	6
8	123457021	120	14	3	5	0	0	0	0	0	0	0	0	0	0	2	0	0	10	2	0	0	2	146	146	0	0	0	20	[]	0	5
9	123457021	112	19	6	5	0	0	0	0	0	0	0	0	0	0	2	0	0	11	2	0	0	2	146	146	0	0	0	23	[]	0	6
10	123457021	102	24	7	9	0	0	0	0	0	0	0	0	0	0	2	0	0	13	2	0	0	2	146	146	0	0	0	29	[]	0	5
11	123457021	94	24	13	10	0	0	0	0	0	0	0	0	0	0	3	0	0	14	3	0	0	3	146	146	0	0	0	29	[]	0	9
12	123457021	88	24	16	12	0	0	0	0	0	0	1	0	0	0	2	1	0	16	3	0	1	3	146	146	0	0	0	31	[]	0	9
13	123457021	84	19	20	17	0	0	0	0	0	0	1	0	0	0	2	1	0	20	3	0	1	3	146	146	0	0	0	35	[]	0	10
14	123457021	83	16	22	18	0	0	0	0	0	0	2	0	0	0	2	1	0	23	3	0	2	3	146	146	0	0	0	36	[]	0	11
15	123457021	67	24	24	22	0	0	0	0	0	0	1	1	0	0	4	1	0	23	5	0	2	5	146	146	0	0	0	37	[]	0	11
16	123457021	56	28	27	24	0	0	0	0	0	0	2	1	0	0	5	1	0	24	6	0	3	6	146	146	0	0	0	39	[]	0	11
17	123457021	47	32	26	29	0	0	0	0	0	0	2	1	0	0	6	1	0	25	8	0	3	8	146	146	0	0	0	42	[]	0	10
18	123457021	38	35	28	33	0	0	0	0	0	0	2	1	0	0	7	0	0	27	9	0	3	9	146	146	0	0	0	42	[]	0	10
19	123457021	35	30	34	34	0	0	0	0	0	0	2	1	0	0	6	2	0	28	10	0	3	10	146	146	0	0	0	42	[]	0	11
20	123457021	35	25	35	37	0	0	0	0	0	0	2	1	0	0	7	2	0	29	11	0	3	11	146	146	0	0	0	42	[]	0	11
21	123457021	35	16	34	47	0	0	0	0	0	0	2	1	0	0	5	4	0	30	12	0	3	12	146	146	0	0	0	42	[]	0	11
22	123457021	29	17	34	51	0	0	0	0	0	0	1	1	0	0	6	5	0	30	14	0	3	14	146	146	0	0	0	42	[]	0	11
23	123457021	22	19	29	61	0	0	0	0	0	0	1	1	0	0	4	7	0	33	14	0	3	14	146	146	0	0	0	42	[]	0	10
24	123457021	19	16	27	68	0	0	0	0	0	0	1	0	0	0	5	8	0	36	16	0	3	16	146	146	0	0	0	42	[]	0	11
25	123457021	15	13	32	72	0	0	0	0	0	0	1	0	0	0	4	7	0	37	16	0	3	16	146	146	0	0	0	43	[]	0	11
26	123457021	13	10	31	79	0	0	0	0	0	0	0	0	0	0	4	7	0	37	17	0	3	17	146	146	0	0	0	43	[]	0	11
27	123457021	12	6	33	83	0	0	0	0	0	0	0	0	0	0	4	6	0	39	18	0	3	18	146	146	0	0	0	44	[]	0	11
28	123457021	12	5	31	87	0	0	0	0	0	0	0	0	0	0	3	6	0	40	18	0	3	18	146	146	0	0	0	44	[]	0	11
29	123457021	9	7	28	92	0	0	0	0	0	0	0	0	0	0	2	6	0	42	18	0	3	18	146	146	0	0	0	46	[]	0	12
30	123457021	8	5	27	95	0	0	0	0	0	0	0	0	0	0	4	5	0	42	20	0	3	20	146	146	0	0	0	46	[]	0	12
31	123457021	6	5	24	100	0	0	0	0	0	0	1	0	0	0	4	4	0	45	20	0	4	20	146	146	0	0	0	47	[]	0	12
32	123457021	4	6	22	103	0	0	0	0	0	0	1	0	0	0	5	3	0	45	22	0	4	22	146	146	0	0	0	47	[]	0	12
33	123457021	4	4	20	106	0	0	0	0	0	0	1	1	0	0	3	5	0	46	22	0	5	22	146	146	0	0	0	47	[]	0	10
34	123457021	4	4	18	110	0	0	0	0	0	0	1	1	0	0	3	3	0	49	22	0	5	22	146	146	0	0	0	47	[]	0	10
35	123457021	4	2	17	112	0	0	0	0	0	0	2	1	0	0	2	4	0	53	22	0	6	22	146	146	0	0	0	47	[]	0	10
36	123457021	4	1	12	118	0	0	0	0	0	0	2	1	0	0	2	4	0	55	23	0	6	23	146	146	0	0	0	47	[]	0	9
37	123457021	4	0	10	122	0	0	0	0	0	0	0	3	0	0	1	4	0	57	23	0	6	23	146	146	0	0	0	47	[]	0	7
38	123457021	4	0	9	123	0	0	0	0	0	0	0	3	0	0	1	4	0	60	23	0	6	23	146	146	0	0	0	47	[]	0	6
39	123457021	4	0	6	125	0	0	0	0	0	0	0	3	0	0	2	4	0	61	24	0	6	24	146	146	0	0	0	47	[]	0	6
40	123457021	4	0	4	129	0	0	0	0	0	0	0	3	0	0	2	2	0	62	24	0	6	24	146	146	0	0	0	47	[]	0	5
41	123457021	4	0	4	130	0	0	0	0	0	0	0	2	0	0	2	2	0	65	24	0	6	24	146	146	0	0	0	47	[]	0	5
42	123457021	4	0	4	132	0	0	0	0	0	0	0	2	0	0	2	0	0	66	24	0	6	24	146	146	0	0	0	47	[]	0	5
43	123457021	3	1	4	133	0	0	0	0	0	0	0	1	0	0	2	0	0	69	24	0	6	24	146	146	0	0	0	48	[]	0	5
44	123457021	3	1	2	133	0	0	0	0	0	0	1	1	0	0	3	0	0	74	25	0	7	25	146	146	0	0	0	48	[]	0	5
45	123457021	3	0	2	135	0	0	0	0	0	0	0	1	0	0	2	1	0	76	25	0	7	25	146	146	0	0	0	48	[]	0	3
46	123457021	3	0	1	136	0	0	0	0	0	0	1	1	0	0	1	1	0	79	25	0	8	25	146	146	0	0	0	48	[]	0	2
47	123457021	3	0	0	137	0	0	0	0	0	0	1	1	0	0	1	1	0	80	25	0	8	25	146	146	0	0	0	48	[]	0	1
48	123457021	3	0	0	137	0	0	0	0	0	0	1	1	0	0	1	1	0	81	25	0	8	25	146	146	0	0	0	48	[]	0	1
49	123457021	3	0	0	138	0	0	0	0	0	0	1	1	0	0	0	1	0	85	25	0	8	25	146	146	0	0	0	48	[]	0	1
50	123457021	3	0	0	138	0	0	0	0	0	0	1	1	0	0	0	1	0	86	25	0	8	25	146	146	0	0	0	48	[]	0	1
51	123457021	3	0	0	138	0	0	0	0	0	0	1	1	0	0	0	1	0	88	25	0	8	25	146	146	0	0	0	48	[]	0	1
52	123457021	3	0	0	138	0	0	0	0	0	0	1	1	0	0	0	1	0	91	25	0	8	25	146	146	0	0	0	48	[]	0	1
53	123457021	3	0	0	138	0	0	0	0	0	0	1	1	0	0	0	1	0	95	25	0	8	25	146	146	0	0	0	48	[]	0	1
54	123457021	3	0	0	140	0	0	0	0	0	0	1	0	0	0	0	0	0	97	25	0	8	25	146	146	0	0	0	48	[]	0	1
55	123457021	3	0	0	140	0	0	0	0	0	0	1	0	0	0	0	0	0	100	25	0	8	25	146	146	0	0	0	48	[]	0	1
56	123457021	3	0	0	141	0	0	0	0	0	0	0	0	0	0	0	0	0	101	25	0	8	25	146	146	0	0	0	48	[]	0	0
57	123457021	3	0	0	141	0	0	0	0	0	0	0	0	0	0	0	0	0	102	25	0	8	25	146	146	0	0	0	48	[]	0	0
58	123457021	3	0	0	141	0	0	0	0	0	0	0	0	0	0	0	0	0	103	25	0	8	25	146	146	0	0	0	48	[]	0	0
59	123457021	3	0	0	141	0	0	0	0	0	0	0	0	0	0	0	0	0	107	25	0	8	25	146	146	0	0	0	48	[]	0	0
60	123457021	3	0	0	141	0	0	0	0	0	0	0	0	0	0	0	0	0	108	25	0	8	25	146	146	0	0	0	48	[]	0	0
