day	seedRun	susceptible	exposed	infected	removed	susceptible-in-quarantine	exposed-in-quarantine	infected-in-quarantine	removed-in-quarantine	susceptible-in-quarantine-external-1	exposed-in-quarantine-external-1	infected-in-quarantine-external-1	removed-in-quarantine-external-1	susceptible-in-quarantine-external-2	exposed-in-quarantine-external-2	infected-in-quarantine-external-2	removed-in-quarantine-external-2	num-of-screened-agents	num-of-screened-agents-external-1	num-of-screened-agents-external-2	num-of-positive-agents	num-of-positive-agents-external-1	num-of-positive-agents-external-2	num-vaccinated	num-immunized	num-immunized-in-quarantine	num-immunized-in-quarantine-external-1	num-immunized-in-quarantine-external-2	num-infected-outside	classroom-in-quarantine	num-of-classroom-in-quarantine	classroom-with-at-least-one-infected
0	123457022	170	0	0	0	0	0	0	0	0	0	0	0	0	0	0	0	0	0	0	0	0	0	218	120	0	0	0	0	[]	0	0
1	123457022	170	0	0	0	0	0	0	0	0	0	0	0	0	0	0	0	0	1	0	0	0	0	218	120	0	0	0	0	[]	0	0
2	123457022	169	1	0	0	0	0	0	0	0	0	0	0	0	0	0	0	0	3	0	0	0	0	218	120	0	0	0	1	[]	0	0
3	123457022	169	1	0	0	0	0	0	0	0	0	0	0	0	0	0	0	0	8	0	0	0	0	218	120	0	0	0	1	[]	0	0
4	123457022	161	8	1	0	0	0	0	0	0	0	0	0	0	0	0	0	0	11	0	0	0	0	218	120	0	0	0	1	[]	0	1
5	123457022	161	6	1	0	0	0	1	0	0	0	0	0	0	0	1	0	19	11	1	1	0	1	218	120	0	0	0	1	[]	0	1
6	123457022	160	5	3	0	0	0	1	0	0	0	0	0	0	0	1	0	19	11	1	1	0	1	218	120	0	0	0	2	[]	0	1
7	123457022	159	5	3	0	0	0	1	0	0	0	0	0	0	0	1	1	38	12	2	1	0	2	218	120	0	0	0	3	[]	0	2
8	123457022	159	5	2	1	0	0	1	0	0	0	0	0	0	0	1	1	38	13	2	1	0	2	218	120	0	0	0	3	[]	0	2
9	123457022	159	3	4	1	0	0	1	0	0	0	0	0	0	0	1	1	38	17	2	1	0	2	218	120	0	0	0	3	[]	0	2
10	123457022	146	5	2	0	8	1	5	1	0	0	0	0	0	0	1	1	56	19	2	4	0	2	218	116	4	0	0	3	[1D]	1	3
11	123457022	142	9	2	0	8	1	4	2	0	0	0	0	0	0	1	1	56	20	2	4	0	2	218	116	4	0	0	4	[1D]	1	3
12	123457022	137	12	3	1	8	0	4	3	0	0	0	0	0	0	1	1	75	22	2	4	0	2	218	116	4	0	0	4	[1D]	1	3
13	123457022	137	10	5	1	8	0	2	5	0	0	0	0	0	0	1	1	75	23	2	4	0	2	218	116	4	0	0	4	[1D]	1	3
14	123457022	137	2	0	1	8	6	7	6	0	0	1	0	0	0	1	1	94	25	2	9	1	2	218	109	11	0	0	4	[1D 3C]	2	3
15	123457022	136	3	0	1	8	2	10	7	0	0	1	0	0	0	1	1	94	26	2	9	1	2	218	109	11	0	0	5	[1D 3C]	2	3
16	123457022	129	9	1	1	8	2	10	7	0	0	1	0	0	0	1	1	94	26	2	9	1	2	218	109	11	0	0	5	[1D 3C]	2	4
17	123457022	104	29	6	2	8	1	10	8	0	0	1	0	0	0	0	1	94	26	2	9	1	2	218	109	11	0	0	5	[1D 3C]	2	4
18	123457022	94	30	13	4	8	1	9	9	0	0	1	0	0	0	0	1	94	27	2	9	1	2	218	109	11	0	0	5	[1D 3C]	2	5
19	123457022	81	33	22	5	8	0	9	10	0	0	1	0	0	0	0	1	94	29	2	9	1	2	218	109	11	0	0	5	[1D 3C]	2	6
20	123457022	89	21	33	14	0	0	7	5	0	0	1	0	0	0	0	0	94	30	2	9	1	2	218	113	7	0	0	5	[3C]	1	5
21	123457022	86	7	24	16	3	2	22	7	0	0	1	0	0	0	2	0	132	30	4	24	1	4	218	97	23	0	0	5	[3C 2D 2A]	3	5
22	123457022	85	7	23	18	3	1	19	11	0	0	1	0	0	0	2	0	132	31	4	24	1	4	218	97	23	0	0	5	[3C 2D 2A]	3	5
23	123457022	78	11	20	24	3	1	17	13	0	0	1	0	0	0	2	0	132	32	4	24	1	4	218	97	23	0	0	5	[3C 2D 2A]	3	6
24	123457022	71	15	20	40	3	1	10	8	0	0	0	0	0	0	2	0	132	33	4	24	1	4	218	104	16	0	0	5	[2D 2A]	2	5
25	123457022	71	13	18	44	3	1	8	10	0	0	0	0	0	0	2	0	132	34	4	24	1	4	218	104	16	0	0	5	[2D 2A]	2	5
26	123457022	64	16	19	47	3	0	9	10	0	0	0	0	0	0	2	0	132	35	4	24	1	4	218	104	16	0	0	5	[2D 2A]	2	7
27	123457022	64	6	13	48	3	3	17	12	0	0	1	0	0	0	3	0	170	39	5	32	2	5	218	97	23	0	0	5	[2D 2A 2B]	3	7
28	123457022	64	2	14	49	3	2	17	14	0	0	1	0	0	0	4	0	189	42	6	33	2	6	218	97	23	0	0	5	[2D 2A 2B]	3	7
29	123457022	53	12	13	51	3	2	15	16	0	0	0	1	0	0	3	1	189	44	6	33	2	6	218	97	23	0	0	5	[2D 2A 2B]	3	8
30	123457022	47	14	17	51	3	1	14	18	0	0	0	1	0	0	3	1	189	46	6	33	2	6	218	97	23	0	0	5	[2D 2A 2B]	3	7
31	123457022	50	6	13	73	0	6	12	6	0	0	1	1	0	0	2	0	208	49	6	37	3	6	218	104	16	0	0	5	[2B 3A]	2	5
32	123457022	47	8	13	74	0	4	13	7	0	0	1	1	0	0	2	0	226	50	6	37	3	6	218	104	16	0	0	6	[2B 3A]	2	5
33	123457022	47	7	12	75	0	4	12	9	0	0	1	1	0	0	2	0	244	52	6	38	3	6	218	104	16	0	0	6	[2B 3A]	2	5
34	123457022	46	6	12	77	0	3	12	10	0	0	1	1	0	0	1	1	244	54	6	38	3	6	218	104	16	0	0	7	[2B 3A]	2	5
35	123457022	46	2	7	76	0	3	18	13	0	0	2	1	0	0	1	1	263	56	6	44	4	6	218	94	26	0	0	7	[2B 3A 3B]	3	5
36	123457022	41	6	8	76	0	3	18	13	0	0	2	1	0	0	1	1	263	58	6	44	4	6	218	94	26	0	0	7	[2B 3A 3B]	3	6
37	123457022	38	9	7	92	0	2	12	7	0	0	2	0	0	0	1	0	263	59	6	44	4	6	218	101	19	0	0	7	[3A 3B]	2	5
38	123457022	36	5	11	96	0	1	10	9	0	0	2	0	0	0	0	0	263	60	6	44	4	6	218	101	19	0	0	7	[3A 3B]	2	4
39	123457022	36	4	12	96	0	0	10	10	0	0	2	0	0	0	0	0	263	62	6	44	4	6	218	101	19	0	0	7	[3A 3B]	2	4
40	123457022	36	3	12	97	0	0	7	13	0	0	2	0	0	0	0	0	263	63	6	44	4	6	218	101	19	0	0	7	[3A 3B]	2	4
41	123457022	36	1	5	107	0	2	8	9	0	0	2	0	0	0	0	0	282	64	6	49	5	6	218	100	20	0	0	7	[3B 1B]	2	3
42	123457022	36	1	5	107	0	2	6	11	0	0	2	0	0	0	0	0	282	64	6	49	5	6	218	100	20	0	0	7	[3B 1B]	2	3
43	123457022	36	1	5	108	0	1	7	10	0	0	2	0	0	0	0	0	282	66	6	49	5	6	218	100	20	0	0	7	[3B 1B]	2	3
44	123457022	36	1	5	108	0	1	5	12	0	0	1	1	0	0	0	0	282	66	6	49	5	6	218	100	20	0	0	7	[3B 1B]	2	3
45	123457022	36	1	2	121	0	1	2	6	0	0	1	0	0	0	0	0	282	70	6	49	5	6	218	110	10	0	0	7	[1B]	1	2
46	123457022	35	1	3	121	0	1	2	6	0	0	1	0	0	0	0	0	282	72	6	49	5	6	218	110	10	0	0	7	[1B]	1	3
47	123457022	35	1	3	121	0	1	2	6	0	0	1	0	0	0	0	0	282	72	6	49	5	6	218	110	10	0	0	7	[1B]	1	3
48	123457022	35	0	4	121	0	1	2	6	0	0	1	0	0	0	0	0	282	73	6	49	5	6	218	110	10	0	0	7	[1B]	1	3
49	123457022	35	0	2	121	0	0	4	6	0	0	1	0	0	0	1	0	301	74	7	50	5	7	218	110	10	0	0	7	[1B]	1	3
50	123457022	35	0	1	122	0	0	3	7	0	0	1	0	0	0	1	0	301	75	7	50	5	7	218	110	10	0	0	7	[1B]	1	2
51	123457022	35	0	1	132	0	0	1	0	0	0	0	0	0	0	1	0	301	78	7	50	5	7	218	120	0	0	0	7	[]	0	1
52	123457022	35	0	1	132	0	0	1	0	0	0	0	0	0	0	1	0	301	79	7	50	5	7	218	120	0	0	0	7	[]	0	1
53	123457022	35	0	1	132	0	0	1	0	0	0	0	0	0	0	1	0	301	82	7	50	5	7	218	120	0	0	0	7	[]	0	1
54	123457022	35	0	1	132	0	0	1	0	0	0	0	0	0	0	1	0	319	84	7	50	5	7	218	120	0	0	0	7	[]	0	1
55	123457022	35	0	1	132	0	0	1	0	0	0	0	0	0	0	1	0	319	84	7	50	5	7	218	120	0	0	0	7	[]	0	1
56	123457022	35	0	1	132	0	0	1	0	0	0	0	0	0	0	1	0	319	86	7	50	5	7	218	120	0	0	0	7	[]	0	1
57	123457022	35	0	1	132	0	0	1	0	0	0	0	0	0	0	0	1	319	87	7	50	5	7	218	120	0	0	0	7	[]	0	1
58	123457022	35	0	1	132	0	0	1	0	0	0	0	0	0	0	0	1	319	88	7	50	5	7	218	120	0	0	0	7	[]	0	1
59	123457022	35	0	1	134	0	0	0	0	0	0	0	0	0	0	0	0	319	90	7	50	5	7	218	120	0	0	0	7	[]	0	0
60	123457022	35	0	1	134	0	0	0	0	0	0	0	0	0	0	0	0	319	92	7	50	5	7	218	120	0	0	0	7	[]	0	0
