day	seedRun	susceptible	exposed	infected	removed	susceptible-in-quarantine	exposed-in-quarantine	infected-in-quarantine	removed-in-quarantine	susceptible-in-quarantine-external-1	exposed-in-quarantine-external-1	infected-in-quarantine-external-1	removed-in-quarantine-external-1	susceptible-in-quarantine-external-2	exposed-in-quarantine-external-2	infected-in-quarantine-external-2	removed-in-quarantine-external-2	num-of-screened-agents	num-of-screened-agents-external-1	num-of-screened-agents-external-2	num-of-positive-agents	num-of-positive-agents-external-1	num-of-positive-agents-external-2	num-vaccinated	num-immunized	num-immunized-in-quarantine	num-immunized-in-quarantine-external-1	num-immunized-in-quarantine-external-2	num-infected-outside	classroom-in-quarantine	num-of-classroom-in-quarantine	classroom-with-at-least-one-infected
0	123457254	240	0	0	0	0	0	0	0	0	0	0	0	0	0	0	0	0	0	0	0	0	0	50	50	0	0	0	0	[]	0	0
1	123457254	240	0	0	0	0	0	0	0	0	0	0	0	0	0	0	0	0	2	0	0	0	0	50	50	0	0	0	0	[]	0	0
2	123457254	240	0	0	0	0	0	0	0	0	0	0	0	0	0	0	0	0	4	0	0	0	0	50	50	0	0	0	0	[]	0	0
3	123457254	240	0	0	0	0	0	0	0	0	0	0	0	0	0	0	0	0	6	0	0	0	0	50	50	0	0	0	0	[]	0	0
4	123457254	240	0	0	0	0	0	0	0	0	0	0	0	0	0	0	0	0	8	0	0	0	0	50	50	0	0	0	0	[]	0	0
5	123457254	240	0	0	0	0	0	0	0	0	0	0	0	0	0	0	0	0	11	0	0	0	0	50	50	0	0	0	0	[]	0	0
6	123457254	240	0	0	0	0	0	0	0	0	0	0	0	0	0	0	0	0	13	0	0	0	0	50	50	0	0	0	0	[]	0	0
7	123457254	240	0	0	0	0	0	0	0	0	0	0	0	0	0	0	0	0	16	0	0	0	0	50	50	0	0	0	0	[]	0	0
8	123457254	240	0	0	0	0	0	0	0	0	0	0	0	0	0	0	0	0	17	0	0	0	0	50	50	0	0	0	0	[]	0	0
9	123457254	240	0	0	0	0	0	0	0	0	0	0	0	0	0	0	0	0	19	0	0	0	0	50	50	0	0	0	0	[]	0	0
10	123457254	240	0	0	0	0	0	0	0	0	0	0	0	0	0	0	0	0	23	0	0	0	0	50	50	0	0	0	0	[]	0	0
11	123457254	240	0	0	0	0	0	0	0	0	0	0	0	0	0	0	0	0	24	0	0	0	0	50	50	0	0	0	0	[]	0	0
12	123457254	240	0	0	0	0	0	0	0	0	0	0	0	0	0	0	0	0	25	0	0	0	0	50	50	0	0	0	0	[]	0	0
13	123457254	240	0	0	0	0	0	0	0	0	0	0	0	0	0	0	0	0	27	0	0	0	0	50	50	0	0	0	0	[]	0	0
14	123457254	240	0	0	0	0	0	0	0	0	0	0	0	0	0	0	0	0	28	0	0	0	0	50	50	0	0	0	0	[]	0	0
15	123457254	239	1	0	0	0	0	0	0	0	0	0	0	0	0	0	0	0	32	0	0	0	0	50	50	0	0	0	1	[]	0	0
16	123457254	239	1	0	0	0	0	0	0	0	0	0	0	0	0	0	0	0	36	0	0	0	0	50	50	0	0	0	1	[]	0	0
17	123457254	238	2	0	0	0	0	0	0	0	0	0	0	0	0	0	0	0	38	0	0	0	0	50	50	0	0	0	2	[]	0	0
18	123457254	237	3	0	0	0	0	0	0	0	0	0	0	0	0	0	0	0	39	0	0	0	0	50	50	0	0	0	3	[]	0	0
19	123457254	230	9	1	0	0	0	0	0	0	0	0	0	0	0	0	0	0	40	0	0	0	0	50	50	0	0	0	3	[]	0	1
20	123457254	230	4	5	0	0	0	0	0	0	0	0	0	0	0	1	0	19	42	1	0	0	1	50	50	0	0	0	3	[]	0	3
21	123457254	228	6	4	0	0	0	0	0	0	0	0	0	0	0	2	0	38	42	2	0	0	2	50	50	0	0	0	5	[]	0	3
22	123457254	207	10	1	0	12	2	4	1	0	0	0	0	0	0	3	0	57	43	3	4	0	3	50	50	0	0	0	5	[1A]	1	4
23	123457254	195	18	5	0	12	2	2	3	0	0	0	0	0	0	3	0	57	45	3	4	0	3	50	50	0	0	0	5	[1A]	1	5
24	123457254	181	16	1	0	12	11	12	3	0	0	0	0	0	0	4	0	76	45	4	13	0	4	50	50	0	0	0	5	[1A 2A]	2	5
25	123457254	181	13	0	1	12	10	12	6	0	0	0	0	0	0	5	0	114	45	5	15	0	5	50	50	0	0	0	5	[1A 2A]	2	5
26	123457254	181	12	1	1	12	5	15	8	0	0	0	0	0	0	5	0	133	48	5	15	0	5	50	50	0	0	0	5	[1A 2A]	2	5
27	123457254	181	7	6	1	12	4	13	11	0	0	0	0	0	0	4	1	133	51	5	15	0	5	50	50	0	0	0	5	[1A 2A]	2	5
28	123457254	177	0	1	0	16	7	17	16	0	0	0	0	0	0	5	1	149	52	6	21	0	6	50	50	0	0	0	5	[1A 2A 2D]	3	5
29	123457254	167	10	1	0	16	4	15	21	0	0	0	0	0	0	5	1	149	54	6	21	0	6	50	50	0	0	0	5	[1A 2A 2D]	3	5
30	123457254	158	15	5	1	16	1	16	23	0	0	0	0	0	0	3	2	149	55	6	21	0	6	50	50	0	0	0	5	[1A 2A 2D]	3	4
31	123457254	155	13	10	2	16	1	14	25	0	0	0	0	0	0	3	1	149	56	6	21	0	6	50	50	0	0	0	6	[1A 2A 2D]	3	4
32	123457254	157	20	12	11	4	0	13	20	0	0	0	0	0	0	2	1	149	57	6	21	0	6	50	50	0	0	0	6	[2A 2D]	2	4
33	123457254	147	26	14	13	4	0	11	22	0	0	0	0	0	0	2	1	149	60	6	21	0	6	50	50	0	0	0	7	[2A 2D]	2	4
34	123457254	147	14	8	31	4	4	18	11	0	0	0	0	0	0	2	1	168	60	7	32	0	7	50	50	0	0	0	7	[2D 3C]	2	4
35	123457254	147	10	12	31	4	2	18	13	0	0	0	0	0	0	2	1	168	62	7	32	0	7	50	50	0	0	0	7	[2D 3C]	2	5
36	123457254	121	32	15	32	4	1	17	15	0	0	0	0	0	0	0	3	168	64	7	32	0	7	50	50	0	0	0	7	[2D 3C]	2	6
37	123457254	99	42	25	34	4	1	15	17	0	0	0	0	0	0	0	3	168	67	7	32	0	7	50	50	0	0	0	7	[2D 3C]	2	6
38	123457254	88	49	30	53	0	0	9	10	0	0	0	0	0	0	0	1	168	68	7	32	0	7	50	50	0	0	0	7	[3C]	1	6
39	123457254	77	49	39	55	0	0	9	10	0	0	0	0	0	0	0	1	168	68	7	32	0	7	50	50	0	0	0	7	[3C]	1	6
40	123457254	73	21	20	46	0	17	35	24	0	0	1	0	0	0	2	1	225	74	9	58	1	9	50	50	0	0	0	7	[3C 3A 3B 1C]	4	6
41	123457254	73	11	11	45	0	16	49	30	0	0	1	0	0	0	3	1	244	74	10	72	1	10	50	50	0	0	0	7	[3C 3A 3B 1C 2B]	5	6
42	123457254	73	8	12	47	0	13	49	33	0	0	1	0	0	0	3	1	244	76	10	72	1	10	50	50	0	0	0	7	[3C 3A 3B 1C 2B]	5	6
43	123457254	62	12	1	45	0	10	60	44	0	0	1	1	0	0	3	1	263	80	10	86	2	10	50	50	0	0	0	7	[3C 3A 3B 1C 2B 1D]	6	7
44	123457254	56	0	0	64	6	14	55	39	0	0	1	1	0	0	3	1	282	82	11	91	2	11	50	50	0	0	0	7	[3A 3B 1C 2B 1D 3D]	6	6
45	123457254	56	0	0	64	6	13	44	51	0	0	0	2	0	0	3	1	282	82	11	91	2	11	50	50	0	0	0	7	[3A 3B 1C 2B 1D 3D]	6	6
46	123457254	56	0	0	64	6	7	44	57	0	0	0	2	0	0	3	1	282	83	11	91	2	11	50	50	0	0	0	7	[3A 3B 1C 2B 1D 3D]	6	6
47	123457254	56	0	0	64	6	4	40	64	0	0	0	2	0	0	3	1	282	84	11	91	2	11	50	50	0	0	0	7	[3A 3B 1C 2B 1D 3D]	6	6
48	123457254	56	0	0	64	6	3	34	71	0	0	0	2	0	0	1	3	282	85	11	91	2	11	50	50	0	0	0	7	[3A 3B 1C 2B 1D 3D]	6	6
49	123457254	56	0	0	64	6	1	28	79	0	0	0	2	0	0	1	3	282	85	11	91	2	11	50	50	0	0	0	7	[3A 3B 1C 2B 1D 3D]	6	6
50	123457254	56	0	0	124	6	1	12	38	0	0	0	1	0	0	0	2	282	87	11	91	2	11	50	50	0	0	0	7	[2B 1D 3D]	3	3
51	123457254	56	0	0	144	6	1	7	24	0	0	0	1	0	0	0	1	282	87	11	91	2	11	50	50	0	0	0	7	[1D 3D]	2	2
52	123457254	56	0	0	144	6	1	7	24	0	0	0	1	0	0	0	1	282	88	11	91	2	11	50	50	0	0	0	7	[1D 3D]	2	2
53	123457254	56	0	0	164	6	0	4	9	0	0	0	0	0	0	0	1	282	88	11	91	2	11	50	50	0	0	0	7	[3D]	1	1
54	123457254	62	0	0	178	0	0	0	0	0	0	0	0	0	0	0	0	282	90	11	91	2	11	50	50	0	0	0	7	[]	0	0
55	123457254	62	0	0	178	0	0	0	0	0	0	0	0	0	0	0	0	282	91	11	91	2	11	50	50	0	0	0	7	[]	0	0
56	123457254	62	0	0	178	0	0	0	0	0	0	0	0	0	0	0	0	282	91	11	91	2	11	50	50	0	0	0	7	[]	0	0
57	123457254	62	0	0	178	0	0	0	0	0	0	0	0	0	0	0	0	282	94	11	91	2	11	50	50	0	0	0	7	[]	0	0
58	123457254	62	0	0	178	0	0	0	0	0	0	0	0	0	0	0	0	282	97	11	91	2	11	50	50	0	0	0	7	[]	0	0
59	123457254	62	0	0	178	0	0	0	0	0	0	0	0	0	0	0	0	282	97	11	91	2	11	50	50	0	0	0	7	[]	0	0
60	123457254	62	0	0	178	0	0	0	0	0	0	0	0	0	0	0	0	282	99	11	91	2	11	50	50	0	0	0	7	[]	0	0
