day	seedRun	susceptible	exposed	infected	removed	susceptible-in-quarantine	exposed-in-quarantine	infected-in-quarantine	removed-in-quarantine	susceptible-in-quarantine-external-1	exposed-in-quarantine-external-1	infected-in-quarantine-external-1	removed-in-quarantine-external-1	susceptible-in-quarantine-external-2	exposed-in-quarantine-external-2	infected-in-quarantine-external-2	removed-in-quarantine-external-2	num-of-screened-agents	num-of-screened-agents-external-1	num-of-screened-agents-external-2	num-of-positive-agents	num-of-positive-agents-external-1	num-of-positive-agents-external-2	num-vaccinated	num-immunized	num-immunized-in-quarantine	num-immunized-in-quarantine-external-1	num-immunized-in-quarantine-external-2	num-infected-outside	classroom-in-quarantine	num-of-classroom-in-quarantine	classroom-with-at-least-one-infected
0	123457183	259	0	0	0	0	0	0	0	0	0	0	0	0	0	0	0	0	0	0	0	0	0	50	31	0	0	0	0	[]	0	0
1	123457183	259	0	0	0	0	0	0	0	0	0	0	0	0	0	0	0	60	2	0	0	0	0	50	31	0	0	0	0	[]	0	0
2	123457183	259	0	0	0	0	0	0	0	0	0	0	0	0	0	0	0	60	3	0	0	0	0	50	31	0	0	0	0	[]	0	0
3	123457183	259	0	0	0	0	0	0	0	0	0	0	0	0	0	0	0	60	6	0	0	0	0	50	31	0	0	0	0	[]	0	0
4	123457183	258	1	0	0	0	0	0	0	0	0	0	0	0	0	0	0	60	8	0	0	0	0	50	31	0	0	0	1	[]	0	0
5	123457183	258	1	0	0	0	0	0	0	0	0	0	0	0	0	0	0	60	8	0	0	0	0	50	31	0	0	0	1	[]	0	0
6	123457183	258	0	1	0	0	0	0	0	0	0	0	0	0	0	0	0	60	13	0	0	0	0	50	31	0	0	0	1	[]	0	1
7	123457183	257	1	1	0	0	0	0	0	0	0	0	0	0	0	0	0	60	15	0	0	0	0	50	31	0	0	0	2	[]	0	1
8	123457183	236	21	2	0	0	0	0	0	0	0	0	0	0	0	0	0	120	17	0	0	0	0	50	31	0	0	0	2	[]	0	2
9	123457183	214	34	11	0	0	0	0	0	0	0	0	0	0	0	0	0	120	17	0	0	0	0	50	31	0	0	0	2	[]	0	2
10	123457183	204	24	11	0	0	8	11	0	0	0	0	0	0	0	1	0	139	18	1	11	0	1	50	31	0	0	0	2	[3D]	1	3
11	123457183	182	32	4	1	0	12	26	0	0	0	1	0	0	0	0	1	158	20	1	24	1	1	50	31	0	0	0	2	[3D 3B]	2	4
12	123457183	155	50	10	1	0	10	28	2	0	0	1	0	0	0	1	1	177	24	2	26	1	2	50	31	0	0	0	2	[3D 3B]	2	6
13	123457183	154	32	9	1	0	18	33	8	0	0	1	0	0	0	2	1	196	24	3	35	1	3	50	31	0	0	0	3	[3D 3B 2D]	3	6
14	123457183	144	22	12	1	10	18	31	16	0	0	1	0	0	0	2	2	212	25	4	36	1	4	50	31	0	0	0	3	[3D 3B 2D 1C]	4	6
15	123457183	121	12	4	2	24	25	45	20	0	0	1	0	0	0	3	2	285	25	5	51	1	5	50	31	0	0	0	4	[3D 3B 2D 1C 2C 2B]	6	6
16	123457183	83	46	8	2	24	16	46	28	0	0	1	0	0	0	3	2	285	26	5	51	1	5	50	31	0	0	0	4	[3D 3B 2D 1C 2C 2B]	6	8
17	123457183	41	74	21	3	24	13	43	34	0	0	1	0	0	0	3	2	285	26	5	51	1	5	50	31	0	0	0	4	[3D 3B 2D 1C 2C 2B]	6	10
18	123457183	25	62	47	5	24	9	40	41	0	0	1	0	0	0	3	2	285	27	5	51	1	5	50	31	0	0	0	4	[3D 3B 2D 1C 2C 2B]	6	11
19	123457183	24	22	28	5	25	30	64	52	0	0	2	0	0	0	4	3	342	29	7	77	2	7	50	31	0	0	0	4	[3D 3B 2D 1C 2C 2B 2A 3C 1B]	9	11
20	123457183	23	11	18	27	25	25	67	54	0	0	3	0	0	0	4	2	361	30	7	89	3	7	50	31	0	0	0	4	[3B 2D 1C 2C 2B 2A 3C 1B 1D]	9	11
21	123457183	23	2	9	45	25	24	67	55	0	0	2	0	0	0	5	2	380	30	8	97	3	8	50	31	0	0	0	4	[2D 1C 2C 2B 2A 3C 1B 1D 3A]	9	10
22	123457183	17	8	8	46	25	13	64	69	0	0	2	0	0	0	4	3	395	31	8	97	3	8	50	31	0	0	0	4	[2D 1C 2C 2B 2A 3C 1B 1D 3A]	9	10
23	123457183	3	17	13	66	25	9	53	65	0	0	1	1	0	0	3	3	395	31	8	97	3	8	50	31	0	0	0	4	[1C 2C 2B 2A 3C 1B 1D 3A]	8	9
24	123457183	12	1	8	78	15	11	62	65	0	0	2	1	0	0	2	2	414	32	8	110	4	8	50	31	0	0	0	4	[2C 2B 2A 3C 1B 1D 3A 1A]	8	8
25	123457183	26	1	5	107	1	6	53	54	0	0	1	2	0	0	1	2	414	32	8	110	4	8	50	31	0	0	0	4	[2A 3C 1B 1D 3A 1A]	6	6
26	123457183	26	1	5	107	1	5	48	60	0	0	0	3	0	0	1	2	414	34	8	110	4	8	50	31	0	0	0	4	[2A 3C 1B 1D 3A 1A]	6	6
27	123457183	25	1	6	107	1	3	41	69	0	0	0	3	0	0	0	3	414	35	8	110	4	8	50	31	0	0	0	5	[2A 3C 1B 1D 3A 1A]	6	7
28	123457183	25	1	6	107	1	2	35	76	0	0	0	3	0	0	0	3	414	36	8	110	4	8	50	31	0	0	0	5	[2A 3C 1B 1D 3A 1A]	6	7
29	123457183	22	5	5	166	0	1	22	35	0	0	0	2	0	0	0	1	478	37	8	111	4	8	50	31	0	0	0	5	[1D 3A 1A]	3	4
30	123457183	21	5	6	186	0	1	16	22	0	0	0	1	0	0	0	1	478	38	8	111	4	8	50	31	0	0	0	5	[3A 1A]	2	4
31	123457183	20	6	4	208	0	0	10	10	0	0	0	1	0	0	0	0	478	39	8	111	4	8	50	31	0	0	0	5	[1A]	1	2
32	123457183	18	7	4	209	0	0	8	12	0	0	0	1	0	0	0	0	478	40	8	111	4	8	50	31	0	0	0	5	[1A]	1	2
33	123457183	17	5	7	209	0	0	6	14	0	0	0	1	0	0	0	0	478	43	8	111	4	8	50	31	0	0	0	5	[1A]	1	2
34	123457183	17	3	7	231	0	0	0	1	0	0	0	0	0	0	0	0	497	44	8	111	4	8	50	31	0	0	0	5	[]	0	1
35	123457183	17	0	2	219	0	1	6	13	0	0	0	0	0	0	1	0	516	49	9	117	4	9	50	31	0	0	0	5	[2B]	1	1
36	123457183	17	0	2	219	0	0	6	14	0	0	0	0	0	0	1	0	570	50	9	117	4	9	50	31	0	0	0	5	[2B]	1	1
37	123457183	17	0	2	219	0	0	4	16	0	0	0	0	0	0	1	0	570	52	9	117	4	9	50	31	0	0	0	5	[2B]	1	1
38	123457183	17	0	1	220	0	0	3	17	0	0	0	0	0	0	1	0	570	54	9	117	4	9	50	31	0	0	0	5	[2B]	1	1
39	123457183	17	0	1	221	0	0	3	16	0	0	0	0	0	0	1	0	570	54	9	117	4	9	50	31	0	0	0	5	[2B]	1	1
40	123457183	17	0	1	221	0	0	3	16	0	0	0	0	0	0	1	0	570	56	9	117	4	9	50	31	0	0	0	5	[2B]	1	1
41	123457183	17	0	1	221	0	0	3	16	0	0	0	0	0	0	1	0	570	56	9	117	4	9	50	31	0	0	0	5	[2B]	1	1
42	123457183	17	0	1	221	0	0	3	16	0	0	0	0	0	0	1	0	570	58	9	117	4	9	50	31	0	0	0	5	[2B]	1	1
43	123457183	17	0	1	221	0	0	2	17	0	0	0	0	0	0	1	0	625	62	9	117	4	9	50	31	0	0	0	5	[2B]	1	1
44	123457183	17	0	1	221	0	0	0	19	0	0	0	0	0	0	0	1	625	64	9	117	4	9	50	31	0	0	0	5	[2B]	1	0
45	123457183	16	1	0	242	0	0	0	0	0	0	0	0	0	0	0	0	625	65	9	117	4	9	50	31	0	0	0	6	[]	0	0
46	123457183	16	1	0	242	0	0	0	0	0	0	0	0	0	0	0	0	625	68	9	117	4	9	50	31	0	0	0	6	[]	0	0
47	123457183	16	1	0	242	0	0	0	0	0	0	0	0	0	0	0	0	625	69	9	117	4	9	50	31	0	0	0	6	[]	0	0
48	123457183	16	1	0	242	0	0	0	0	0	0	0	0	0	0	0	0	625	71	9	117	4	9	50	31	0	0	0	6	[]	0	0
49	123457183	16	1	0	242	0	0	0	0	0	0	0	0	0	0	0	0	625	71	9	117	4	9	50	31	0	0	0	6	[]	0	0
50	123457183	16	1	0	242	0	0	0	0	0	0	0	0	0	0	0	0	685	74	9	117	4	9	50	31	0	0	0	6	[]	0	0
51	123457183	12	4	1	242	0	0	0	0	0	0	0	0	0	0	0	0	685	75	9	117	4	9	50	31	0	0	0	6	[]	0	1
52	123457183	9	5	2	243	0	0	0	0	0	0	0	0	0	0	0	0	685	75	9	117	4	9	50	31	0	0	0	6	[]	0	1
53	123457183	8	5	3	243	0	0	0	0	0	0	0	0	0	0	0	0	685	76	9	117	4	9	50	31	0	0	0	6	[]	0	1
54	123457183	8	5	0	243	0	0	2	0	0	0	0	0	0	0	1	0	704	79	10	119	4	10	50	31	0	0	0	6	[]	0	1
55	123457183	8	5	0	243	0	0	1	1	0	0	0	0	0	0	1	0	704	79	10	119	4	10	50	31	0	0	0	6	[]	0	1
56	123457183	8	2	3	243	0	0	1	1	0	0	0	0	0	0	0	1	704	80	10	119	4	10	50	31	0	0	0	6	[]	0	1
57	123457183	8	2	2	244	0	0	1	1	0	0	0	0	0	0	0	1	763	81	10	119	4	10	50	31	0	0	0	6	[]	0	1
58	123457183	8	0	0	231	0	1	3	14	0	0	0	0	0	0	1	1	779	82	11	121	4	11	50	31	0	0	0	6	[1C]	1	1
59	123457183	8	0	0	231	0	1	3	14	0	0	0	0	0	0	1	1	779	83	11	121	4	11	50	31	0	0	0	6	[1C]	1	1
60	123457183	8	0	0	231	0	1	3	14	0	0	0	0	0	0	1	1	779	83	11	121	4	11	50	31	0	0	0	6	[1C]	1	1
