day	seedRun	susceptible	exposed	infected	removed	susceptible-in-quarantine	exposed-in-quarantine	infected-in-quarantine	removed-in-quarantine	susceptible-in-quarantine-external-1	exposed-in-quarantine-external-1	infected-in-quarantine-external-1	removed-in-quarantine-external-1	susceptible-in-quarantine-external-2	exposed-in-quarantine-external-2	infected-in-quarantine-external-2	removed-in-quarantine-external-2	num-of-screened-agents	num-of-screened-agents-external-1	num-of-screened-agents-external-2	num-of-positive-agents	num-of-positive-agents-external-1	num-of-positive-agents-external-2	num-vaccinated-susceptible	num-vaccinated-exposed	num-vaccinated-infected	num-vaccinated-removed	num-vaccinated-susceptible-in-quarantine	num-vaccinated-exposed-in-quarantine	num-vaccinated-infected-in-quarantine	num-vaccinated-removed-in-quarantine	num-vaccinated-susceptible-in-quarantine-external-1	num-vaccinated-exposed-in-quarantine-external-1	num-vaccinated-infected-in-quarantine-external-1	num-vaccinated-removed-in-quarantine-external-1	num-vaccinated-susceptible-in-quarantine-external-2	num-vaccinated-exposed-in-quarantine-external-2	num-vaccinated-infected-in-quarantine-external-2	num-vaccinated-removed-in-quarantine-external-2	num-infected-outside	classroom-in-quarantine	num-of-classroom-in-quarantine	classroom-with-at-least-one-infected
0	123456999	240	0	0	0	0	0	0	0	0	0	0	0	0	0	0	0	0	0	0	0	0	0	50	0	0	0	0	0	0	0	0	0	0	0	0	0	0	0	0	[]	0	0
1	123456999	236	4	0	0	0	0	0	0	0	0	0	0	0	0	0	0	0	0	0	0	0	0	50	0	0	0	0	0	0	0	0	0	0	0	0	0	0	0	4	[]	0	0
2	123456999	232	8	0	0	0	0	0	0	0	0	0	0	0	0	0	0	0	1	0	0	0	0	50	0	0	0	0	0	0	0	0	0	0	0	0	0	0	0	8	[]	0	0
3	123456999	227	11	1	0	0	0	0	0	0	0	0	0	0	0	1	0	19	2	1	0	0	1	49	1	0	0	0	0	0	0	0	0	0	0	0	0	0	0	11	[]	0	2
4	123456999	215	19	4	1	0	0	0	0	0	0	0	0	0	0	0	1	19	2	1	0	0	1	48	1	1	0	0	0	0	0	0	0	0	0	0	0	0	0	14	[]	0	4
5	123456999	195	30	13	1	0	0	0	0	0	0	0	0	0	0	0	1	19	3	1	0	0	1	46	3	1	0	0	0	0	0	0	0	0	0	0	0	0	0	20	[]	0	6
6	123456999	188	16	14	1	6	5	7	1	0	0	1	0	0	0	0	1	38	4	1	7	1	1	45	3	1	1	0	0	0	0	0	0	0	0	0	0	0	0	22	[2B]	1	8
7	123456999	184	16	15	4	6	5	6	2	0	0	1	0	0	0	0	1	38	4	1	7	1	1	45	2	2	1	0	0	0	0	0	0	0	0	0	0	0	0	26	[2B]	1	7
8	123456999	138	40	17	4	22	5	7	4	0	0	1	0	0	0	1	1	76	4	2	9	1	2	43	4	2	1	0	0	0	0	0	0	0	0	0	0	0	0	34	[2B 2D]	2	9
9	123456999	105	57	30	7	22	4	8	4	0	0	1	0	0	0	1	1	76	4	2	9	1	2	40	5	4	1	0	0	0	0	0	0	0	0	0	0	0	0	37	[2B 2D]	2	11
10	123456999	72	79	38	10	22	4	8	4	0	0	1	0	0	0	1	1	76	5	2	9	1	2	37	8	4	1	0	0	0	0	0	0	0	0	0	0	0	0	37	[2B 2D]	2	11
11	123456999	41	72	51	15	32	9	9	7	0	0	2	0	0	0	1	1	95	8	2	11	2	2	33	11	4	2	0	0	0	0	0	0	0	0	0	0	0	0	37	[2B 2D 3C]	3	11
12	123456999	27	52	62	18	35	15	16	10	0	0	0	2	0	0	2	1	114	8	3	17	2	3	30	10	8	2	0	0	0	0	0	0	0	0	0	0	0	0	37	[2B 2D 3C 1C]	4	11
13	123456999	27	36	53	23	35	13	33	14	0	0	1	2	0	0	2	1	133	9	3	30	3	3	30	6	12	2	0	0	0	0	0	0	0	0	0	0	0	0	37	[2B 2D 3C 1C 1A]	5	12
14	123456999	26	29	54	30	35	11	30	19	0	0	1	2	0	0	2	1	133	9	3	30	3	3	30	6	10	4	0	0	0	0	0	0	0	0	0	0	0	0	38	[2B 2D 3C 1C 1A]	5	12
15	123456999	17	33	52	37	35	8	29	23	0	0	1	2	0	0	2	1	133	9	3	30	3	3	29	4	12	5	0	0	0	0	0	0	0	0	0	0	0	0	38	[2B 2D 3C 1C 1A]	5	12
16	123456999	12	24	48	36	35	6	25	29	0	6	9	7	0	0	2	1	133	10	3	30	4	3	26	7	11	6	0	0	0	0	0	0	0	0	0	0	0	0	38	[2B 2D 3C 1C 1A 1D]	6	12
17	123456999	8	22	43	27	35	3	33	43	0	4	10	8	0	0	3	1	152	10	4	36	4	4	25	6	13	6	0	0	0	0	0	0	0	0	0	0	0	0	38	[2B 2D 3C 1C 1A 1D 3B]	7	12
18	123456999	5	20	46	29	35	3	30	46	0	1	12	9	0	0	2	2	152	10	4	36	4	4	24	5	12	9	0	0	0	0	0	0	0	0	0	0	0	0	38	[2B 2D 3C 1C 1A 1D 3B]	7	11
19	123456999	3	19	45	33	35	3	23	53	0	1	9	12	0	0	2	2	152	10	4	36	4	4	24	4	12	10	0	0	0	0	0	0	0	0	0	0	0	0	38	[2B 2D 3C 1C 1A 1D 3B]	7	11
20	123456999	9	13	45	53	29	1	21	44	0	0	9	12	0	0	2	2	152	10	4	36	4	4	24	3	12	11	0	0	0	0	0	0	0	0	0	0	0	0	38	[2D 3C 1C 1A 1D 3B]	6	10
21	123456999	9	9	44	58	29	0	21	45	0	0	7	14	0	0	2	2	152	10	4	36	4	4	24	3	10	13	0	0	0	0	0	0	0	0	0	0	0	0	38	[2D 3C 1C 1A 1D 3B]	6	10
22	123456999	21	11	24	64	13	1	28	53	0	0	7	15	0	0	2	1	171	12	4	46	5	4	22	4	8	16	0	0	0	0	0	0	0	0	0	0	0	0	40	[3C 1C 1A 1D 3B 3D]	6	10
23	123456999	19	8	24	69	13	1	24	57	0	0	6	16	0	0	2	1	171	12	4	46	5	4	22	2	8	18	0	0	0	0	0	0	0	0	0	0	0	0	40	[3C 1C 1A 1D 3B 3D]	6	11
24	123456999	17	8	22	73	13	1	21	60	0	0	3	19	0	0	2	1	171	12	4	46	5	4	21	2	9	18	0	0	0	0	0	0	0	0	0	0	0	0	41	[3C 1C 1A 1D 3B 3D]	6	11
25	123456999	21	13	17	69	3	1	19	72	0	0	3	18	0	0	3	1	190	12	5	48	5	5	21	1	9	19	0	0	0	0	0	0	0	0	0	0	0	0	42	[1C 1A 1D 3B 3D 3A]	6	10
26	123456999	17	14	22	87	0	1	14	61	0	0	2	19	0	0	2	1	190	12	5	48	5	5	20	2	9	19	0	0	0	0	0	0	0	0	0	0	0	0	43	[1A 1D 3B 3D 3A]	5	10
27	123456999	17	13	19	111	0	1	10	46	0	0	2	18	0	0	2	1	190	13	5	48	5	5	20	1	7	22	0	0	0	0	0	0	0	0	0	0	0	0	43	[1D 3B 3D 3A]	4	9
28	123456999	16	12	20	112	0	0	10	47	0	0	2	18	0	0	2	1	190	14	5	48	5	5	20	1	6	23	0	0	0	0	0	0	0	0	0	0	0	0	44	[1D 3B 3D 3A]	4	9
29	123456999	11	15	21	113	0	0	10	47	0	0	2	18	0	0	2	1	190	14	5	48	5	5	20	1	6	23	0	0	0	0	0	0	0	0	0	0	0	0	44	[1D 3B 3D 3A]	4	9
30	123456999	10	14	18	138	0	0	10	47	0	0	0	1	0	0	1	1	190	15	5	48	5	5	20	1	6	23	0	0	0	0	0	0	0	0	0	0	0	0	44	[3B 3D 3A]	3	8
31	123456999	7	9	13	151	2	2	12	41	0	0	1	1	0	0	0	1	209	16	5	52	6	5	19	2	5	24	0	0	0	0	0	0	0	0	0	0	0	0	45	[3D 3A 3C]	3	6
32	123456999	7	2	1	130	2	6	19	68	0	0	2	1	0	0	1	1	247	17	6	60	7	6	19	1	6	24	0	0	0	0	0	0	0	0	0	0	0	0	45	[3D 3A 3C 1B 2D]	5	6
33	123456999	7	1	2	130	2	5	17	71	0	0	2	1	0	0	0	2	247	17	6	60	7	6	19	0	6	25	0	0	0	0	0	0	0	0	0	0	0	0	45	[3D 3A 3C 1B 2D]	5	7
34	123456999	7	1	1	131	2	4	16	73	0	0	2	1	0	0	0	2	247	17	6	60	7	6	19	0	3	28	0	0	0	0	0	0	0	0	0	0	0	0	45	[3D 3A 3C 1B 2D]	5	6
35	123456999	7	0	2	131	2	3	14	76	0	0	2	1	0	0	0	2	247	17	6	60	7	6	19	0	2	29	0	0	0	0	0	0	0	0	0	0	0	0	45	[3D 3A 3C 1B 2D]	5	7
36	123456999	7	0	2	151	2	2	10	62	0	0	2	0	0	0	0	2	247	17	6	60	7	6	18	1	1	30	0	0	0	0	0	0	0	0	0	0	0	0	45	[3A 3C 1B 2D]	4	6
37	123456999	7	0	2	151	2	1	10	63	0	0	2	0	0	0	0	2	247	17	6	60	7	6	18	0	2	30	0	0	0	0	0	0	0	0	0	0	0	0	45	[3A 3C 1B 2D]	4	6
38	123456999	6	1	2	151	2	1	8	65	0	0	2	0	0	0	0	2	247	17	6	60	7	6	18	0	2	30	0	0	0	0	0	0	0	0	0	0	0	0	45	[3A 3C 1B 2D]	4	6
39	123456999	5	2	2	171	2	0	8	47	0	0	1	1	0	0	0	1	247	18	6	60	7	6	18	0	1	31	0	0	0	0	0	0	0	0	0	0	0	0	45	[3C 1B 2D]	3	5
40	123456999	2	5	2	171	2	0	8	47	0	0	1	1	0	0	0	1	247	18	6	60	7	6	16	2	1	31	0	0	0	0	0	0	0	0	0	0	0	0	47	[3C 1B 2D]	3	5
41	123456999	2	5	2	171	2	0	8	47	0	0	1	1	0	0	0	1	247	19	6	60	7	6	15	3	1	31	0	0	0	0	0	0	0	0	0	0	0	0	48	[3C 1B 2D]	3	5
42	123456999	2	2	4	172	2	0	6	49	0	0	1	1	0	0	0	1	247	19	6	60	7	6	15	2	2	31	0	0	0	0	0	0	0	0	0	0	0	0	48	[3C 1B 2D]	3	5
43	123456999	1	3	3	173	2	0	4	51	0	0	0	2	0	0	0	1	247	20	6	60	7	6	15	2	2	31	0	0	0	0	0	0	0	0	0	0	0	0	48	[3C 1B 2D]	3	4
44	123456999	1	2	4	173	2	0	4	51	0	0	0	2	0	0	0	1	247	20	6	60	7	6	15	2	2	31	0	0	0	0	0	0	0	0	0	0	0	0	48	[3C 1B 2D]	3	4
45	123456999	2	3	4	191	0	0	2	36	0	0	0	1	0	0	0	1	247	21	6	60	7	6	15	1	3	31	0	0	0	0	0	0	0	0	0	0	0	0	48	[1B 2D]	2	3
46	123456999	2	2	5	231	0	0	0	0	0	0	0	0	0	0	0	0	247	21	6	60	7	6	15	1	3	31	0	0	0	0	0	0	0	0	0	0	0	0	48	[]	0	2
47	123456999	2	2	5	231	0	0	0	0	0	0	0	0	0	0	0	0	247	21	6	60	7	6	15	0	2	33	0	0	0	0	0	0	0	0	0	0	0	0	48	[]	0	2
48	123456999	2	1	3	233	0	0	0	0	0	0	0	0	0	0	1	0	266	21	7	60	7	7	15	0	2	33	0	0	0	0	0	0	0	0	0	0	0	0	48	[]	0	2
49	123456999	2	0	3	234	0	0	0	0	0	0	0	0	0	0	1	0	266	22	7	60	7	7	15	0	1	34	0	0	0	0	0	0	0	0	0	0	0	0	48	[]	0	2
50	123456999	2	0	3	234	0	0	0	0	0	0	0	0	0	0	1	0	266	24	7	60	7	7	15	0	1	34	0	0	0	0	0	0	0	0	0	0	0	0	48	[]	0	2
51	123456999	2	0	2	235	0	0	0	0	0	0	0	0	0	0	1	0	266	25	7	60	7	7	15	0	1	34	0	0	0	0	0	0	0	0	0	0	0	0	48	[]	0	2
52	123456999	2	0	1	236	0	0	0	0	0	0	0	0	0	0	1	0	266	25	7	60	7	7	15	0	1	34	0	0	0	0	0	0	0	0	0	0	0	0	48	[]	0	1
53	123456999	2	0	0	218	0	0	1	18	0	0	0	0	0	0	1	0	285	26	7	61	7	7	15	0	1	34	0	0	0	0	0	0	0	0	0	0	0	0	48	[1C]	1	1
54	123456999	2	0	0	218	0	0	1	18	0	0	0	0	0	0	1	0	285	26	7	61	7	7	15	0	0	35	0	0	0	0	0	0	0	0	0	0	0	0	48	[1C]	1	1
55	123456999	2	0	0	218	0	0	1	18	0	0	0	0	0	0	1	0	285	27	7	61	7	7	15	0	0	35	0	0	0	0	0	0	0	0	0	0	0	0	48	[1C]	1	1
56	123456999	2	0	0	218	0	0	1	18	0	0	0	0	0	0	1	0	285	27	7	61	7	7	14	1	0	35	0	0	0	0	0	0	0	0	0	0	0	0	49	[1C]	1	1
57	123456999	2	0	0	218	0	0	0	19	0	0	0	0	0	0	1	0	285	27	7	61	7	7	14	1	0	35	0	0	0	0	0	0	0	0	0	0	0	0	49	[1C]	1	1
58	123456999	1	1	0	218	0	0	0	19	0	0	0	0	0	0	1	0	285	27	7	61	7	7	14	0	1	35	0	0	0	0	0	0	0	0	0	0	0	0	49	[1C]	1	1
59	123456999	0	2	0	218	0	0	0	19	0	0	0	0	0	0	1	0	285	27	7	61	7	7	14	0	0	36	0	0	0	0	0	0	0	0	0	0	0	0	50	[1C]	1	1
60	123456999	0	2	0	218	0	0	0	19	0	0	0	0	0	0	1	0	285	27	7	61	7	7	14	0	0	36	0	0	0	0	0	0	0	0	0	0	0	0	50	[1C]	1	1
