day	seedRun	susceptible	exposed	infected	removed	susceptible-in-quarantine	exposed-in-quarantine	infected-in-quarantine	removed-in-quarantine	susceptible-in-quarantine-external-1	exposed-in-quarantine-external-1	infected-in-quarantine-external-1	removed-in-quarantine-external-1	susceptible-in-quarantine-external-2	exposed-in-quarantine-external-2	infected-in-quarantine-external-2	removed-in-quarantine-external-2	num-of-screened-agents	num-of-screened-agents-external-1	num-of-screened-agents-external-2	num-of-positive-agents	num-of-positive-agents-external-1	num-of-positive-agents-external-2	num-vaccinated	num-immunized	num-immunized-in-quarantine	num-immunized-in-quarantine-external-1	num-immunized-in-quarantine-external-2	num-infected-outside	classroom-in-quarantine	num-of-classroom-in-quarantine	classroom-with-at-least-one-infected
0	123457165	181	0	0	0	0	0	0	0	0	0	0	0	0	0	0	0	0	0	0	0	0	0	146	109	0	0	0	0	[]	0	0
1	123457165	181	0	0	0	0	0	0	0	0	0	0	0	0	0	0	0	0	2	0	0	0	0	146	109	0	0	0	0	[]	0	0
2	123457165	181	0	0	0	0	0	0	0	0	0	0	0	0	0	0	0	0	5	0	0	0	0	146	109	0	0	0	0	[]	0	0
3	123457165	181	0	0	0	0	0	0	0	0	0	0	0	0	0	0	0	0	6	0	0	0	0	146	109	0	0	0	0	[]	0	0
4	123457165	181	0	0	0	0	0	0	0	0	0	0	0	0	0	0	0	0	7	0	0	0	0	146	109	0	0	0	0	[]	0	0
5	123457165	181	0	0	0	0	0	0	0	0	0	0	0	0	0	0	0	0	8	0	0	0	0	146	109	0	0	0	0	[]	0	0
6	123457165	181	0	0	0	0	0	0	0	0	0	0	0	0	0	0	0	0	10	0	0	0	0	146	109	0	0	0	0	[]	0	0
7	123457165	181	0	0	0	0	0	0	0	0	0	0	0	0	0	0	0	0	12	0	0	0	0	146	109	0	0	0	0	[]	0	0
8	123457165	181	0	0	0	0	0	0	0	0	0	0	0	0	0	0	0	0	12	0	0	0	0	146	109	0	0	0	0	[]	0	0
9	123457165	180	1	0	0	0	0	0	0	0	0	0	0	0	0	0	0	0	16	0	0	0	0	146	109	0	0	0	1	[]	0	0
10	123457165	180	1	0	0	0	0	0	0	0	0	0	0	0	0	0	0	0	19	0	0	0	0	146	109	0	0	0	1	[]	0	0
11	123457165	179	2	0	0	0	0	0	0	0	0	0	0	0	0	0	0	0	22	0	0	0	0	146	109	0	0	0	2	[]	0	0
12	123457165	179	2	0	0	0	0	0	0	0	0	0	0	0	0	0	0	0	24	0	0	0	0	146	109	0	0	0	2	[]	0	0
13	123457165	179	1	1	0	0	0	0	0	0	0	0	0	0	0	0	0	0	26	0	0	0	0	146	109	0	0	0	2	[]	0	1
14	123457165	179	1	1	0	0	0	0	0	0	0	0	0	0	0	0	0	0	28	0	0	0	0	146	109	0	0	0	2	[]	0	1
15	123457165	175	5	1	0	0	0	0	0	0	0	0	0	0	0	0	0	0	31	0	0	0	0	146	109	0	0	0	2	[]	0	1
16	123457165	172	7	2	0	0	0	0	0	0	0	0	0	0	0	0	0	0	35	0	0	0	0	146	109	0	0	0	2	[]	0	1
17	123457165	169	9	3	0	0	0	0	0	0	0	0	0	0	0	0	0	0	37	0	0	0	0	146	109	0	0	0	2	[]	0	2
18	123457165	165	10	6	0	0	0	0	0	0	0	0	0	0	0	0	0	0	38	0	0	0	0	146	109	0	0	0	2	[]	0	2
19	123457165	160	13	7	1	0	0	0	0	0	0	0	0	0	0	0	0	0	43	0	0	0	0	146	109	0	0	0	2	[]	0	2
20	123457165	160	9	9	3	0	0	0	0	0	0	0	0	0	0	0	0	0	45	0	0	0	0	146	109	0	0	0	2	[]	0	3
21	123457165	160	7	9	5	0	0	0	0	0	0	0	0	0	0	0	0	0	46	0	0	0	0	146	109	0	0	0	2	[]	0	3
22	123457165	152	12	11	6	0	0	0	0	0	0	0	0	0	0	0	0	0	49	0	0	0	0	146	109	0	0	0	2	[]	0	3
23	123457165	142	17	16	6	0	0	0	0	0	0	0	0	0	0	0	0	0	52	0	0	0	0	146	109	0	0	0	2	[]	0	5
24	123457165	135	18	18	9	0	0	0	0	0	0	0	0	0	0	1	0	0	53	1	0	0	1	146	109	0	0	0	2	[]	0	5
25	123457165	129	23	16	11	0	0	0	0	0	0	0	0	0	0	2	0	0	55	2	0	0	2	146	109	0	0	0	2	[]	0	5
26	123457165	115	30	22	12	0	0	0	0	0	0	0	0	0	0	2	0	0	57	2	0	0	2	146	109	0	0	0	3	[]	0	5
27	123457165	115	26	23	14	0	0	0	0	0	0	0	0	0	0	2	1	0	58	3	0	0	3	146	109	0	0	0	3	[]	0	5
28	123457165	115	20	25	18	0	0	0	0	0	0	0	0	0	0	2	1	0	61	3	0	0	3	146	109	0	0	0	3	[]	0	7
29	123457165	110	19	28	19	0	0	0	0	0	0	1	0	0	0	3	1	0	63	4	0	1	4	146	109	0	0	0	3	[]	0	7
30	123457165	95	27	33	20	0	0	0	0	0	0	1	0	0	0	3	2	0	63	5	0	1	5	146	109	0	0	0	3	[]	0	8
31	123457165	82	30	38	24	0	0	0	0	0	0	2	0	0	0	2	3	0	65	5	0	2	5	146	109	0	0	0	3	[]	0	9
32	123457165	69	35	39	29	0	0	0	0	0	0	2	1	0	0	3	3	0	68	6	0	3	6	146	109	0	0	0	4	[]	0	9
33	123457165	57	39	40	34	0	0	0	0	0	0	3	1	0	0	3	4	0	70	7	0	4	7	146	109	0	0	0	4	[]	0	10
34	123457165	57	26	43	44	0	0	0	0	0	0	3	1	0	0	3	4	0	71	8	0	4	8	146	109	0	0	0	4	[]	0	10
35	123457165	57	20	39	51	0	0	0	0	0	0	2	2	0	0	7	3	0	74	12	0	4	12	146	109	0	0	0	4	[]	0	10
36	123457165	49	25	36	56	0	0	0	0	0	0	3	2	0	0	4	6	0	76	12	0	5	12	146	109	0	0	0	4	[]	0	10
37	123457165	44	25	37	61	0	0	0	0	0	0	2	3	0	0	4	5	0	76	12	0	5	12	146	109	0	0	0	4	[]	0	10
38	123457165	40	23	36	67	0	0	0	0	0	0	1	4	0	0	5	5	0	77	13	0	5	13	146	109	0	0	0	4	[]	0	10
39	123457165	36	19	35	74	0	0	0	0	0	0	1	4	0	0	7	5	0	80	16	0	6	16	146	109	0	0	0	4	[]	0	9
40	123457165	35	16	30	80	0	0	0	0	0	0	2	4	0	0	8	6	0	83	19	0	7	19	146	109	0	0	0	4	[]	0	9
41	123457165	35	10	27	89	0	0	0	0	0	0	2	3	0	0	9	6	0	84	20	0	7	20	146	109	0	0	0	4	[]	0	9
42	123457165	35	6	26	94	0	0	0	0	0	0	3	2	0	0	8	7	0	89	21	0	8	21	146	109	0	0	0	4	[]	0	9
43	123457165	34	4	25	98	0	0	0	0	0	0	3	1	0	0	9	7	0	92	23	0	8	23	146	109	0	0	0	4	[]	0	9
44	123457165	32	5	23	101	0	0	0	0	0	0	3	1	0	0	8	8	0	94	24	0	8	24	146	109	0	0	0	4	[]	0	9
45	123457165	29	6	25	105	0	0	0	0	0	0	1	3	0	0	7	5	0	97	24	0	8	24	146	109	0	0	0	4	[]	0	10
46	123457165	23	10	23	110	0	0	0	0	0	0	1	2	0	0	7	5	0	100	24	0	8	24	146	109	0	0	0	4	[]	0	11
47	123457165	22	9	20	114	0	0	0	0	0	0	1	2	0	0	7	6	0	100	25	0	8	25	146	109	0	0	0	4	[]	0	11
48	123457165	22	6	20	118	0	0	0	0	0	0	0	3	0	0	6	6	0	101	25	0	8	25	146	109	0	0	0	4	[]	0	11
49	123457165	22	5	18	125	0	0	0	0	0	0	0	2	0	0	6	3	0	103	25	0	8	25	146	109	0	0	0	4	[]	0	10
50	123457165	19	7	17	129	0	0	0	0	0	0	1	1	0	0	5	2	0	106	26	0	9	26	146	109	0	0	0	4	[]	0	10
51	123457165	14	11	14	133	0	0	0	0	0	0	1	1	0	0	5	2	0	110	27	0	9	27	146	109	0	0	0	4	[]	0	9
52	123457165	6	16	17	135	0	0	0	0	0	0	1	0	0	0	4	2	0	110	27	0	9	27	146	109	0	0	0	4	[]	0	9
53	123457165	5	13	17	141	0	0	0	0	0	0	1	0	0	0	3	1	0	110	27	0	9	27	146	109	0	0	0	4	[]	0	8
54	123457165	3	9	21	143	0	0	0	0	0	0	1	1	0	0	2	1	0	111	27	0	10	27	146	109	0	0	0	4	[]	0	7
55	123457165	3	7	20	146	0	0	0	0	0	0	1	1	0	0	2	1	0	112	27	0	10	27	146	109	0	0	0	4	[]	0	7
56	123457165	3	6	16	148	0	0	0	0	0	0	3	1	0	0	3	1	0	117	28	0	12	28	146	109	0	0	0	4	[]	0	7
57	123457165	2	5	12	155	0	0	0	0	0	0	3	1	0	0	1	2	0	118	28	0	12	28	146	109	0	0	0	4	[]	0	5
58	123457165	2	4	11	157	0	0	0	0	0	0	3	1	0	0	1	2	0	118	28	0	12	28	146	109	0	0	0	4	[]	0	6
59	123457165	2	4	9	159	0	0	0	0	0	0	3	1	0	0	1	2	0	119	28	0	12	28	146	109	0	0	0	4	[]	0	5
60	123457165	2	3	8	162	0	0	0	0	0	0	3	0	0	0	2	1	0	119	29	0	12	29	146	109	0	0	0	4	[]	0	5
