day	seedRun	susceptible	exposed	infected	removed	susceptible-in-quarantine	exposed-in-quarantine	infected-in-quarantine	removed-in-quarantine	susceptible-in-quarantine-external-1	exposed-in-quarantine-external-1	infected-in-quarantine-external-1	removed-in-quarantine-external-1	susceptible-in-quarantine-external-2	exposed-in-quarantine-external-2	infected-in-quarantine-external-2	removed-in-quarantine-external-2	num-of-screened-agents	num-of-screened-agents-external-1	num-of-screened-agents-external-2	num-of-positive-agents	num-of-positive-agents-external-1	num-of-positive-agents-external-2	num-vaccinated	num-immunized	num-immunized-in-quarantine	num-immunized-in-quarantine-external-1	num-immunized-in-quarantine-external-2	num-infected-outside	classroom-in-quarantine	num-of-classroom-in-quarantine	classroom-with-at-least-one-infected
0	123456816	192	0	0	0	0	0	0	0	0	0	0	0	0	0	0	0	0	0	0	0	0	0	146	98	0	0	0	0	[]	0	0
1	123456816	191	1	0	0	0	0	0	0	0	0	0	0	0	0	0	0	0	1	0	0	0	0	146	98	0	0	0	1	[]	0	0
2	123456816	190	2	0	0	0	0	0	0	0	0	0	0	0	0	0	0	0	2	0	0	0	0	146	98	0	0	0	2	[]	0	0
3	123456816	187	4	1	0	0	0	0	0	0	0	0	0	0	0	0	0	0	2	0	0	0	0	146	98	0	0	0	2	[]	0	1
4	123456816	187	3	2	0	0	0	0	0	0	0	0	0	0	0	0	0	0	2	0	0	0	0	146	98	0	0	0	2	[]	0	2
5	123456816	186	3	3	0	0	0	0	0	0	0	0	0	0	0	0	0	0	4	0	0	0	0	146	98	0	0	0	2	[]	0	2
6	123456816	185	3	4	0	0	0	0	0	0	0	0	0	0	0	0	0	0	4	0	0	0	0	146	98	0	0	0	3	[]	0	2
7	123456816	185	0	7	0	0	0	0	0	0	0	0	0	0	0	0	0	0	4	0	0	0	0	146	98	0	0	0	3	[]	0	2
8	123456816	177	8	6	1	0	0	0	0	0	0	0	0	0	0	0	0	0	6	0	0	0	0	146	98	0	0	0	3	[]	0	2
9	123456816	171	11	9	1	0	0	0	0	0	0	0	0	0	0	0	0	0	8	0	0	0	0	146	98	0	0	0	3	[]	0	3
10	123456816	165	13	11	3	0	0	0	0	0	0	0	0	0	0	0	0	0	8	0	0	0	0	146	98	0	0	0	3	[]	0	4
11	123456816	160	13	11	8	0	0	0	0	0	0	0	0	0	0	0	0	0	10	0	0	0	0	146	98	0	0	0	4	[]	0	3
12	123456816	154	17	12	9	0	0	0	0	0	0	0	0	0	0	0	0	0	12	0	0	0	0	146	98	0	0	0	4	[]	0	3
13	123456816	153	9	20	9	0	0	0	0	0	0	0	0	0	0	1	0	0	12	1	0	0	1	146	98	0	0	0	5	[]	0	4
14	123456816	152	8	20	10	0	0	0	0	0	0	0	0	0	0	2	0	0	13	2	0	0	2	146	98	0	0	0	6	[]	0	4
15	123456816	147	11	19	12	0	0	0	0	0	0	0	0	0	0	2	1	0	14	3	0	0	3	146	98	0	0	0	6	[]	0	5
16	123456816	141	12	21	15	0	0	0	0	0	0	0	0	0	0	1	2	0	17	3	0	0	3	146	98	0	0	0	6	[]	0	5
17	123456816	131	16	22	20	0	0	0	0	0	0	0	0	0	0	1	2	0	20	3	0	0	3	146	98	0	0	0	6	[]	0	7
18	123456816	121	20	26	22	0	0	0	0	0	0	0	0	0	0	0	3	0	22	3	0	0	3	146	98	0	0	0	7	[]	0	7
19	123456816	115	22	26	26	0	0	0	0	0	0	0	0	0	0	0	3	0	23	3	0	0	3	146	98	0	0	0	7	[]	0	6
20	123456816	115	13	30	30	0	0	0	0	0	0	0	0	0	0	1	3	0	23	4	0	0	4	146	98	0	0	0	7	[]	0	6
21	123456816	114	11	28	34	0	0	0	0	0	0	0	0	0	0	2	3	0	23	5	0	0	5	146	98	0	0	0	8	[]	0	6
22	123456816	105	18	26	36	0	0	0	0	0	0	0	0	0	0	4	3	0	28	7	0	0	7	146	98	0	0	0	9	[]	0	6
23	123456816	100	18	28	40	0	0	0	0	0	0	0	0	0	0	2	4	0	31	7	0	0	7	146	98	0	0	0	9	[]	0	6
24	123456816	97	20	23	46	0	0	0	0	0	0	0	0	0	0	2	4	0	32	8	0	0	8	146	98	0	0	0	9	[]	0	6
25	123456816	95	19	23	49	0	0	0	0	0	0	0	0	0	0	3	3	0	32	9	0	0	9	146	98	0	0	0	9	[]	0	7
26	123456816	89	22	21	51	0	0	0	0	0	0	0	0	0	0	5	4	0	32	12	0	0	12	146	98	0	0	0	10	[]	0	8
27	123456816	89	17	22	55	0	0	0	0	0	0	0	0	0	0	4	5	0	35	12	0	0	12	146	98	0	0	0	10	[]	0	11
28	123456816	88	13	24	58	0	0	0	0	0	0	0	0	0	0	4	5	0	35	12	0	0	12	146	98	0	0	0	11	[]	0	11
29	123456816	81	17	23	62	0	0	0	0	0	0	0	0	0	0	3	6	0	39	12	0	0	12	146	98	0	0	0	11	[]	0	10
30	123456816	74	18	26	65	0	0	0	0	0	0	0	0	0	0	2	7	0	42	13	0	0	13	146	98	0	0	0	12	[]	0	10
31	123456816	68	23	22	71	0	0	0	0	0	0	0	0	0	0	2	6	0	46	13	0	0	13	146	98	0	0	0	12	[]	0	9
32	123456816	61	24	22	76	0	0	0	0	0	0	2	0	0	0	3	4	0	50	14	0	2	14	146	98	0	0	0	12	[]	0	9
33	123456816	54	24	24	80	0	0	0	0	0	0	0	2	0	0	3	5	0	51	15	0	2	15	146	98	0	0	0	12	[]	0	8
34	123456816	54	17	26	85	0	0	0	0	0	0	0	2	0	0	4	4	0	51	16	0	2	16	146	98	0	0	0	12	[]	0	9
35	123456816	54	9	30	88	0	0	0	0	0	0	1	2	0	0	5	3	0	52	17	0	3	17	146	98	0	0	0	12	[]	0	10
36	123456816	47	14	27	96	0	0	0	0	0	0	1	2	0	0	4	1	0	54	17	0	3	17	146	98	0	0	0	12	[]	0	10
37	123456816	40	18	27	99	0	0	0	0	0	0	1	2	0	0	4	1	0	56	17	0	3	17	146	98	0	0	0	12	[]	0	10
38	123456816	34	21	28	100	0	0	0	0	0	0	1	2	0	0	5	1	0	58	18	0	3	18	146	98	0	0	0	12	[]	0	11
39	123456816	29	19	25	108	0	0	0	0	0	0	1	2	0	0	7	1	0	59	20	0	3	20	146	98	0	0	0	12	[]	0	11
40	123456816	22	19	26	113	0	0	0	0	0	0	1	2	0	0	7	2	0	62	22	0	3	22	146	98	0	0	0	12	[]	0	11
41	123456816	22	13	30	114	0	0	0	0	0	0	2	2	0	0	5	4	0	64	22	0	4	22	146	98	0	0	0	12	[]	0	11
42	123456816	22	11	27	119	0	0	0	0	0	0	1	1	0	0	8	3	0	66	25	0	4	25	146	98	0	0	0	12	[]	0	11
43	123456816	16	14	25	124	0	0	0	0	0	0	1	2	0	0	6	4	0	68	25	0	5	25	146	98	0	0	0	12	[]	0	10
44	123456816	13	13	27	127	0	0	0	0	0	0	1	2	0	0	5	4	0	69	25	0	5	25	146	98	0	0	0	12	[]	0	10
45	123456816	9	14	29	129	0	0	0	0	0	0	1	1	0	0	5	4	0	69	26	0	5	26	146	98	0	0	0	12	[]	0	10
46	123456816	5	15	32	129	0	0	0	0	0	0	0	2	0	0	4	5	0	71	26	0	5	26	146	98	0	0	0	12	[]	0	10
47	123456816	5	10	25	139	0	0	0	0	0	0	1	2	0	0	4	6	0	74	27	0	6	27	146	98	0	0	0	12	[]	0	9
48	123456816	5	8	19	145	0	0	0	0	0	0	3	2	0	0	4	6	0	76	28	0	8	28	146	98	0	0	0	12	[]	0	8
49	123456816	5	6	17	151	0	0	0	0	0	0	3	2	0	0	4	4	0	78	28	0	8	28	146	98	0	0	0	12	[]	0	8
50	123456816	4	6	14	154	0	0	0	0	0	0	4	2	0	0	5	3	0	80	30	0	9	30	146	98	0	0	0	12	[]	0	8
51	123456816	4	5	11	159	0	0	0	0	0	0	4	1	0	0	4	4	0	81	30	0	9	30	146	98	0	0	0	12	[]	0	8
52	123456816	4	4	10	163	0	0	0	0	0	0	4	1	0	0	4	2	0	82	31	0	9	31	146	98	0	0	0	12	[]	0	7
53	123456816	4	3	8	166	0	0	0	0	0	0	3	1	0	0	4	3	0	84	32	0	9	32	146	98	0	0	0	12	[]	0	7
54	123456816	4	2	7	168	0	0	0	0	0	0	3	1	0	0	4	3	0	86	32	0	9	32	146	98	0	0	0	12	[]	0	7
55	123456816	4	2	6	169	0	0	0	0	0	0	3	1	0	0	4	3	0	86	33	0	9	33	146	98	0	0	0	12	[]	0	7
56	123456816	4	1	6	170	0	0	0	0	0	0	3	1	0	0	3	4	0	87	33	0	9	33	146	98	0	0	0	12	[]	0	7
57	123456816	3	1	7	172	0	0	0	0	0	0	2	1	0	0	2	4	0	88	33	0	9	33	146	98	0	0	0	12	[]	0	6
58	123456816	3	1	7	175	0	0	0	0	0	0	0	1	0	0	2	3	0	91	33	0	9	33	146	98	0	0	0	12	[]	0	4
59	123456816	3	1	6	176	0	0	0	0	0	0	0	1	0	0	2	3	0	92	33	0	9	33	146	98	0	0	0	12	[]	0	4
60	123456816	3	0	6	179	0	0	0	0	0	0	0	0	0	0	3	1	0	94	34	0	9	34	146	98	0	0	0	12	[]	0	4
