day	seedRun	susceptible	exposed	infected	removed	susceptible-in-quarantine	exposed-in-quarantine	infected-in-quarantine	removed-in-quarantine	susceptible-in-quarantine-external-1	exposed-in-quarantine-external-1	infected-in-quarantine-external-1	removed-in-quarantine-external-1	susceptible-in-quarantine-external-2	exposed-in-quarantine-external-2	infected-in-quarantine-external-2	removed-in-quarantine-external-2	num-of-screened-agents	num-of-screened-agents-external-1	num-of-screened-agents-external-2	num-of-positive-agents	num-of-positive-agents-external-1	num-of-positive-agents-external-2	num-vaccinated	num-immunized	num-immunized-in-quarantine	num-immunized-in-quarantine-external-1	num-immunized-in-quarantine-external-2	num-infected-outside	classroom-in-quarantine	num-of-classroom-in-quarantine	classroom-with-at-least-one-infected
0	123457221	144	0	0	0	0	0	0	0	0	0	0	0	0	0	0	0	0	0	0	0	0	0	146	146	0	0	0	0	[]	0	0
1	123457221	144	0	0	0	0	0	0	0	0	0	0	0	0	0	0	0	0	2	0	0	0	0	146	146	0	0	0	0	[]	0	0
2	123457221	144	0	0	0	0	0	0	0	0	0	0	0	0	0	0	0	0	4	0	0	0	0	146	146	0	0	0	0	[]	0	0
3	123457221	144	0	0	0	0	0	0	0	0	0	0	0	0	0	0	0	0	5	0	0	0	0	146	146	0	0	0	0	[]	0	0
4	123457221	144	0	0	0	0	0	0	0	0	0	0	0	0	0	0	0	0	7	0	0	0	0	146	146	0	0	0	0	[]	0	0
5	123457221	144	0	0	0	0	0	0	0	0	0	0	0	0	0	0	0	0	9	0	0	0	0	146	146	0	0	0	0	[]	0	0
6	123457221	144	0	0	0	0	0	0	0	0	0	0	0	0	0	0	0	0	10	0	0	0	0	146	146	0	0	0	0	[]	0	0
7	123457221	144	0	0	0	0	0	0	0	0	0	0	0	0	0	0	0	0	12	0	0	0	0	146	146	0	0	0	0	[]	0	0
8	123457221	144	0	0	0	0	0	0	0	0	0	0	0	0	0	0	0	0	14	0	0	0	0	146	146	0	0	0	0	[]	0	0
9	123457221	144	0	0	0	0	0	0	0	0	0	0	0	0	0	0	0	0	15	0	0	0	0	146	146	0	0	0	0	[]	0	0
10	123457221	144	0	0	0	0	0	0	0	0	0	0	0	0	0	0	0	0	16	0	0	0	0	146	146	0	0	0	0	[]	0	0
11	123457221	143	1	0	0	0	0	0	0	0	0	0	0	0	0	0	0	0	18	0	0	0	0	146	146	0	0	0	1	[]	0	0
12	123457221	143	1	0	0	0	0	0	0	0	0	0	0	0	0	0	0	0	20	0	0	0	0	146	146	0	0	0	1	[]	0	0
13	123457221	143	1	0	0	0	0	0	0	0	0	0	0	0	0	0	0	0	21	0	0	0	0	146	146	0	0	0	1	[]	0	0
14	123457221	142	2	0	0	0	0	0	0	0	0	0	0	0	0	0	0	0	21	0	0	0	0	146	146	0	0	0	2	[]	0	0
15	123457221	134	9	1	0	0	0	0	0	0	0	0	0	0	0	0	0	0	23	0	0	0	0	146	146	0	0	0	2	[]	0	1
16	123457221	132	10	2	0	0	0	0	0	0	0	0	0	0	0	0	0	0	26	0	0	0	0	146	146	0	0	0	2	[]	0	1
17	123457221	131	7	6	0	0	0	0	0	0	0	0	0	0	0	0	0	0	28	1	0	0	1	146	146	0	0	0	2	[]	0	1
18	123457221	129	8	6	1	0	0	0	0	0	0	0	0	0	0	0	0	0	31	1	0	0	1	146	146	0	0	0	3	[]	0	1
19	123457221	126	8	7	3	0	0	0	0	0	0	0	0	0	0	0	0	0	32	2	0	0	2	146	146	0	0	0	3	[]	0	2
20	123457221	126	5	10	3	0	0	0	0	0	0	0	0	0	0	0	0	0	35	2	0	1	2	146	146	0	0	0	3	[]	0	3
21	123457221	126	5	7	6	0	0	0	0	0	0	0	0	0	0	0	0	0	38	2	0	1	2	146	146	0	0	0	3	[]	0	3
22	123457221	118	13	7	6	0	0	0	0	0	0	0	0	0	0	0	0	0	40	2	0	1	2	146	146	0	0	0	3	[]	0	3
23	123457221	109	17	8	10	0	0	0	0	0	0	0	0	0	0	0	0	0	42	3	0	1	3	146	146	0	0	0	3	[]	0	3
24	123457221	100	19	14	11	0	0	0	0	0	0	0	0	0	0	0	0	0	46	3	0	1	3	146	146	0	0	0	3	[]	0	4
25	123457221	90	26	14	14	0	0	0	0	0	0	0	0	0	0	0	0	0	47	3	0	1	3	146	146	0	0	0	3	[]	0	5
26	123457221	85	22	20	17	0	0	0	0	0	0	0	0	0	0	0	0	0	51	3	0	2	3	146	146	0	0	0	3	[]	0	5
27	123457221	85	17	23	19	0	0	0	0	0	0	0	0	0	0	0	0	0	53	4	0	2	4	146	146	0	0	0	3	[]	0	6
28	123457221	85	12	24	23	0	0	0	0	0	0	0	0	0	0	0	0	0	56	5	0	3	5	146	146	0	0	0	3	[]	0	6
29	123457221	77	18	24	25	0	0	0	0	0	0	0	0	0	0	0	0	0	57	5	0	3	5	146	146	0	0	0	3	[]	0	6
30	123457221	77	14	22	31	0	0	0	0	0	0	0	0	0	0	0	0	0	59	6	0	3	6	146	146	0	0	0	3	[]	0	6
31	123457221	71	15	23	35	0	0	0	0	0	0	0	0	0	0	0	0	0	62	6	0	3	6	146	146	0	0	0	3	[]	0	6
32	123457221	69	12	24	39	0	0	0	0	0	0	0	0	0	0	0	0	0	63	8	0	4	8	146	146	0	0	0	3	[]	0	6
33	123457221	67	13	19	45	0	0	0	0	0	0	0	0	0	0	0	0	0	63	8	0	4	8	146	146	0	0	0	3	[]	0	6
34	123457221	67	10	18	49	0	0	0	0	0	0	0	0	0	0	0	0	0	66	9	0	5	9	146	146	0	0	0	3	[]	0	7
35	123457221	67	6	21	50	0	0	0	0	0	0	0	0	0	0	0	0	0	68	12	0	5	12	146	146	0	0	0	3	[]	0	8
36	123457221	42	27	23	52	0	0	0	0	0	0	0	0	0	0	0	0	0	68	12	0	5	12	146	146	0	0	0	3	[]	0	10
37	123457221	29	34	24	57	0	0	0	0	0	0	0	0	0	0	0	0	0	73	12	0	6	12	146	146	0	0	0	3	[]	0	10
38	123457221	23	30	30	61	0	0	0	0	0	0	0	0	0	0	0	0	0	74	12	0	6	12	146	146	0	0	0	3	[]	0	10
39	123457221	17	25	36	66	0	0	0	0	0	0	0	0	0	0	0	0	0	75	13	0	6	13	146	146	0	0	0	3	[]	0	10
40	123457221	10	26	35	73	0	0	0	0	0	0	0	0	0	0	0	0	0	76	14	0	6	14	146	146	0	0	0	3	[]	0	9
41	123457221	10	20	37	77	0	0	0	0	0	0	0	0	0	0	0	0	0	77	14	0	6	14	146	146	0	0	0	3	[]	0	9
42	123457221	10	9	43	82	0	0	0	0	0	0	0	0	0	0	0	0	0	78	15	0	6	15	146	146	0	0	0	3	[]	0	9
43	123457221	1	15	35	93	0	0	0	0	0	0	0	0	0	0	0	0	0	80	17	0	6	17	146	146	0	0	0	3	[]	0	8
44	123457221	0	12	30	102	0	0	0	0	0	0	0	0	0	0	0	0	0	83	18	0	6	18	146	146	0	0	0	3	[]	0	8
45	123457221	0	8	30	106	0	0	0	0	0	0	0	0	0	0	0	0	0	85	19	0	6	19	146	146	0	0	0	3	[]	0	8
46	123457221	0	6	26	112	0	0	0	0	0	0	0	0	0	0	0	0	0	87	19	0	6	19	146	146	0	0	0	3	[]	0	8
47	123457221	0	4	26	114	0	0	0	0	0	0	0	0	0	0	0	0	0	88	20	0	6	20	146	146	0	0	0	3	[]	0	8
48	123457221	0	1	25	118	0	0	0	0	0	0	0	0	0	0	0	0	0	89	21	0	6	21	146	146	0	0	0	3	[]	0	8
49	123457221	0	1	24	119	0	0	0	0	0	0	0	0	0	0	0	0	0	91	23	0	6	23	146	146	0	0	0	3	[]	0	8
50	123457221	0	1	22	121	0	0	0	0	0	0	0	0	0	0	0	0	0	93	24	0	6	24	146	146	0	0	0	3	[]	0	8
51	123457221	0	1	20	123	0	0	0	0	0	0	0	0	0	0	0	0	0	94	24	0	6	24	146	146	0	0	0	3	[]	0	7
52	123457221	0	1	17	126	0	0	0	0	0	0	0	0	0	0	0	0	0	95	24	0	6	24	146	146	0	0	0	3	[]	0	7
53	123457221	0	1	13	130	0	0	0	0	0	0	0	0	0	0	0	0	0	95	24	0	6	24	146	146	0	0	0	3	[]	0	5
54	123457221	0	1	13	130	0	0	0	0	0	0	0	0	0	0	0	0	0	95	24	0	6	24	146	146	0	0	0	3	[]	0	5
55	123457221	0	1	12	131	0	0	0	0	0	0	0	0	0	0	0	0	0	97	24	0	6	24	146	146	0	0	0	3	[]	0	5
56	123457221	0	1	9	134	0	0	0	0	0	0	0	0	0	0	0	0	0	98	24	0	6	24	146	146	0	0	0	3	[]	0	4
57	123457221	0	0	6	138	0	0	0	0	0	0	0	0	0	0	0	0	0	101	24	0	6	24	146	146	0	0	0	3	[]	0	3
58	123457221	0	0	5	139	0	0	0	0	0	0	0	0	0	0	0	0	0	105	24	0	6	24	146	146	0	0	0	3	[]	0	3
59	123457221	0	0	1	143	0	0	0	0	0	0	0	0	0	0	0	0	0	107	25	0	6	25	146	146	0	0	0	3	[]	0	1
60	123457221	0	0	1	143	0	0	0	0	0	0	0	0	0	0	0	0	0	109	25	0	6	25	146	146	0	0	0	3	[]	0	1
