day	seedRun	susceptible	exposed	infected	removed	susceptible-in-quarantine	exposed-in-quarantine	infected-in-quarantine	removed-in-quarantine	susceptible-in-quarantine-external-1	exposed-in-quarantine-external-1	infected-in-quarantine-external-1	removed-in-quarantine-external-1	susceptible-in-quarantine-external-2	exposed-in-quarantine-external-2	infected-in-quarantine-external-2	removed-in-quarantine-external-2	num-of-screened-agents	num-of-screened-agents-external-1	num-of-screened-agents-external-2	num-of-positive-agents	num-of-positive-agents-external-1	num-of-positive-agents-external-2	num-vaccinated	num-immunized	num-immunized-in-quarantine	num-immunized-in-quarantine-external-1	num-immunized-in-quarantine-external-2	num-infected-outside	classroom-in-quarantine	num-of-classroom-in-quarantine	classroom-with-at-least-one-infected
0	123457107	149	0	0	0	0	0	0	0	0	0	0	0	0	0	0	0	0	0	0	0	0	0	218	141	0	0	0	0	[]	0	0
1	123457107	143	6	0	0	0	0	0	0	0	0	0	0	0	0	0	0	0	3	0	0	0	0	218	141	0	0	0	6	[]	0	0
2	123457107	133	16	0	0	0	0	0	0	0	0	0	0	0	0	0	0	0	4	0	0	0	0	218	141	0	0	0	16	[]	0	0
3	123457107	127	17	5	0	0	0	0	0	0	0	0	0	0	0	0	0	0	5	0	0	0	0	218	141	0	0	0	18	[]	0	4
4	123457107	104	33	12	0	0	0	0	0	0	0	0	0	0	0	0	0	0	9	0	0	0	0	218	141	0	0	0	29	[]	0	8
5	123457107	93	36	19	1	0	0	0	0	0	0	0	0	0	0	0	0	0	10	0	0	0	0	218	141	0	0	0	30	[]	0	9
6	123457107	90	31	23	4	0	0	0	0	0	0	1	0	0	0	0	0	0	13	0	0	1	0	218	141	0	0	0	33	[]	0	9
7	123457107	88	29	25	6	0	0	0	0	0	0	1	0	0	0	0	0	0	13	0	0	1	0	218	141	0	0	0	35	[]	0	9
8	123457107	69	41	29	8	0	0	0	0	0	0	2	0	0	0	0	0	0	15	0	0	2	0	218	141	0	0	0	38	[]	0	9
9	123457107	52	48	32	14	0	0	0	0	0	0	1	1	0	0	1	0	0	18	1	0	2	1	218	141	0	0	0	42	[]	0	10
10	123457107	45	41	41	18	0	0	0	0	0	0	1	1	0	0	2	0	0	19	2	0	2	2	218	141	0	0	0	42	[]	0	11
11	123457107	26	48	49	22	0	0	0	0	0	0	1	1	0	0	1	1	0	20	2	0	2	2	218	141	0	0	0	46	[]	0	11
12	123457107	20	36	63	25	0	0	0	0	0	0	2	1	0	0	1	1	0	21	2	0	3	2	218	141	0	0	0	48	[]	0	11
13	123457107	19	24	68	33	0	0	0	0	0	0	2	1	0	0	1	1	0	29	2	0	3	2	218	141	0	0	0	49	[]	0	12
14	123457107	19	16	64	43	0	0	0	0	0	0	3	1	0	0	2	1	0	32	3	0	4	3	218	141	0	0	0	49	[]	0	12
15	123457107	12	16	62	51	0	0	0	0	0	0	3	1	0	0	3	1	0	33	4	0	4	4	218	141	0	0	0	49	[]	0	12
16	123457107	8	16	55	62	0	0	0	0	0	0	2	1	0	0	3	2	0	35	5	0	4	5	218	141	0	0	0	49	[]	0	12
17	123457107	6	16	52	64	0	0	0	0	0	0	2	1	0	0	6	2	0	38	8	0	4	8	218	141	0	0	0	50	[]	0	12
18	123457107	4	14	50	69	0	0	0	0	0	0	2	0	0	0	6	4	0	41	10	0	4	10	218	141	0	0	0	51	[]	0	12
19	123457107	3	13	45	77	0	0	0	0	0	0	2	0	0	0	5	4	0	42	10	0	4	10	218	141	0	0	0	51	[]	0	12
20	123457107	3	5	44	86	0	0	0	0	0	0	2	0	0	0	4	5	0	44	11	0	4	11	218	141	0	0	0	51	[]	0	12
21	123457107	3	4	38	93	0	0	0	0	0	0	2	0	0	0	4	5	0	45	11	0	4	11	218	141	0	0	0	51	[]	0	11
22	123457107	2	4	32	101	0	0	0	0	0	0	1	0	0	0	4	5	0	45	11	0	4	11	218	141	0	0	0	51	[]	0	11
23	123457107	2	3	29	105	0	0	0	0	0	0	0	1	0	0	2	7	0	48	11	0	4	11	218	141	0	0	0	51	[]	0	11
24	123457107	2	2	22	113	0	0	0	0	0	0	0	0	0	0	3	7	0	49	13	0	4	13	218	141	0	0	0	51	[]	0	10
25	123457107	2	1	19	118	0	0	0	0	0	0	0	0	0	0	1	8	0	50	13	0	4	13	218	141	0	0	0	51	[]	0	8
26	123457107	1	2	16	122	0	0	0	0	0	0	0	0	0	0	1	7	0	53	13	0	4	13	218	141	0	0	0	51	[]	0	7
27	123457107	1	1	13	128	0	0	0	0	0	0	1	0	0	0	1	4	0	56	13	0	5	13	218	141	0	0	0	51	[]	0	6
28	123457107	1	1	11	130	0	0	0	0	0	0	1	0	0	0	3	2	0	57	15	0	5	15	218	141	0	0	0	51	[]	0	6
29	123457107	1	1	9	131	0	0	0	0	0	0	1	0	0	0	3	3	0	58	16	0	5	16	218	141	0	0	0	51	[]	0	6
30	123457107	1	1	8	133	0	0	0	0	0	0	1	0	0	0	3	2	0	60	16	0	5	16	218	141	0	0	0	51	[]	0	6
31	123457107	1	0	9	133	0	0	0	0	0	0	1	0	0	0	2	3	0	60	16	0	5	16	218	141	0	0	0	51	[]	0	6
32	123457107	1	0	8	134	0	0	0	0	0	0	1	0	0	0	2	3	0	61	16	0	5	16	218	141	0	0	0	51	[]	0	6
33	123457107	1	0	8	134	0	0	0	0	0	0	1	0	0	0	1	4	0	63	16	0	5	16	218	141	0	0	0	51	[]	0	5
34	123457107	1	0	6	136	0	0	0	0	0	0	1	0	0	0	3	2	0	64	18	0	5	18	218	141	0	0	0	51	[]	0	5
35	123457107	1	0	4	138	0	0	0	0	0	0	1	0	0	0	3	2	0	64	18	0	5	18	218	141	0	0	0	51	[]	0	5
36	123457107	1	0	3	139	0	0	0	0	0	0	0	1	0	0	3	2	0	65	18	0	5	18	218	141	0	0	0	51	[]	0	4
37	123457107	1	0	2	141	0	0	0	0	0	0	0	0	0	0	3	2	0	68	18	0	5	18	218	141	0	0	0	51	[]	0	4
38	123457107	1	0	2	143	0	0	0	0	0	0	0	0	0	0	3	0	0	69	18	0	5	18	218	141	0	0	0	51	[]	0	4
39	123457107	1	0	1	144	0	0	0	0	0	0	0	0	0	0	3	0	0	70	19	0	5	19	218	141	0	0	0	51	[]	0	4
40	123457107	1	0	1	144	0	0	0	0	0	0	0	0	0	0	3	0	0	70	19	0	5	19	218	141	0	0	0	51	[]	0	4
41	123457107	1	0	1	144	0	0	0	0	0	0	0	0	0	0	3	0	0	74	19	0	5	19	218	141	0	0	0	51	[]	0	4
42	123457107	1	0	1	144	0	0	0	0	0	0	0	0	0	0	1	2	0	76	19	0	5	19	218	141	0	0	0	51	[]	0	2
43	123457107	1	0	1	144	0	0	0	0	0	0	0	0	0	0	0	3	0	80	19	0	5	19	218	141	0	0	0	51	[]	0	1
44	123457107	1	0	1	146	0	0	0	0	0	0	0	0	0	0	0	1	0	82	19	0	5	19	218	141	0	0	0	51	[]	0	1
45	123457107	1	0	1	146	0	0	0	0	0	0	0	0	0	0	0	1	0	84	19	0	5	19	218	141	0	0	0	51	[]	0	1
46	123457107	1	0	0	147	0	0	0	0	0	0	0	0	0	0	0	1	0	87	19	0	5	19	218	141	0	0	0	51	[]	0	0
47	123457107	1	0	0	147	0	0	0	0	0	0	0	0	0	0	0	1	0	89	19	0	5	19	218	141	0	0	0	51	[]	0	0
48	123457107	1	0	0	147	0	0	0	0	0	0	0	0	0	0	0	1	0	91	19	0	5	19	218	141	0	0	0	51	[]	0	0
49	123457107	1	0	0	148	0	0	0	0	0	0	0	0	0	0	0	0	0	91	19	0	5	19	218	141	0	0	0	51	[]	0	0
50	123457107	1	0	0	148	0	0	0	0	0	0	0	0	0	0	0	0	0	93	19	0	5	19	218	141	0	0	0	51	[]	0	0
51	123457107	1	0	0	148	0	0	0	0	0	0	0	0	0	0	0	0	0	93	19	0	5	19	218	141	0	0	0	51	[]	0	0
52	123457107	1	0	0	148	0	0	0	0	0	0	0	0	0	0	0	0	0	93	19	0	5	19	218	141	0	0	0	51	[]	0	0
53	123457107	1	0	0	148	0	0	0	0	0	0	0	0	0	0	0	0	0	96	19	0	5	19	218	141	0	0	0	51	[]	0	0
54	123457107	1	0	0	148	0	0	0	0	0	0	0	0	0	0	0	0	0	96	19	0	5	19	218	141	0	0	0	51	[]	0	0
55	123457107	1	0	0	148	0	0	0	0	0	0	0	0	0	0	0	0	0	100	19	0	5	19	218	141	0	0	0	51	[]	0	0
56	123457107	1	0	0	148	0	0	0	0	0	0	0	0	0	0	0	0	0	103	19	0	5	19	218	141	0	0	0	51	[]	0	0
57	123457107	1	0	0	148	0	0	0	0	0	0	0	0	0	0	0	0	0	108	19	0	5	19	218	141	0	0	0	51	[]	0	0
58	123457107	1	0	0	148	0	0	0	0	0	0	0	0	0	0	0	0	0	111	19	0	5	19	218	141	0	0	0	51	[]	0	0
59	123457107	1	0	0	148	0	0	0	0	0	0	0	0	0	0	0	0	0	113	19	0	5	19	218	141	0	0	0	51	[]	0	0
60	123457107	1	0	0	148	0	0	0	0	0	0	0	0	0	0	0	0	0	114	19	0	5	19	218	141	0	0	0	51	[]	0	0
