day	seedRun	susceptible	exposed	infected	removed	susceptible-in-quarantine	exposed-in-quarantine	infected-in-quarantine	removed-in-quarantine	susceptible-in-quarantine-external-1	exposed-in-quarantine-external-1	infected-in-quarantine-external-1	removed-in-quarantine-external-1	susceptible-in-quarantine-external-2	exposed-in-quarantine-external-2	infected-in-quarantine-external-2	removed-in-quarantine-external-2	num-of-screened-agents	num-of-screened-agents-external-1	num-of-screened-agents-external-2	num-of-positive-agents	num-of-positive-agents-external-1	num-of-positive-agents-external-2	num-vaccinated	num-immunized	num-immunized-in-quarantine	num-immunized-in-quarantine-external-1	num-immunized-in-quarantine-external-2	num-infected-outside	classroom-in-quarantine	num-of-classroom-in-quarantine	classroom-with-at-least-one-infected
0	123456894	177	0	0	0	0	0	0	0	0	0	0	0	0	0	0	0	0	0	0	0	0	0	146	113	0	0	0	0	[]	0	0
1	123456894	173	4	0	0	0	0	0	0	0	0	0	0	0	0	0	0	0	0	0	0	0	0	146	113	0	0	0	4	[]	0	0
2	123456894	169	7	1	0	0	0	0	0	0	0	0	0	0	0	0	0	0	2	0	0	0	0	146	113	0	0	0	7	[]	0	1
3	123456894	163	12	2	0	0	0	0	0	0	0	0	0	0	0	0	0	0	2	0	0	0	0	146	113	0	0	0	10	[]	0	2
4	123456894	149	22	6	0	0	0	0	0	0	0	0	0	0	0	0	0	0	3	0	0	0	0	146	113	0	0	0	14	[]	0	4
5	123456894	135	30	12	0	0	0	0	0	0	0	0	0	0	0	0	0	0	3	0	0	0	0	146	113	0	0	0	19	[]	0	5
6	123456894	130	28	18	1	0	0	0	0	0	0	0	0	0	0	0	0	0	3	0	0	0	0	146	113	0	0	0	24	[]	0	9
7	123456894	125	26	23	3	0	0	0	0	0	0	0	0	0	0	0	0	0	4	0	0	0	0	146	113	0	0	0	29	[]	0	10
8	123456894	103	44	22	8	0	0	0	0	0	0	0	0	0	0	0	0	0	4	0	0	0	0	146	113	0	0	0	32	[]	0	9
9	123456894	83	53	31	10	0	0	0	0	0	0	0	0	0	0	0	0	0	4	0	0	0	0	146	113	0	0	0	35	[]	0	12
10	123456894	67	56	41	13	0	0	0	0	0	0	0	0	0	0	0	0	0	5	0	0	0	0	146	113	0	0	0	37	[]	0	12
11	123456894	48	58	56	15	0	0	0	0	0	0	0	0	0	0	0	0	0	7	0	0	0	0	146	113	0	0	0	40	[]	0	12
12	123456894	30	62	63	22	0	0	0	0	0	0	0	0	0	0	0	0	0	7	0	0	0	0	146	113	0	0	0	40	[]	0	12
13	123456894	30	39	75	32	0	0	0	0	0	0	0	0	0	0	1	0	0	7	1	0	0	1	146	113	0	0	0	40	[]	0	12
14	123456894	30	26	74	46	0	0	0	0	0	0	0	0	0	0	1	0	0	8	1	0	0	1	146	113	0	0	0	40	[]	0	12
15	123456894	25	22	69	60	0	0	0	0	0	0	0	0	0	0	1	0	0	8	1	0	0	1	146	113	0	0	0	40	[]	0	12
16	123456894	22	19	61	74	0	0	0	0	0	0	0	0	0	0	1	0	0	8	1	0	0	1	146	113	0	0	0	40	[]	0	12
17	123456894	15	21	54	86	0	0	0	0	0	0	0	0	0	0	1	0	0	8	1	0	0	1	146	113	0	0	0	40	[]	0	11
18	123456894	12	21	50	91	0	0	0	0	0	0	0	0	0	0	3	0	0	8	3	0	0	3	146	113	0	0	0	40	[]	0	12
19	123456894	7	19	52	96	0	0	0	0	0	0	0	0	0	0	3	0	0	8	3	0	0	3	146	113	0	0	0	41	[]	0	12
20	123456894	7	14	49	103	0	0	0	0	0	0	1	0	0	0	2	1	0	9	3	0	1	3	146	113	0	0	0	41	[]	0	11
21	123456894	6	11	43	113	0	0	0	0	0	0	1	0	0	0	2	1	0	10	3	0	1	3	146	113	0	0	0	42	[]	0	11
22	123456894	6	10	33	123	0	0	0	0	0	0	2	0	0	0	2	1	0	13	3	0	2	3	146	113	0	0	0	42	[]	0	11
23	123456894	6	8	31	125	0	0	0	0	0	0	2	0	0	0	4	1	0	14	5	0	2	5	146	113	0	0	0	42	[]	0	11
24	123456894	6	6	28	129	0	0	0	0	0	0	3	0	0	0	4	1	0	17	5	0	3	5	146	113	0	0	0	42	[]	0	11
25	123456894	5	4	28	132	0	0	0	0	0	0	2	1	0	0	4	1	0	18	5	0	3	5	146	113	0	0	0	43	[]	0	11
26	123456894	5	4	25	135	0	0	0	0	0	0	1	2	0	0	4	1	0	18	5	0	3	5	146	113	0	0	0	43	[]	0	11
27	123456894	5	3	18	143	0	0	0	0	0	0	1	2	0	0	4	1	0	19	6	0	3	6	146	113	0	0	0	43	[]	0	10
28	123456894	5	2	17	145	0	0	0	0	0	0	1	2	0	0	3	2	0	21	6	0	3	6	146	113	0	0	0	43	[]	0	9
29	123456894	5	2	14	148	0	0	0	0	0	0	1	2	0	0	2	3	0	21	6	0	3	6	146	113	0	0	0	43	[]	0	8
30	123456894	5	1	15	148	0	0	0	0	0	0	1	2	0	0	2	3	0	23	6	0	3	6	146	113	0	0	0	43	[]	0	9
31	123456894	4	1	14	150	0	0	0	0	0	0	1	2	0	0	2	3	0	24	6	0	3	6	146	113	0	0	0	44	[]	0	9
32	123456894	4	1	12	154	0	0	0	0	0	0	1	2	0	0	0	3	0	24	6	0	3	6	146	113	0	0	0	44	[]	0	7
33	123456894	4	1	11	155	0	0	0	0	0	0	1	2	0	0	0	3	0	25	6	0	3	6	146	113	0	0	0	44	[]	0	7
34	123456894	4	1	9	158	0	0	0	0	0	0	1	1	0	0	0	3	0	25	6	0	3	6	146	113	0	0	0	44	[]	0	7
35	123456894	4	1	8	159	0	0	0	0	0	0	1	1	0	0	0	3	0	26	6	0	3	6	146	113	0	0	0	44	[]	0	7
36	123456894	4	1	5	163	0	0	0	0	0	0	1	0	0	0	0	3	0	28	6	0	3	6	146	113	0	0	0	44	[]	0	4
37	123456894	4	1	5	165	0	0	0	0	0	0	1	0	0	0	0	1	0	28	6	0	3	6	146	113	0	0	0	44	[]	0	4
38	123456894	4	1	5	166	0	0	0	0	0	0	0	0	0	0	0	1	0	29	6	0	3	6	146	113	0	0	0	44	[]	0	3
39	123456894	4	1	5	166	0	0	0	0	0	0	0	0	0	0	0	1	0	30	6	0	3	6	146	113	0	0	0	44	[]	0	3
40	123456894	3	2	5	166	0	0	0	0	0	0	0	0	0	0	0	1	0	30	6	0	3	6	146	113	0	0	0	45	[]	0	3
41	123456894	3	2	4	168	0	0	0	0	0	0	0	0	0	0	0	0	0	30	6	0	3	6	146	113	0	0	0	45	[]	0	3
42	123456894	3	1	3	170	0	0	0	0	0	0	0	0	0	0	0	0	0	30	6	0	3	6	146	113	0	0	0	45	[]	0	3
43	123456894	3	1	2	171	0	0	0	0	0	0	0	0	0	0	0	0	0	31	6	0	3	6	146	113	0	0	0	45	[]	0	2
44	123456894	3	1	1	172	0	0	0	0	0	0	0	0	0	0	0	0	0	32	6	0	3	6	146	113	0	0	0	45	[]	0	1
45	123456894	2	2	1	172	0	0	0	0	0	0	0	0	0	0	0	0	0	32	6	0	3	6	146	113	0	0	0	46	[]	0	1
46	123456894	2	2	1	172	0	0	0	0	0	0	0	0	0	0	0	0	0	33	6	0	3	6	146	113	0	0	0	46	[]	0	1
47	123456894	2	2	1	172	0	0	0	0	0	0	0	0	0	0	0	0	0	33	6	0	3	6	146	113	0	0	0	46	[]	0	1
48	123456894	2	2	1	172	0	0	0	0	0	0	0	0	0	0	0	0	0	34	6	0	3	6	146	113	0	0	0	46	[]	0	1
49	123456894	2	1	1	173	0	0	0	0	0	0	0	0	0	0	0	0	0	37	6	0	3	6	146	113	0	0	0	46	[]	0	1
50	123456894	2	0	1	174	0	0	0	0	0	0	0	0	0	0	0	0	0	37	6	0	3	6	146	113	0	0	0	46	[]	0	0
51	123456894	2	0	1	174	0	0	0	0	0	0	0	0	0	0	0	0	0	37	6	0	3	6	146	113	0	0	0	46	[]	0	0
52	123456894	2	0	0	175	0	0	0	0	0	0	0	0	0	0	0	0	0	38	6	0	3	6	146	113	0	0	0	46	[]	0	0
53	123456894	2	0	0	175	0	0	0	0	0	0	0	0	0	0	0	0	0	38	6	0	3	6	146	113	0	0	0	46	[]	0	0
54	123456894	2	0	0	175	0	0	0	0	0	0	0	0	0	0	0	0	0	38	6	0	3	6	146	113	0	0	0	46	[]	0	0
55	123456894	2	0	0	175	0	0	0	0	0	0	0	0	0	0	0	0	0	38	6	0	3	6	146	113	0	0	0	46	[]	0	0
56	123456894	2	0	0	175	0	0	0	0	0	0	0	0	0	0	0	0	0	38	6	0	3	6	146	113	0	0	0	46	[]	0	0
57	123456894	2	0	0	175	0	0	0	0	0	0	0	0	0	0	0	0	0	39	6	0	3	6	146	113	0	0	0	46	[]	0	0
58	123456894	2	0	0	175	0	0	0	0	0	0	0	0	0	0	0	0	0	39	6	0	3	6	146	113	0	0	0	46	[]	0	0
59	123456894	2	0	0	175	0	0	0	0	0	0	0	0	0	0	0	0	0	39	6	0	3	6	146	113	0	0	0	46	[]	0	0
60	123456894	2	0	0	175	0	0	0	0	0	0	0	0	0	0	0	0	0	39	6	0	3	6	146	113	0	0	0	46	[]	0	0
