day	seedRun	susceptible	exposed	infected	removed	susceptible-in-quarantine	exposed-in-quarantine	infected-in-quarantine	removed-in-quarantine	susceptible-in-quarantine-external-1	exposed-in-quarantine-external-1	infected-in-quarantine-external-1	removed-in-quarantine-external-1	susceptible-in-quarantine-external-2	exposed-in-quarantine-external-2	infected-in-quarantine-external-2	removed-in-quarantine-external-2	num-of-screened-agents	num-of-screened-agents-external-1	num-of-screened-agents-external-2	num-of-positive-agents	num-of-positive-agents-external-1	num-of-positive-agents-external-2	num-vaccinated	num-immunized	num-immunized-in-quarantine	num-immunized-in-quarantine-external-1	num-immunized-in-quarantine-external-2	num-infected-outside	classroom-in-quarantine	num-of-classroom-in-quarantine	classroom-with-at-least-one-infected
0	123456898	242	0	0	0	0	0	0	0	0	0	0	0	0	0	0	0	0	0	0	0	0	0	74	48	0	0	0	0	[]	0	0
1	123456898	242	0	0	0	0	0	0	0	0	0	0	0	0	0	0	0	0	2	0	0	0	0	74	48	0	0	0	0	[]	0	0
2	123456898	242	0	0	0	0	0	0	0	0	0	0	0	0	0	0	0	0	2	0	0	0	0	74	48	0	0	0	0	[]	0	0
3	123456898	241	1	0	0	0	0	0	0	0	0	0	0	0	0	0	0	0	5	0	0	0	0	74	48	0	0	0	1	[]	0	0
4	123456898	233	8	1	0	0	0	0	0	0	0	0	0	0	0	0	0	0	8	0	0	0	0	74	48	0	0	0	1	[]	0	1
5	123456898	228	13	1	0	0	0	0	0	0	0	0	0	0	0	0	0	0	9	0	0	0	0	74	48	0	0	0	1	[]	0	1
6	123456898	227	8	7	0	0	0	0	0	0	0	0	0	0	0	0	0	0	14	0	0	1	0	74	48	0	0	0	2	[]	0	1
7	123456898	226	6	10	0	0	0	0	0	0	0	0	0	0	0	0	0	0	17	0	0	1	0	74	48	0	0	0	3	[]	0	2
8	123456898	213	17	10	2	0	0	0	0	0	0	0	0	0	0	0	0	0	18	0	0	1	0	74	48	0	0	0	3	[]	0	2
9	123456898	201	25	13	3	0	0	0	0	0	0	0	0	0	0	0	0	0	19	0	0	1	0	74	48	0	0	0	3	[]	0	2
10	123456898	177	41	17	7	0	0	0	0	0	0	0	0	0	0	0	0	0	21	0	0	1	0	74	48	0	0	0	4	[]	0	2
11	123456898	129	77	29	7	0	0	0	0	0	0	0	0	0	0	0	0	0	21	1	0	1	1	74	48	0	0	0	5	[]	0	7
12	123456898	66	114	51	11	0	0	0	0	0	0	0	0	0	0	0	0	0	25	1	0	2	1	74	48	0	0	0	5	[]	0	10
13	123456898	66	79	77	20	0	0	0	0	0	0	0	0	0	0	0	0	0	25	2	0	2	2	74	48	0	0	0	5	[]	0	11
14	123456898	66	59	83	34	0	0	0	0	0	0	0	0	0	0	0	0	0	27	6	0	2	6	74	48	0	0	0	5	[]	0	10
15	123456898	39	74	85	44	0	0	0	0	0	0	0	0	0	0	0	0	0	28	8	0	2	8	74	48	0	0	0	5	[]	0	10
16	123456898	29	63	97	53	0	0	0	0	0	0	0	0	0	0	0	0	0	28	8	0	2	8	74	48	0	0	0	5	[]	0	11
17	123456898	12	58	106	66	0	0	0	0	0	0	0	0	0	0	0	0	0	29	14	0	2	14	74	48	0	0	0	5	[]	0	12
18	123456898	4	47	114	77	0	0	0	0	0	0	0	0	0	0	0	0	0	30	16	0	2	16	74	48	0	0	0	5	[]	0	12
19	123456898	1	33	114	94	0	0	0	0	0	0	0	0	0	0	0	0	0	31	17	0	2	17	74	48	0	0	0	5	[]	0	12
20	123456898	1	21	112	108	0	0	0	0	0	0	0	0	0	0	0	0	0	33	19	0	2	19	74	48	0	0	0	5	[]	0	12
21	123456898	1	19	104	118	0	0	0	0	0	0	0	0	0	0	0	0	0	33	22	0	2	22	74	48	0	0	0	5	[]	0	12
22	123456898	0	15	98	129	0	0	0	0	0	0	0	0	0	0	0	0	0	37	23	0	3	23	74	48	0	0	0	5	[]	0	12
23	123456898	0	10	87	145	0	0	0	0	0	0	0	0	0	0	0	0	0	42	24	0	5	24	74	48	0	0	0	5	[]	0	12
24	123456898	0	7	82	153	0	0	0	0	0	0	0	0	0	0	0	0	0	43	25	0	6	25	74	48	0	0	0	5	[]	0	12
25	123456898	0	3	70	169	0	0	0	0	0	0	0	0	0	0	0	0	0	44	27	0	7	27	74	48	0	0	0	5	[]	0	12
26	123456898	0	3	58	181	0	0	0	0	0	0	0	0	0	0	0	0	0	48	30	0	7	30	74	48	0	0	0	5	[]	0	12
27	123456898	0	3	52	187	0	0	0	0	0	0	0	0	0	0	0	0	0	49	32	0	7	32	74	48	0	0	0	5	[]	0	12
28	123456898	0	1	47	194	0	0	0	0	0	0	0	0	0	0	0	0	0	52	32	0	8	32	74	48	0	0	0	5	[]	0	11
29	123456898	0	1	39	202	0	0	0	0	0	0	0	0	0	0	0	0	0	52	32	0	8	32	74	48	0	0	0	5	[]	0	10
30	123456898	0	1	34	207	0	0	0	0	0	0	0	0	0	0	0	0	0	54	32	0	8	32	74	48	0	0	0	5	[]	0	9
31	123456898	0	0	28	214	0	0	0	0	0	0	0	0	0	0	0	0	0	56	34	0	8	34	74	48	0	0	0	5	[]	0	9
32	123456898	0	0	24	218	0	0	0	0	0	0	0	0	0	0	0	0	0	56	34	0	8	34	74	48	0	0	0	5	[]	0	9
33	123456898	0	0	19	223	0	0	0	0	0	0	0	0	0	0	0	0	0	58	34	0	8	34	74	48	0	0	0	5	[]	0	7
34	123456898	0	0	14	228	0	0	0	0	0	0	0	0	0	0	0	0	0	62	36	0	9	36	74	48	0	0	0	5	[]	0	6
35	123456898	0	0	14	228	0	0	0	0	0	0	0	0	0	0	0	0	0	63	36	0	9	36	74	48	0	0	0	5	[]	0	6
36	123456898	0	0	10	232	0	0	0	0	0	0	0	0	0	0	0	0	0	64	36	0	9	36	74	48	0	0	0	5	[]	0	6
37	123456898	0	0	9	233	0	0	0	0	0	0	0	0	0	0	0	0	0	68	36	0	9	36	74	48	0	0	0	5	[]	0	6
38	123456898	0	0	8	234	0	0	0	0	0	0	0	0	0	0	0	0	0	70	36	0	9	36	74	48	0	0	0	5	[]	0	6
39	123456898	0	0	4	238	0	0	0	0	0	0	0	0	0	0	0	0	0	71	36	0	9	36	74	48	0	0	0	5	[]	0	3
40	123456898	0	0	2	240	0	0	0	0	0	0	0	0	0	0	0	0	0	72	36	0	9	36	74	48	0	0	0	5	[]	0	2
41	123456898	0	0	2	240	0	0	0	0	0	0	0	0	0	0	0	0	0	73	36	0	9	36	74	48	0	0	0	5	[]	0	2
42	123456898	0	0	1	241	0	0	0	0	0	0	0	0	0	0	0	0	0	75	36	0	9	36	74	48	0	0	0	5	[]	0	1
43	123456898	0	0	1	241	0	0	0	0	0	0	0	0	0	0	0	0	0	77	36	0	9	36	74	48	0	0	0	5	[]	0	1
44	123456898	0	0	1	241	0	0	0	0	0	0	0	0	0	0	0	0	0	79	36	0	9	36	74	48	0	0	0	5	[]	0	1
45	123456898	0	0	1	241	0	0	0	0	0	0	0	0	0	0	0	0	0	79	36	0	9	36	74	48	0	0	0	5	[]	0	1
46	123456898	0	0	1	241	0	0	0	0	0	0	0	0	0	0	0	0	0	81	36	0	9	36	74	48	0	0	0	5	[]	0	1
47	123456898	0	0	1	241	0	0	0	0	0	0	0	0	0	0	0	0	0	82	36	0	9	36	74	48	0	0	0	5	[]	0	1
48	123456898	0	0	1	241	0	0	0	0	0	0	0	0	0	0	0	0	0	83	36	0	9	36	74	48	0	0	0	5	[]	0	1
49	123456898	0	0	1	241	0	0	0	0	0	0	0	0	0	0	0	0	0	85	36	0	9	36	74	48	0	0	0	5	[]	0	1
50	123456898	0	0	1	241	0	0	0	0	0	0	0	0	0	0	0	0	0	87	36	0	9	36	74	48	0	0	0	5	[]	0	1
51	123456898	0	0	1	241	0	0	0	0	0	0	0	0	0	0	0	0	0	91	36	0	9	36	74	48	0	0	0	5	[]	0	1
52	123456898	0	0	1	241	0	0	0	0	0	0	0	0	0	0	0	0	0	93	36	0	9	36	74	48	0	0	0	5	[]	0	1
53	123456898	0	0	0	242	0	0	0	0	0	0	0	0	0	0	0	0	0	96	36	0	9	36	74	48	0	0	0	5	[]	0	0
54	123456898	0	0	0	242	0	0	0	0	0	0	0	0	0	0	0	0	0	99	36	0	9	36	74	48	0	0	0	5	[]	0	0
55	123456898	0	0	0	242	0	0	0	0	0	0	0	0	0	0	0	0	0	101	36	0	9	36	74	48	0	0	0	5	[]	0	0
56	123456898	0	0	0	242	0	0	0	0	0	0	0	0	0	0	0	0	0	102	36	0	9	36	74	48	0	0	0	5	[]	0	0
57	123456898	0	0	0	242	0	0	0	0	0	0	0	0	0	0	0	0	0	104	36	0	9	36	74	48	0	0	0	5	[]	0	0
58	123456898	0	0	0	242	0	0	0	0	0	0	0	0	0	0	0	0	0	109	36	0	9	36	74	48	0	0	0	5	[]	0	0
59	123456898	0	0	0	242	0	0	0	0	0	0	0	0	0	0	0	0	0	114	36	0	9	36	74	48	0	0	0	5	[]	0	0
60	123456898	0	0	0	242	0	0	0	0	0	0	0	0	0	0	0	0	0	118	36	0	9	36	74	48	0	0	0	5	[]	0	0
