day	seedRun	susceptible	exposed	infected	removed	susceptible-in-quarantine	exposed-in-quarantine	infected-in-quarantine	removed-in-quarantine	susceptible-in-quarantine-external-1	exposed-in-quarantine-external-1	infected-in-quarantine-external-1	removed-in-quarantine-external-1	susceptible-in-quarantine-external-2	exposed-in-quarantine-external-2	infected-in-quarantine-external-2	removed-in-quarantine-external-2	num-of-screened-agents	num-of-screened-agents-external-1	num-of-screened-agents-external-2	num-of-positive-agents	num-of-positive-agents-external-1	num-of-positive-agents-external-2	num-vaccinated	num-immunized	num-immunized-in-quarantine	num-immunized-in-quarantine-external-1	num-immunized-in-quarantine-external-2	num-infected-outside	classroom-in-quarantine	num-of-classroom-in-quarantine	classroom-with-at-least-one-infected
0	123457064	239	0	0	0	0	0	0	0	0	0	0	0	0	0	0	0	0	0	0	0	0	0	74	51	0	0	0	0	[]	0	0
1	123457064	239	0	0	0	0	0	0	0	0	0	0	0	0	0	0	0	0	2	0	0	0	0	74	51	0	0	0	0	[]	0	0
2	123457064	239	0	0	0	0	0	0	0	0	0	0	0	0	0	0	0	0	6	0	0	0	0	74	51	0	0	0	0	[]	0	0
3	123457064	239	0	0	0	0	0	0	0	0	0	0	0	0	0	0	0	0	6	0	0	0	0	74	51	0	0	0	0	[]	0	0
4	123457064	239	0	0	0	0	0	0	0	0	0	0	0	0	0	0	0	0	6	0	0	0	0	74	51	0	0	0	0	[]	0	0
5	123457064	238	1	0	0	0	0	0	0	0	0	0	0	0	0	0	0	0	8	0	0	0	0	74	51	0	0	0	1	[]	0	0
6	123457064	237	2	0	0	0	0	0	0	0	0	0	0	0	0	0	0	0	11	0	0	0	0	74	51	0	0	0	2	[]	0	0
7	123457064	237	1	1	0	0	0	0	0	0	0	0	0	0	0	0	0	0	13	0	0	0	0	74	51	0	0	0	2	[]	0	1
8	123457064	218	19	2	0	0	0	0	0	0	0	0	0	0	0	0	0	0	13	0	0	0	0	74	51	0	0	0	2	[]	0	2
9	123457064	208	28	3	0	0	0	0	0	0	0	0	0	0	0	0	0	0	15	1	0	0	1	74	51	0	0	0	2	[]	0	2
10	123457064	197	31	10	1	0	0	0	0	0	0	0	0	0	0	0	0	0	15	2	0	0	2	74	51	0	0	0	3	[]	0	2
11	123457064	186	28	23	2	0	0	0	0	0	0	0	0	0	0	0	0	0	15	2	0	0	2	74	51	0	0	0	3	[]	0	3
12	123457064	175	35	23	6	0	0	0	0	0	0	0	0	0	0	0	0	0	16	2	0	0	2	74	51	0	0	0	3	[]	0	3
13	123457064	175	24	34	6	0	0	0	0	0	0	0	0	0	0	0	0	0	19	3	0	1	3	74	51	0	0	0	3	[]	0	6
14	123457064	175	21	32	11	0	0	0	0	0	0	0	0	0	0	0	0	0	20	4	0	1	4	74	51	0	0	0	3	[]	0	6
15	123457064	144	48	32	15	0	0	0	0	0	0	0	0	0	0	0	0	0	24	6	0	1	6	74	51	0	0	0	3	[]	0	6
16	123457064	89	88	43	19	0	0	0	0	0	0	0	0	0	0	0	0	0	26	6	0	1	6	74	51	0	0	0	3	[]	0	10
17	123457064	45	103	62	29	0	0	0	0	0	0	0	0	0	0	0	0	0	26	10	0	1	10	74	51	0	0	0	4	[]	0	10
18	123457064	31	95	76	37	0	0	0	0	0	0	0	0	0	0	0	0	0	28	10	0	2	10	74	51	0	0	0	4	[]	0	10
19	123457064	13	81	92	53	0	0	0	0	0	0	0	0	0	0	0	0	0	29	13	0	2	13	74	51	0	0	0	4	[]	0	12
20	123457064	13	60	105	61	0	0	0	0	0	0	0	0	0	0	0	0	0	33	15	0	3	15	74	51	0	0	0	4	[]	0	12
21	123457064	13	41	112	73	0	0	0	0	0	0	0	0	0	0	0	0	0	36	19	0	3	19	74	51	0	0	0	4	[]	0	12
22	123457064	1	39	104	95	0	0	0	0	0	0	0	0	0	0	0	0	0	38	24	0	5	24	74	51	0	0	0	4	[]	0	12
23	123457064	1	22	109	107	0	0	0	0	0	0	0	0	0	0	0	0	0	42	25	0	8	25	74	51	0	0	0	4	[]	0	12
24	123457064	1	17	99	122	0	0	0	0	0	0	0	0	0	0	0	0	0	42	28	0	8	28	74	51	0	0	0	4	[]	0	12
25	123457064	1	13	93	132	0	0	0	0	0	0	0	0	0	0	0	0	0	43	32	0	9	32	74	51	0	0	0	4	[]	0	12
26	123457064	0	9	86	144	0	0	0	0	0	0	0	0	0	0	0	0	0	45	34	0	9	34	74	51	0	0	0	4	[]	0	12
27	123457064	0	8	74	157	0	0	0	0	0	0	0	0	0	0	0	0	0	47	37	0	10	37	74	51	0	0	0	4	[]	0	11
28	123457064	0	8	61	170	0	0	0	0	0	0	0	0	0	0	0	0	0	48	40	0	10	40	74	51	0	0	0	4	[]	0	11
29	123457064	0	5	58	176	0	0	0	0	0	0	0	0	0	0	0	0	0	49	42	0	11	42	74	51	0	0	0	4	[]	0	11
30	123457064	0	3	52	184	0	0	0	0	0	0	0	0	0	0	0	0	0	52	44	0	12	44	74	51	0	0	0	4	[]	0	11
31	123457064	0	2	48	189	0	0	0	0	0	0	0	0	0	0	0	0	0	54	46	0	12	46	74	51	0	0	0	4	[]	0	11
32	123457064	0	2	41	196	0	0	0	0	0	0	0	0	0	0	0	0	0	55	46	0	12	46	74	51	0	0	0	4	[]	0	11
33	123457064	0	0	42	197	0	0	0	0	0	0	0	0	0	0	0	0	0	56	47	0	12	47	74	51	0	0	0	4	[]	0	10
34	123457064	0	0	39	200	0	0	0	0	0	0	0	0	0	0	0	0	0	59	48	0	12	48	74	51	0	0	0	4	[]	0	10
35	123457064	0	0	36	203	0	0	0	0	0	0	0	0	0	0	0	0	0	60	48	0	13	48	74	51	0	0	0	4	[]	0	10
36	123457064	0	0	28	211	0	0	0	0	0	0	0	0	0	0	0	0	0	63	50	0	13	50	74	51	0	0	0	4	[]	0	10
37	123457064	0	0	24	215	0	0	0	0	0	0	0	0	0	0	0	0	0	66	50	0	13	50	74	51	0	0	0	4	[]	0	10
38	123457064	0	0	18	221	0	0	0	0	0	0	0	0	0	0	0	0	0	68	50	0	13	50	74	51	0	0	0	4	[]	0	9
39	123457064	0	0	16	223	0	0	0	0	0	0	0	0	0	0	0	0	0	70	51	0	13	51	74	51	0	0	0	4	[]	0	9
40	123457064	0	0	13	226	0	0	0	0	0	0	0	0	0	0	0	0	0	70	51	0	13	51	74	51	0	0	0	4	[]	0	8
41	123457064	0	0	12	227	0	0	0	0	0	0	0	0	0	0	0	0	0	70	51	0	13	51	74	51	0	0	0	4	[]	0	7
42	123457064	0	0	9	230	0	0	0	0	0	0	0	0	0	0	0	0	0	73	52	0	13	52	74	51	0	0	0	4	[]	0	6
43	123457064	0	0	8	231	0	0	0	0	0	0	0	0	0	0	0	0	0	75	52	0	13	52	74	51	0	0	0	4	[]	0	5
44	123457064	0	0	7	232	0	0	0	0	0	0	0	0	0	0	0	0	0	76	52	0	13	52	74	51	0	0	0	4	[]	0	5
45	123457064	0	0	7	232	0	0	0	0	0	0	0	0	0	0	0	0	0	77	52	0	13	52	74	51	0	0	0	4	[]	0	5
46	123457064	0	0	6	233	0	0	0	0	0	0	0	0	0	0	0	0	0	77	52	0	13	52	74	51	0	0	0	4	[]	0	4
47	123457064	0	0	6	233	0	0	0	0	0	0	0	0	0	0	0	0	0	77	52	0	13	52	74	51	0	0	0	4	[]	0	4
48	123457064	0	0	6	233	0	0	0	0	0	0	0	0	0	0	0	0	0	80	52	0	13	52	74	51	0	0	0	4	[]	0	4
49	123457064	0	0	6	233	0	0	0	0	0	0	0	0	0	0	0	0	0	83	52	0	13	52	74	51	0	0	0	4	[]	0	4
50	123457064	0	0	4	235	0	0	0	0	0	0	0	0	0	0	0	0	0	84	52	0	13	52	74	51	0	0	0	4	[]	0	2
51	123457064	0	0	3	236	0	0	0	0	0	0	0	0	0	0	0	0	0	84	52	0	13	52	74	51	0	0	0	4	[]	0	1
52	123457064	0	0	3	236	0	0	0	0	0	0	0	0	0	0	0	0	0	84	52	0	13	52	74	51	0	0	0	4	[]	0	1
53	123457064	0	0	3	236	0	0	0	0	0	0	0	0	0	0	0	0	0	85	52	0	13	52	74	51	0	0	0	4	[]	0	1
54	123457064	0	0	3	236	0	0	0	0	0	0	0	0	0	0	0	0	0	87	52	0	13	52	74	51	0	0	0	4	[]	0	1
55	123457064	0	0	3	236	0	0	0	0	0	0	0	0	0	0	0	0	0	88	52	0	13	52	74	51	0	0	0	4	[]	0	1
56	123457064	0	0	3	236	0	0	0	0	0	0	0	0	0	0	0	0	0	89	52	0	13	52	74	51	0	0	0	4	[]	0	1
57	123457064	0	0	2	237	0	0	0	0	0	0	0	0	0	0	0	0	0	91	52	0	13	52	74	51	0	0	0	4	[]	0	1
58	123457064	0	0	2	237	0	0	0	0	0	0	0	0	0	0	0	0	0	92	52	0	13	52	74	51	0	0	0	4	[]	0	1
59	123457064	0	0	2	237	0	0	0	0	0	0	0	0	0	0	0	0	0	94	52	0	13	52	74	51	0	0	0	4	[]	0	1
60	123457064	0	0	2	237	0	0	0	0	0	0	0	0	0	0	0	0	0	94	52	0	13	52	74	51	0	0	0	4	[]	0	1
