day	seedRun	susceptible	exposed	infected	removed	susceptible-in-quarantine	exposed-in-quarantine	infected-in-quarantine	removed-in-quarantine	susceptible-in-quarantine-external-1	exposed-in-quarantine-external-1	infected-in-quarantine-external-1	removed-in-quarantine-external-1	susceptible-in-quarantine-external-2	exposed-in-quarantine-external-2	infected-in-quarantine-external-2	removed-in-quarantine-external-2	num-of-screened-agents	num-of-screened-agents-external-1	num-of-screened-agents-external-2	num-of-positive-agents	num-of-positive-agents-external-1	num-of-positive-agents-external-2	num-vaccinated	num-immunized	num-immunized-in-quarantine	num-immunized-in-quarantine-external-1	num-immunized-in-quarantine-external-2	num-infected-outside	classroom-in-quarantine	num-of-classroom-in-quarantine	classroom-with-at-least-one-infected
0	123457098	240	0	0	0	0	0	0	0	0	0	0	0	0	0	0	0	0	0	0	0	0	0	50	50	0	0	0	0	[]	0	0
1	123457098	240	0	0	0	0	0	0	0	0	0	0	0	0	0	0	0	60	3	0	0	0	0	50	50	0	0	0	0	[]	0	0
2	123457098	239	1	0	0	0	0	0	0	0	0	0	0	0	0	0	0	60	7	0	0	0	0	50	50	0	0	0	1	[]	0	0
3	123457098	238	2	0	0	0	0	0	0	0	0	0	0	0	0	0	0	60	8	0	0	0	0	50	50	0	0	0	2	[]	0	0
4	123457098	237	3	0	0	0	0	0	0	0	0	0	0	0	0	0	0	60	9	0	0	0	0	50	50	0	0	0	3	[]	0	0
5	123457098	237	3	0	0	0	0	0	0	0	0	0	0	0	0	0	0	60	11	0	0	0	0	50	50	0	0	0	3	[]	0	0
6	123457098	237	2	1	0	0	0	0	0	0	0	0	0	0	0	0	0	60	13	0	0	0	0	50	50	0	0	0	3	[]	0	1
7	123457098	237	1	2	0	0	0	0	0	0	0	0	0	0	0	0	0	60	15	0	0	0	0	50	50	0	0	0	3	[]	0	2
8	123457098	217	20	2	0	0	0	1	0	0	0	0	0	0	0	0	0	139	17	0	1	0	0	50	50	0	0	0	3	[]	0	3
9	123457098	202	32	5	0	0	0	1	0	0	0	0	0	0	0	0	0	139	17	0	1	0	0	50	50	0	0	0	3	[]	0	3
10	123457098	197	29	11	2	0	0	1	0	0	0	0	0	0	0	0	0	139	17	0	1	0	0	50	50	0	0	0	3	[]	0	3
11	123457098	187	25	5	2	0	9	8	3	0	0	1	0	0	0	0	0	158	19	0	9	1	0	50	50	0	0	0	3	[2A]	1	3
12	123457098	179	25	11	4	0	6	11	3	0	0	1	0	0	0	0	0	158	21	0	9	1	0	50	50	0	0	0	3	[2A]	1	3
13	123457098	179	18	16	6	0	5	11	4	0	0	1	0	0	0	0	0	177	22	0	9	1	0	50	50	0	0	0	3	[2A]	1	4
14	123457098	177	7	8	7	2	11	20	6	0	0	1	0	0	0	1	0	196	24	1	18	1	1	50	50	0	0	0	3	[2A 3D]	2	4
15	123457098	168	10	1	0	2	12	30	15	0	0	1	0	0	0	1	0	264	27	1	26	1	1	50	50	0	0	0	3	[2A 3D 3C]	3	4
16	123457098	163	15	1	0	2	9	29	19	0	0	1	0	0	0	1	0	264	28	1	26	1	1	50	50	0	0	0	3	[2A 3D 3C]	3	4
17	123457098	158	17	3	1	2	5	27	25	0	0	1	0	0	0	1	0	264	28	1	26	1	1	50	50	0	0	0	3	[2A 3D 3C]	3	4
18	123457098	156	15	7	2	2	3	21	32	0	0	0	1	0	0	1	0	264	29	1	26	1	1	50	50	0	0	0	3	[2A 3D 3C]	3	4
19	123457098	156	12	7	4	2	2	21	33	0	0	0	1	0	0	2	0	283	31	2	26	1	2	50	50	0	0	0	3	[2A 3D 3C]	3	5
20	123457098	156	8	10	5	2	2	17	37	0	0	0	1	0	0	2	0	283	32	2	26	1	2	50	50	0	0	0	3	[2A 3D 3C]	3	5
21	123457098	156	5	11	27	2	0	9	28	0	0	0	0	0	0	2	0	283	34	2	26	1	2	50	50	0	0	0	3	[3D 3C]	2	5
22	123457098	151	6	1	20	2	1	19	38	0	0	0	0	0	0	2	0	369	36	2	36	1	2	50	50	0	0	0	4	[3D 3C 2C]	3	5
23	123457098	139	17	2	20	2	1	15	42	0	0	0	0	0	0	1	1	369	36	2	36	1	2	50	50	0	0	0	4	[3D 3C 2C]	3	5
24	123457098	132	20	8	38	0	1	8	32	0	0	0	0	0	0	1	0	387	37	2	36	1	2	50	50	0	0	0	4	[3C 2C]	2	5
25	123457098	123	23	13	59	0	1	5	15	0	0	0	0	0	0	1	0	387	37	2	36	1	2	50	50	0	0	0	4	[2C]	1	4
26	123457098	119	22	17	60	0	0	6	15	0	0	0	0	0	0	1	0	387	38	2	36	1	2	50	50	0	0	0	4	[2C]	1	4
27	123457098	119	12	23	64	0	0	5	16	0	0	0	0	0	0	1	0	387	40	2	36	1	2	50	50	0	0	0	4	[2C]	1	4
28	123457098	119	8	23	68	0	0	4	17	0	0	0	0	0	0	1	0	387	41	2	36	1	2	50	50	0	0	0	4	[2C]	1	4
29	123457098	111	8	1	59	0	4	25	32	0	0	0	0	0	0	0	0	473	42	2	57	1	2	50	50	0	0	0	4	[2C 2D 3A]	3	4
30	123457098	102	13	5	59	0	4	20	37	0	0	0	0	0	0	0	0	473	43	2	57	1	2	50	50	0	0	0	4	[2C 2D 3A]	3	4
31	123457098	101	11	8	59	0	3	20	38	0	0	0	0	0	0	0	0	473	44	2	57	1	2	50	50	0	0	0	5	[2C 2D 3A]	3	4
32	123457098	100	9	9	82	0	2	17	21	0	0	0	0	0	0	0	0	473	46	2	57	1	2	50	50	0	0	0	5	[2D 3A]	2	3
33	123457098	100	2	0	78	0	7	21	31	0	0	0	0	0	0	1	0	492	46	3	65	1	3	50	50	0	0	0	5	[2D 3A 2B]	3	3
34	123457098	100	1	1	78	0	6	19	34	0	0	0	0	0	0	1	0	492	47	3	65	1	3	50	50	0	0	0	5	[2D 3A 2B]	3	4
35	123457098	100	0	2	78	0	4	18	37	0	0	0	0	0	0	1	0	492	50	3	65	1	3	50	50	0	0	0	5	[2D 3A 2B]	3	5
36	123457098	80	20	2	78	0	2	19	38	0	0	0	0	0	0	1	0	537	56	3	65	1	3	50	50	0	0	0	5	[2D 3A 2B]	3	5
37	123457098	75	22	3	80	0	0	19	40	0	0	0	0	0	0	1	0	537	58	3	65	1	3	50	50	0	0	0	5	[2D 3A 2B]	3	4
38	123457098	64	26	10	80	0	0	15	44	0	0	0	0	0	0	0	1	537	58	3	65	1	3	50	50	0	0	0	5	[2D 3A 2B]	3	5
39	123457098	62	10	8	120	0	10	14	14	0	0	0	0	0	0	1	1	556	59	4	72	1	4	50	50	0	0	0	5	[2B 3B]	2	3
40	123457098	61	9	10	120	0	8	16	14	0	0	0	0	0	0	1	1	556	59	4	72	1	4	50	50	0	0	0	6	[2B 3B]	2	3
41	123457098	61	5	11	123	0	7	14	17	0	0	0	0	0	0	1	1	556	60	4	72	1	4	50	50	0	0	0	6	[2B 3B]	2	3
42	123457098	61	2	13	124	0	6	13	19	0	0	0	0	0	0	1	1	556	60	4	72	1	4	50	50	0	0	0	6	[2B 3B]	2	3
43	123457098	61	1	0	138	0	5	20	13	0	0	0	0	0	0	2	0	625	61	5	83	1	5	50	50	0	0	0	6	[3B 1C]	2	2
44	123457098	61	1	0	138	0	5	18	15	0	0	0	0	0	0	1	1	625	61	5	83	1	5	50	50	0	0	0	6	[3B 1C]	2	2
45	123457098	52	9	1	138	0	2	19	17	0	0	0	0	0	0	1	1	625	62	5	83	1	5	50	50	0	0	0	6	[3B 1C]	2	3
46	123457098	43	16	3	138	0	2	17	19	0	0	0	0	0	0	1	1	625	66	5	83	1	5	50	50	0	0	0	6	[3B 1C]	2	3
47	123457098	42	14	5	139	0	1	15	22	0	0	0	0	0	0	1	1	625	67	5	83	1	5	50	50	0	0	0	6	[3B 1C]	2	3
48	123457098	42	12	7	139	0	0	16	22	0	0	0	0	0	0	1	1	625	69	5	83	1	5	50	50	0	0	0	6	[3B 1C]	2	3
49	123457098	42	8	9	161	0	0	3	16	0	0	0	0	0	0	1	0	625	70	5	83	1	5	50	50	0	0	0	6	[1C]	1	2
50	123457098	42	0	0	158	0	5	13	21	0	0	0	0	0	0	1	0	699	71	5	93	1	5	50	50	0	0	0	6	[1C 1D]	2	2
51	123457098	42	0	0	158	0	5	13	21	0	0	0	0	0	0	1	0	699	72	5	93	1	5	50	50	0	0	0	6	[1C 1D]	2	2
52	123457098	42	0	0	158	0	2	15	22	0	0	0	0	0	0	0	1	699	74	5	93	1	5	50	50	0	0	0	6	[1C 1D]	2	2
53	123457098	42	0	0	178	0	2	11	7	0	0	0	0	0	0	0	0	699	76	5	93	1	5	50	50	0	0	0	6	[1D]	1	1
54	123457098	42	0	0	178	0	2	8	10	0	0	0	0	0	0	0	0	699	77	5	93	1	5	50	50	0	0	0	6	[1D]	1	1
55	123457098	42	0	0	178	0	1	7	12	0	0	0	0	0	0	0	0	699	79	5	93	1	5	50	50	0	0	0	6	[1D]	1	1
56	123457098	42	0	0	178	0	0	6	14	0	0	0	0	0	0	0	0	699	82	5	93	1	5	50	50	0	0	0	6	[1D]	1	1
57	123457098	41	1	0	178	0	0	4	16	0	0	0	0	0	0	0	0	754	83	5	93	1	5	50	50	0	0	0	7	[1D]	1	1
58	123457098	34	7	1	178	0	0	4	16	0	0	0	0	0	0	0	0	754	84	5	93	1	5	50	50	0	0	0	7	[1D]	1	2
59	123457098	23	15	4	178	0	0	3	17	0	0	0	0	0	0	0	0	754	85	5	93	1	5	50	50	0	0	0	7	[1D]	1	2
60	123457098	22	12	8	198	0	0	0	0	0	0	0	0	0	0	0	0	754	87	5	93	1	5	50	50	0	0	0	7	[]	0	1
