day	seedRun	susceptible	exposed	infected	removed	susceptible-in-quarantine	exposed-in-quarantine	infected-in-quarantine	removed-in-quarantine	susceptible-in-quarantine-external-1	exposed-in-quarantine-external-1	infected-in-quarantine-external-1	removed-in-quarantine-external-1	susceptible-in-quarantine-external-2	exposed-in-quarantine-external-2	infected-in-quarantine-external-2	removed-in-quarantine-external-2	num-of-screened-agents	num-of-screened-agents-external-1	num-of-screened-agents-external-2	num-of-positive-agents	num-of-positive-agents-external-1	num-of-positive-agents-external-2	num-vaccinated	num-immunized	num-immunized-in-quarantine	num-immunized-in-quarantine-external-1	num-immunized-in-quarantine-external-2	num-infected-outside	classroom-in-quarantine	num-of-classroom-in-quarantine	classroom-with-at-least-one-infected
0	123456805	240	0	0	0	0	0	0	0	0	0	0	0	0	0	0	0	0	0	0	0	0	0	50	50	0	0	0	0	[]	0	0
1	123456805	239	1	0	0	0	0	0	0	0	0	0	0	0	0	0	0	60	0	0	0	0	0	50	50	0	0	0	1	[]	0	0
2	123456805	232	7	1	0	0	0	0	0	0	0	0	0	0	0	0	0	60	1	0	0	0	0	50	50	0	0	0	1	[]	0	1
3	123456805	232	7	0	1	0	0	0	0	0	0	0	0	0	0	0	0	60	5	0	0	0	0	50	50	0	0	0	1	[]	0	0
4	123456805	223	13	3	1	0	0	0	0	0	0	0	0	0	0	0	0	60	10	0	0	0	0	50	50	0	0	0	1	[]	0	1
5	123456805	219	13	6	2	0	0	0	0	0	0	0	0	0	0	0	0	60	12	0	0	0	0	50	50	0	0	0	1	[]	0	1
6	123456805	219	12	6	3	0	0	0	0	0	0	0	0	0	0	0	0	60	14	0	0	0	0	50	50	0	0	0	1	[]	0	1
7	123456805	219	1	0	0	0	11	4	4	0	0	0	0	0	0	1	0	79	19	1	4	0	1	50	50	0	0	0	1	[2D]	1	1
8	123456805	219	1	0	0	0	8	7	4	0	0	0	0	0	0	0	1	134	22	1	4	0	1	50	50	0	0	0	1	[2D]	1	1
9	123456805	219	1	0	0	0	5	10	4	0	0	0	0	0	0	0	1	134	23	1	4	0	1	50	50	0	0	0	1	[2D]	1	1
10	123456805	219	1	0	0	0	3	11	5	0	0	0	0	0	0	0	1	134	23	1	4	0	1	50	50	0	0	0	1	[2D]	1	1
11	123456805	219	1	0	0	0	3	7	9	0	0	0	0	0	0	0	1	134	25	1	4	0	1	50	50	0	0	0	1	[2D]	1	1
12	123456805	218	2	0	0	0	1	8	10	0	0	0	0	0	0	0	1	134	27	1	4	0	1	50	50	0	0	0	2	[2D]	1	1
13	123456805	218	2	0	0	0	1	7	11	0	0	0	0	0	0	0	1	134	29	1	4	0	1	50	50	0	0	0	2	[2D]	1	1
14	123456805	218	2	0	0	0	0	8	11	0	0	0	0	0	0	0	1	134	29	1	4	0	1	50	50	0	0	0	2	[2D]	1	1
15	123456805	218	2	0	0	0	0	8	11	0	0	0	0	0	0	0	1	189	32	1	4	0	1	50	50	0	0	0	2	[2D]	1	1
16	123456805	202	16	2	0	0	0	7	12	0	0	0	0	0	0	0	1	189	32	1	4	0	1	50	50	0	0	0	2	[2D]	1	3
17	123456805	179	34	7	20	0	0	0	0	0	0	0	0	0	0	0	0	189	35	1	4	0	1	50	50	0	0	0	2	[]	0	3
18	123456805	160	44	15	21	0	0	0	0	0	0	0	0	0	0	0	0	189	36	1	4	0	1	50	50	0	0	0	2	[]	0	3
19	123456805	156	40	16	24	0	0	3	0	0	0	1	0	0	0	0	0	208	40	1	7	1	1	50	50	0	0	0	3	[]	0	3
20	123456805	154	19	21	26	0	0	3	0	0	0	1	0	2	9	4	1	208	40	2	7	1	2	50	50	0	0	0	3	[1B]	1	6
21	123456805	154	12	26	28	0	0	3	0	0	0	0	1	2	7	6	1	208	42	2	7	1	2	50	50	0	0	0	3	[1B]	1	7
22	123456805	147	8	1	21	0	8	25	12	0	0	1	1	2	6	6	2	352	48	2	30	2	2	50	50	0	0	0	4	[1B 2A 1A]	3	7
23	123456805	127	26	3	21	0	6	24	15	0	0	0	2	2	5	6	3	352	49	2	30	2	2	50	50	0	0	0	4	[1B 2A 1A]	3	7
24	123456805	117	28	10	22	0	2	25	18	0	0	0	2	2	4	7	3	352	50	2	30	2	2	50	50	0	0	0	4	[1B 2A 1A]	3	7
25	123456805	105	33	13	26	0	0	23	22	0	0	0	2	2	2	8	4	352	52	2	30	2	2	50	50	0	0	0	4	[1B 2A 1A]	3	8
26	123456805	94	26	11	25	0	12	22	30	0	0	1	2	2	1	9	5	389	53	3	34	3	3	50	50	0	0	0	4	[1B 2A 1A 1D]	4	8
27	123456805	94	13	7	21	0	13	33	38	0	0	1	2	2	1	9	6	446	53	4	43	3	4	50	50	0	0	0	4	[1B 2A 1A 1D 2B]	5	8
28	123456805	93	8	13	21	0	10	31	43	0	0	1	2	2	0	10	6	446	54	4	43	3	4	50	50	0	0	0	5	[1B 2A 1A 1D 2B]	5	9
29	123456805	76	0	0	23	17	13	42	47	0	0	0	3	2	0	10	7	507	55	5	55	3	5	50	50	0	0	0	5	[1B 2A 1A 1D 2B 3B 3A]	7	8
30	123456805	78	0	0	41	17	10	37	52	0	0	0	2	0	0	1	2	507	55	5	55	3	5	50	50	0	0	0	5	[2A 1A 1D 2B 3B 3A]	6	7
31	123456805	78	0	0	41	17	5	36	58	0	0	0	2	0	0	1	2	507	55	5	55	3	5	50	50	0	0	0	5	[2A 1A 1D 2B 3B 3A]	6	7
32	123456805	78	0	0	82	17	2	26	31	0	0	0	1	0	0	1	2	507	57	5	55	3	5	50	50	0	0	0	5	[1D 2B 3B 3A]	4	4
33	123456805	78	0	0	82	17	2	22	35	0	0	0	1	0	0	0	3	507	58	5	55	3	5	50	50	0	0	0	5	[1D 2B 3B 3A]	4	4
34	123456805	77	1	0	82	17	1	20	38	0	0	0	1	0	0	0	3	507	59	5	55	3	5	50	50	0	0	0	6	[1D 2B 3B 3A]	4	4
35	123456805	77	0	1	82	17	1	17	41	0	0	0	1	0	0	0	3	507	59	5	55	3	5	50	50	0	0	0	6	[1D 2B 3B 3A]	4	5
36	123456805	73	4	1	102	17	0	13	27	0	0	0	1	0	0	0	2	552	60	5	55	3	5	50	50	0	0	0	6	[2B 3B 3A]	3	4
37	123456805	61	13	4	122	17	0	7	14	0	0	0	1	0	0	0	1	552	63	5	55	3	5	50	50	0	0	0	6	[3B 3A]	2	3
38	123456805	58	10	9	123	17	0	5	16	0	0	0	1	0	0	0	1	552	64	5	55	3	5	50	50	0	0	0	6	[3B 3A]	2	3
39	123456805	74	10	8	148	0	0	0	0	0	0	0	0	0	0	0	0	552	69	5	55	3	5	50	50	0	0	0	6	[]	0	1
40	123456805	73	9	7	151	0	0	0	0	0	0	0	0	0	0	0	0	552	71	5	55	3	5	50	50	0	0	0	6	[]	0	2
41	123456805	73	6	9	152	0	0	0	0	0	0	0	0	0	0	0	0	552	72	5	55	3	5	50	50	0	0	0	6	[]	0	2
42	123456805	73	0	2	145	0	3	8	8	0	0	1	0	0	0	0	0	571	74	5	63	4	5	50	50	0	0	0	6	[1C]	1	2
43	123456805	73	0	0	145	0	1	11	9	0	0	1	0	0	0	0	0	644	74	5	65	4	5	50	50	0	0	0	6	[1C]	1	2
44	123456805	73	0	0	145	0	0	10	11	0	0	1	0	0	0	0	0	644	76	5	65	4	5	50	50	0	0	0	6	[1C]	1	2
45	123456805	73	0	0	145	0	0	10	11	0	0	1	0	0	0	0	0	644	77	5	65	4	5	50	50	0	0	0	6	[1C]	1	2
46	123456805	73	0	0	145	0	0	9	12	0	0	1	0	0	0	0	0	644	77	5	65	4	5	50	50	0	0	0	6	[1C]	1	2
47	123456805	73	0	0	145	0	0	8	13	0	0	1	0	0	0	0	0	644	78	5	65	4	5	50	50	0	0	0	6	[1C]	1	2
48	123456805	73	0	0	145	0	0	7	14	0	0	1	0	0	0	0	0	662	82	5	65	4	5	50	50	0	0	0	6	[1C]	1	2
49	123456805	73	0	0	145	0	0	7	14	0	0	0	1	0	0	0	0	662	82	5	65	4	5	50	50	0	0	0	6	[1C]	1	2
50	123456805	73	0	0	145	0	0	7	14	0	0	0	1	0	0	0	0	715	82	5	65	4	5	50	50	0	0	0	6	[1C]	1	2
51	123456805	73	0	0	145	0	0	6	15	0	0	0	1	0	0	0	0	715	83	5	65	4	5	50	50	0	0	0	6	[1C]	1	2
52	123456805	73	0	0	165	0	0	1	1	0	0	0	0	0	0	0	0	715	86	5	65	4	5	50	50	0	0	0	6	[]	0	1
53	123456805	73	0	0	167	0	0	0	0	0	0	0	0	0	0	0	0	715	88	5	65	4	5	50	50	0	0	0	6	[]	0	0
54	123456805	73	0	0	167	0	0	0	0	0	0	0	0	0	0	0	0	715	88	5	65	4	5	50	50	0	0	0	6	[]	0	0
55	123456805	73	0	0	167	0	0	0	0	0	0	0	0	0	0	0	0	715	88	5	65	4	5	50	50	0	0	0	6	[]	0	0
56	123456805	73	0	0	167	0	0	0	0	0	0	0	0	0	0	0	0	715	89	5	65	4	5	50	50	0	0	0	6	[]	0	0
57	123456805	73	0	0	167	0	0	0	0	0	0	0	0	0	0	0	0	775	93	5	65	4	5	50	50	0	0	0	6	[]	0	0
58	123456805	73	0	0	167	0	0	0	0	0	0	0	0	0	0	0	0	775	95	5	65	4	5	50	50	0	0	0	6	[]	0	0
59	123456805	72	1	0	167	0	0	0	0	0	0	0	0	0	0	0	0	775	96	5	65	4	5	50	50	0	0	0	7	[]	0	0
60	123456805	72	1	0	167	0	0	0	0	0	0	0	0	0	0	0	0	775	97	5	65	4	5	50	50	0	0	0	7	[]	0	0
