day	seedRun	susceptible	exposed	infected	removed	susceptible-in-quarantine	exposed-in-quarantine	infected-in-quarantine	removed-in-quarantine	susceptible-in-quarantine-external-1	exposed-in-quarantine-external-1	infected-in-quarantine-external-1	removed-in-quarantine-external-1	susceptible-in-quarantine-external-2	exposed-in-quarantine-external-2	infected-in-quarantine-external-2	removed-in-quarantine-external-2	num-of-screened-agents	num-of-screened-agents-external-1	num-of-screened-agents-external-2	num-of-positive-agents	num-of-positive-agents-external-1	num-of-positive-agents-external-2	num-vaccinated	num-immunized	num-immunized-in-quarantine	num-immunized-in-quarantine-external-1	num-immunized-in-quarantine-external-2	num-infected-outside	classroom-in-quarantine	num-of-classroom-in-quarantine	classroom-with-at-least-one-infected
0	123457242	240	0	0	0	0	0	0	0	0	0	0	0	0	0	0	0	0	0	0	0	0	0	50	50	0	0	0	0	[]	0	0
1	123457242	240	0	0	0	0	0	0	0	0	0	0	0	0	0	0	0	60	1	0	0	0	0	50	50	0	0	0	0	[]	0	0
2	123457242	240	0	0	0	0	0	0	0	0	0	0	0	0	0	0	0	60	1	0	0	0	0	50	50	0	0	0	0	[]	0	0
3	123457242	240	0	0	0	0	0	0	0	0	0	0	0	0	0	0	0	60	4	0	0	0	0	50	50	0	0	0	0	[]	0	0
4	123457242	239	1	0	0	0	0	0	0	0	0	0	0	0	0	0	0	60	7	0	0	0	0	50	50	0	0	0	1	[]	0	0
5	123457242	239	1	0	0	0	0	0	0	0	0	0	0	0	0	0	0	60	7	0	0	0	0	50	50	0	0	0	1	[]	0	0
6	123457242	239	1	0	0	0	0	0	0	0	0	0	0	0	0	0	0	60	8	0	0	0	0	50	50	0	0	0	1	[]	0	0
7	123457242	239	1	0	0	0	0	0	0	0	0	0	0	0	0	0	0	60	10	0	0	0	0	50	50	0	0	0	1	[]	0	0
8	123457242	238	2	0	0	0	0	0	0	0	0	0	0	0	0	0	0	120	10	0	0	0	0	50	50	0	0	0	2	[]	0	0
9	123457242	238	2	0	0	0	0	0	0	0	0	0	0	0	0	0	0	120	10	0	0	0	0	50	50	0	0	0	2	[]	0	0
10	123457242	232	7	1	0	0	0	0	0	0	0	0	0	0	0	0	0	120	10	0	0	0	0	50	50	0	0	0	2	[]	0	1
11	123457242	217	17	6	0	0	0	0	0	0	0	0	0	0	0	0	0	120	11	0	0	0	0	50	50	0	0	0	4	[]	0	1
12	123457242	208	11	1	0	0	11	6	2	0	0	0	0	0	0	1	0	139	13	1	6	0	1	50	50	0	0	0	4	[1D]	1	2
13	123457242	208	9	3	0	0	9	8	2	0	0	0	0	0	0	1	0	139	14	1	6	0	1	50	50	0	0	0	4	[1D]	1	2
14	123457242	198	2	0	0	10	10	14	4	0	0	0	0	0	0	2	0	158	21	2	10	0	2	50	50	0	0	0	4	[1D 2A]	2	2
15	123457242	198	2	0	0	10	8	12	8	0	0	0	0	0	0	2	0	208	23	2	10	0	2	50	50	0	0	0	4	[1D 2A]	2	2
16	123457242	198	2	0	0	10	6	12	10	0	0	0	0	0	0	2	0	208	24	2	10	0	2	50	50	0	0	0	4	[1D 2A]	2	2
17	123457242	194	5	1	0	10	4	12	12	0	0	0	0	0	0	1	1	208	25	2	10	0	2	50	50	0	0	0	4	[1D 2A]	2	3
18	123457242	189	10	1	0	10	3	11	14	0	0	0	0	0	0	1	1	208	26	2	10	0	2	50	50	0	0	0	4	[1D 2A]	2	3
19	123457242	178	16	6	0	10	1	12	15	0	0	0	0	0	0	1	1	208	28	2	10	0	2	50	50	0	0	0	4	[1D 2A]	2	3
20	123457242	178	14	5	3	10	1	12	15	0	0	0	0	0	0	1	1	208	29	2	10	0	2	50	50	0	0	0	4	[1D 2A]	2	3
21	123457242	178	9	9	4	10	0	12	16	0	0	0	0	0	0	1	1	208	29	2	10	0	2	50	50	0	0	0	4	[1D 2A]	2	4
22	123457242	170	8	1	21	10	5	13	11	0	0	0	0	0	0	0	1	280	30	2	19	0	2	50	50	0	0	0	4	[2A 3D]	2	3
23	123457242	170	6	0	21	10	3	16	12	0	0	0	0	0	0	1	1	299	31	3	21	0	3	50	50	0	0	0	4	[2A 3D]	2	3
24	123457242	168	15	3	31	0	2	12	8	0	0	0	0	0	0	1	0	299	31	3	21	0	3	50	50	0	0	0	4	[3D]	1	2
25	123457242	167	11	7	32	0	1	11	10	0	0	0	0	0	0	1	0	299	35	3	21	0	3	50	50	0	0	0	4	[3D]	1	2
26	123457242	156	19	8	34	0	1	9	12	0	0	0	0	0	0	1	0	299	36	3	21	0	3	50	50	0	0	0	4	[3D]	1	3
27	123457242	156	17	7	34	0	1	11	12	0	0	0	0	0	0	2	0	318	38	4	23	0	4	50	50	0	0	0	4	[3D]	1	3
28	123457242	156	8	2	31	0	7	14	20	0	0	0	0	0	0	2	0	335	40	4	30	0	4	50	50	0	0	0	4	[3D 3B]	2	3
29	123457242	145	3	1	30	8	7	18	25	0	0	1	0	0	0	1	1	404	41	4	32	1	4	50	50	0	0	0	4	[3D 3B 3C]	3	5
30	123457242	141	6	2	30	8	5	19	26	0	0	1	0	0	0	1	1	404	41	4	32	1	4	50	50	0	0	0	4	[3D 3B 3C]	3	5
31	123457242	139	0	0	20	10	7	21	39	0	0	1	0	0	0	2	1	423	43	5	36	1	5	50	50	0	0	0	4	[3D 3B 3C 2A]	4	5
32	123457242	139	0	0	40	10	4	19	24	0	0	1	0	0	0	2	1	423	45	5	36	1	5	50	50	0	0	0	4	[3B 3C 2A]	3	4
33	123457242	139	0	0	40	10	4	17	26	0	0	1	0	0	0	1	2	423	46	5	36	1	5	50	50	0	0	0	4	[3B 3C 2A]	3	4
34	123457242	139	0	0	40	10	3	14	30	0	0	1	0	0	0	1	2	442	51	5	36	1	5	50	50	0	0	0	4	[3B 3C 2A]	3	4
35	123457242	139	0	0	40	10	1	13	33	0	0	1	0	0	0	1	2	442	54	5	36	1	5	50	50	0	0	0	4	[3B 3C 2A]	3	4
36	123457242	139	0	0	40	10	1	13	33	0	0	1	0	0	0	1	2	487	57	5	36	1	5	50	50	0	0	0	4	[3B 3C 2A]	3	4
37	123457242	139	0	0	40	10	0	14	33	0	0	1	0	0	0	0	3	487	59	5	36	1	5	50	50	0	0	0	4	[3B 3C 2A]	3	4
38	123457242	139	0	0	60	10	0	7	21	0	0	1	0	0	0	0	2	487	60	5	36	1	5	50	50	0	0	0	4	[3C 2A]	2	3
39	123457242	146	1	0	73	2	0	3	14	0	0	0	0	0	0	0	1	487	61	5	36	1	5	50	50	0	0	0	5	[2A]	1	1
40	123457242	146	1	0	73	2	0	3	14	0	0	0	0	0	0	0	1	487	62	5	36	1	5	50	50	0	0	0	5	[2A]	1	1
41	123457242	148	0	1	91	0	0	0	0	0	0	0	0	0	0	0	0	487	63	5	36	1	5	50	50	0	0	0	5	[]	0	1
42	123457242	148	0	1	91	0	0	0	0	0	0	0	0	0	0	0	0	487	68	5	36	1	5	50	50	0	0	0	5	[]	0	1
43	123457242	141	7	1	91	0	0	0	0	0	0	0	0	0	0	0	0	547	71	5	36	1	5	50	50	0	0	0	5	[]	0	1
44	123457242	130	16	3	91	0	0	0	0	0	0	0	0	0	0	0	0	547	71	5	36	1	5	50	50	0	0	0	5	[]	0	1
45	123457242	129	13	7	91	0	0	0	0	0	0	0	0	0	0	0	0	547	74	5	36	1	5	50	50	0	0	0	5	[]	0	1
46	123457242	129	10	9	92	0	0	0	0	0	0	0	0	0	0	0	0	547	75	5	36	1	5	50	50	0	0	0	5	[]	0	1
47	123457242	127	12	8	93	0	0	0	0	0	0	0	0	0	0	0	0	547	75	5	36	1	5	50	50	0	0	0	6	[]	0	1
48	123457242	127	2	0	91	0	8	9	2	0	0	0	0	0	0	1	0	566	77	6	45	1	6	50	50	0	0	0	6	[2C]	1	1
49	123457242	127	1	1	91	0	8	9	2	0	0	0	0	0	0	1	0	566	80	6	45	1	6	50	50	0	0	0	6	[2C]	1	2
50	123457242	127	1	0	91	0	6	10	4	0	0	0	0	0	0	1	0	640	81	6	46	1	6	50	50	0	0	0	6	[2C]	1	2
51	123457242	118	9	1	91	0	4	12	4	0	0	0	0	0	0	1	0	640	82	6	46	1	6	50	50	0	0	0	6	[2C]	1	3
52	123457242	108	16	4	91	0	1	14	5	0	0	0	0	0	0	0	1	640	82	6	46	1	6	50	50	0	0	0	6	[2C]	1	3
53	123457242	108	10	9	92	0	1	12	7	0	0	0	0	0	0	0	1	640	83	6	46	1	6	50	50	0	0	0	6	[2C]	1	2
54	123457242	107	6	14	92	0	0	11	9	0	0	0	0	0	0	0	1	640	83	6	46	1	6	50	50	0	0	0	6	[2C]	1	2
55	123457242	107	1	0	91	0	3	22	14	0	0	0	0	0	0	1	1	678	84	7	59	1	7	50	50	0	0	0	6	[2C 3A]	2	2
56	123457242	107	0	1	91	0	2	21	16	0	0	0	0	0	0	1	1	678	85	7	59	1	7	50	50	0	0	0	6	[2C 3A]	2	3
57	123457242	101	6	1	91	0	1	21	17	0	0	0	0	0	0	1	1	727	85	7	59	1	7	50	50	0	0	0	6	[2C 3A]	2	3
58	123457242	90	15	3	111	0	1	13	6	0	0	0	0	0	0	1	0	727	88	7	59	1	7	50	50	0	0	0	6	[3A]	1	2
59	123457242	88	0	0	111	2	9	21	7	0	0	1	0	0	0	0	1	746	91	7	67	2	7	50	50	0	0	0	6	[3A 2B]	2	2
60	123457242	88	0	0	112	2	7	19	10	0	0	0	1	0	0	0	1	746	92	7	67	2	7	50	50	0	0	0	6	[3A 2B]	2	2
