day	seedRun	susceptible	exposed	infected	removed	susceptible-in-quarantine	exposed-in-quarantine	infected-in-quarantine	removed-in-quarantine	susceptible-in-quarantine-external-1	exposed-in-quarantine-external-1	infected-in-quarantine-external-1	removed-in-quarantine-external-1	susceptible-in-quarantine-external-2	exposed-in-quarantine-external-2	infected-in-quarantine-external-2	removed-in-quarantine-external-2	num-of-screened-agents	num-of-screened-agents-external-1	num-of-screened-agents-external-2	num-of-positive-agents	num-of-positive-agents-external-1	num-of-positive-agents-external-2	num-vaccinated	num-immunized	num-immunized-in-quarantine	num-immunized-in-quarantine-external-1	num-immunized-in-quarantine-external-2	num-infected-outside	classroom-in-quarantine	num-of-classroom-in-quarantine	classroom-with-at-least-one-infected
0	123457268	264	0	0	0	0	0	0	0	0	0	0	0	0	0	0	0	0	0	0	0	0	0	50	26	0	0	0	0	[]	0	0
1	123457268	264	0	0	0	0	0	0	0	0	0	0	0	0	0	0	0	0	1	0	0	0	0	50	26	0	0	0	0	[]	0	0
2	123457268	264	0	0	0	0	0	0	0	0	0	0	0	0	0	0	0	0	4	0	0	0	0	50	26	0	0	0	0	[]	0	0
3	123457268	264	0	0	0	0	0	0	0	0	0	0	0	0	0	0	0	0	5	0	0	0	0	50	26	0	0	0	0	[]	0	0
4	123457268	264	0	0	0	0	0	0	0	0	0	0	0	0	0	0	0	0	7	0	0	0	0	50	26	0	0	0	0	[]	0	0
5	123457268	264	0	0	0	0	0	0	0	0	0	0	0	0	0	0	0	0	11	0	0	0	0	50	26	0	0	0	0	[]	0	0
6	123457268	264	0	0	0	0	0	0	0	0	0	0	0	0	0	0	0	0	11	0	0	0	0	50	26	0	0	0	0	[]	0	0
7	123457268	264	0	0	0	0	0	0	0	0	0	0	0	0	0	0	0	0	12	0	0	0	0	50	26	0	0	0	0	[]	0	0
8	123457268	263	1	0	0	0	0	0	0	0	0	0	0	0	0	0	0	0	12	0	0	0	0	50	26	0	0	0	1	[]	0	0
9	123457268	263	1	0	0	0	0	0	0	0	0	0	0	0	0	0	0	0	14	0	0	0	0	50	26	0	0	0	1	[]	0	0
10	123457268	263	1	0	0	0	0	0	0	0	0	0	0	0	0	0	0	0	14	0	0	0	0	50	26	0	0	0	1	[]	0	0
11	123457268	263	1	0	0	0	0	0	0	0	0	0	0	0	0	0	0	0	15	0	0	0	0	50	26	0	0	0	1	[]	0	0
12	123457268	257	6	1	0	0	0	0	0	0	0	0	0	0	0	0	0	0	18	0	0	0	0	50	26	0	0	0	1	[]	0	1
13	123457268	257	3	2	0	0	0	0	0	0	0	0	0	0	0	2	0	0	18	2	0	0	2	50	26	0	0	0	1	[]	0	1
14	123457268	257	3	2	0	0	0	0	0	0	0	0	0	0	0	2	0	0	20	2	0	0	2	50	26	0	0	0	1	[]	0	1
15	123457268	256	4	2	0	0	0	0	0	0	0	0	0	0	0	2	0	0	20	2	0	0	2	50	26	0	0	0	1	[]	0	1
16	123457268	256	3	2	1	0	0	0	0	0	0	0	0	0	0	2	0	0	21	2	0	0	2	50	26	0	0	0	1	[]	0	1
17	123457268	255	4	2	1	0	0	0	0	0	0	0	0	0	0	2	0	0	23	2	0	0	2	50	26	0	0	0	2	[]	0	1
18	123457268	254	4	3	1	0	0	0	0	0	0	0	0	0	0	2	0	0	25	2	0	0	2	50	26	0	0	0	2	[]	0	1
19	123457268	254	3	3	2	0	0	0	0	0	0	0	0	0	0	2	0	0	27	2	0	0	2	50	26	0	0	0	2	[]	0	1
20	123457268	254	0	5	3	0	0	0	0	0	0	0	0	0	0	2	0	0	28	2	0	0	2	50	26	0	0	0	2	[]	0	1
21	123457268	254	0	4	4	0	0	0	0	0	0	0	0	0	0	2	0	0	28	2	0	0	2	50	26	0	0	0	2	[]	0	1
22	123457268	254	0	4	4	0	0	0	0	0	0	0	0	0	0	2	0	0	28	2	0	0	2	50	26	0	0	0	2	[]	0	1
23	123457268	240	14	4	6	0	0	0	0	0	0	0	0	0	0	0	0	0	29	2	0	0	2	50	26	0	0	0	2	[]	0	1
24	123457268	237	14	7	6	0	0	0	0	0	0	0	0	0	0	0	0	0	30	2	0	0	2	50	26	0	0	0	2	[]	0	1
25	123457268	222	26	10	6	0	0	0	0	0	0	0	0	0	0	0	0	0	34	2	0	0	2	50	26	0	0	0	2	[]	0	2
26	123457268	210	32	15	7	0	0	0	0	0	0	0	0	0	0	0	0	0	35	2	0	0	2	50	26	0	0	0	2	[]	0	2
27	123457268	208	29	16	11	0	0	0	0	0	0	0	0	0	0	0	0	0	39	2	0	0	2	50	26	0	0	0	4	[]	0	4
28	123457268	208	18	21	16	0	0	0	0	0	0	0	0	0	0	1	0	0	40	3	0	0	3	50	26	0	0	0	4	[]	0	4
29	123457268	189	34	22	17	0	0	0	0	0	0	0	0	0	0	2	0	0	40	4	0	0	4	50	26	0	0	0	4	[]	0	4
30	123457268	172	40	24	24	0	0	0	0	0	0	0	0	0	0	3	1	0	40	6	0	0	6	50	26	0	0	0	5	[]	0	5
31	123457268	141	56	34	28	0	0	0	0	0	0	0	0	0	0	4	1	0	43	7	0	0	7	50	26	0	0	0	6	[]	0	7
32	123457268	103	82	41	32	0	0	0	0	0	0	0	0	0	0	5	1	0	44	8	0	0	8	50	26	0	0	0	6	[]	0	9
33	123457268	76	97	50	32	0	0	0	0	0	0	0	0	0	0	8	1	0	44	11	0	0	11	50	26	0	0	0	6	[]	0	11
34	123457268	76	72	63	39	0	0	0	0	0	0	2	0	0	0	10	2	0	46	14	0	2	14	50	26	0	0	0	6	[]	0	11
35	123457268	76	48	77	48	0	0	0	0	0	0	2	0	0	0	11	2	0	47	15	0	2	15	50	26	0	0	0	6	[]	0	12
36	123457268	54	61	73	57	0	0	0	0	0	0	2	0	0	0	15	2	0	47	19	0	2	19	50	26	0	0	0	6	[]	0	11
37	123457268	42	58	74	69	0	0	0	0	0	0	2	0	0	0	16	3	0	50	21	0	2	21	50	26	0	0	0	6	[]	0	12
38	123457268	29	53	78	80	0	0	0	0	0	0	3	0	0	0	18	3	0	53	24	0	3	24	50	26	0	0	0	7	[]	0	12
39	123457268	22	44	82	87	0	0	0	0	0	0	4	0	0	0	19	6	0	54	29	0	4	29	50	26	0	0	0	7	[]	0	12
40	123457268	21	29	83	101	0	0	0	0	0	0	5	0	0	0	16	9	0	57	31	0	5	31	50	26	0	0	0	7	[]	0	12
41	123457268	21	23	76	115	0	0	0	0	0	0	5	0	0	0	14	10	0	58	31	0	5	31	50	26	0	0	0	7	[]	0	12
42	123457268	21	18	63	131	0	0	0	0	0	0	4	1	0	0	16	10	0	60	34	0	5	34	50	26	0	0	0	7	[]	0	12
43	123457268	17	18	63	138	0	0	0	0	0	0	3	2	0	0	13	10	0	61	34	0	5	34	50	26	0	0	0	8	[]	0	12
44	123457268	10	23	57	150	0	0	0	0	0	0	1	2	0	0	13	8	0	63	35	0	5	35	50	26	0	0	0	9	[]	0	12
45	123457268	9	19	49	162	0	0	0	0	0	0	3	2	0	0	12	8	0	65	35	0	7	35	50	26	0	0	0	9	[]	0	12
46	123457268	9	12	50	171	0	0	0	0	0	0	3	2	0	0	9	8	0	68	36	0	7	36	50	26	0	0	0	9	[]	0	12
47	123457268	9	5	51	177	0	0	0	0	0	0	4	2	0	0	9	7	0	70	37	0	8	37	50	26	0	0	0	9	[]	0	12
48	123457268	9	3	46	186	0	0	0	0	0	0	4	1	0	0	9	6	0	72	39	0	8	39	50	26	0	0	0	9	[]	0	12
49	123457268	9	2	41	197	0	0	0	0	0	0	2	2	0	0	6	5	0	72	40	0	8	40	50	26	0	0	0	9	[]	0	12
50	123457268	8	3	36	205	0	0	0	0	0	0	2	1	0	0	6	3	0	72	40	0	8	40	50	26	0	0	0	9	[]	0	12
51	123457268	8	2	35	207	0	0	0	0	0	0	1	2	0	0	5	4	0	72	40	0	8	40	50	26	0	0	0	9	[]	0	12
52	123457268	8	2	33	212	0	0	0	0	0	0	1	2	0	0	2	4	0	74	40	0	8	40	50	26	0	0	0	9	[]	0	12
53	123457268	7	3	27	216	0	0	0	0	0	0	2	2	0	0	3	4	0	79	41	0	9	41	50	26	0	0	0	9	[]	0	12
54	123457268	7	2	22	223	0	0	0	0	0	0	2	2	0	0	3	3	0	79	41	0	9	41	50	26	0	0	0	9	[]	0	12
55	123457268	7	1	19	228	0	0	0	0	0	0	2	0	0	0	4	3	0	80	42	0	9	42	50	26	0	0	0	9	[]	0	12
56	123457268	7	1	16	232	0	0	0	0	0	0	2	0	0	0	3	3	0	81	42	0	9	42	50	26	0	0	0	9	[]	0	11
57	123457268	7	1	13	236	0	0	0	0	0	0	1	0	0	0	3	3	0	81	43	0	9	43	50	26	0	0	0	9	[]	0	10
58	123457268	7	1	10	240	0	0	0	0	0	0	1	0	0	0	4	1	0	81	44	0	9	44	50	26	0	0	0	9	[]	0	9
59	123457268	7	0	10	241	0	0	0	0	0	0	1	0	0	0	5	0	0	82	45	0	9	45	50	26	0	0	0	9	[]	0	9
60	123457268	7	0	9	242	0	0	0	0	0	0	1	0	0	0	4	1	0	83	45	0	9	45	50	26	0	0	0	9	[]	0	9
