day	seedRun	susceptible	exposed	infected	removed	susceptible-in-quarantine	exposed-in-quarantine	infected-in-quarantine	removed-in-quarantine	susceptible-in-quarantine-external-1	exposed-in-quarantine-external-1	infected-in-quarantine-external-1	removed-in-quarantine-external-1	susceptible-in-quarantine-external-2	exposed-in-quarantine-external-2	infected-in-quarantine-external-2	removed-in-quarantine-external-2	num-of-screened-agents	num-of-screened-agents-external-1	num-of-screened-agents-external-2	num-of-positive-agents	num-of-positive-agents-external-1	num-of-positive-agents-external-2	num-vaccinated	num-immunized	num-immunized-in-quarantine	num-immunized-in-quarantine-external-1	num-immunized-in-quarantine-external-2	num-infected-outside	classroom-in-quarantine	num-of-classroom-in-quarantine	classroom-with-at-least-one-infected
0	123456860	261	0	0	0	0	0	0	0	0	0	0	0	0	0	0	0	0	0	0	0	0	0	50	29	0	0	0	0	[]	0	0
1	123456860	260	1	0	0	0	0	0	0	0	0	0	0	0	0	0	0	0	2	0	0	0	0	50	29	0	0	0	1	[]	0	0
2	123456860	258	3	0	0	0	0	0	0	0	0	0	0	0	0	0	0	0	3	0	0	0	0	50	29	0	0	0	3	[]	0	0
3	123456860	246	14	1	0	0	0	0	0	0	0	0	0	0	0	0	0	0	4	0	0	0	0	50	29	0	0	0	3	[]	0	1
4	123456860	238	15	7	0	0	0	0	0	0	0	0	0	0	0	1	0	0	8	1	0	0	1	50	29	0	0	0	3	[]	0	2
5	123456860	220	28	12	0	0	0	0	0	0	0	0	0	0	0	1	0	0	11	1	0	0	1	50	29	0	0	0	3	[]	0	3
6	123456860	220	20	19	1	0	0	0	0	0	0	0	0	0	0	1	0	0	14	1	0	0	1	50	29	0	0	0	3	[]	0	5
7	123456860	220	15	21	4	0	0	0	0	0	0	0	0	0	0	1	0	0	14	1	0	0	1	50	29	0	0	0	3	[]	0	4
8	123456860	192	40	22	6	0	0	0	0	0	0	0	0	0	0	1	0	0	14	1	0	0	1	50	29	0	0	0	3	[]	0	4
9	123456860	185	39	22	12	0	0	0	0	0	0	0	0	0	0	3	0	0	15	3	0	0	3	50	29	0	0	0	3	[]	0	4
10	123456860	175	35	32	16	0	0	0	0	0	0	0	0	0	0	3	0	0	20	3	0	0	3	50	29	0	0	0	3	[]	0	5
11	123456860	164	38	34	22	0	0	0	0	0	0	0	0	0	0	3	0	0	21	3	0	0	3	50	29	0	0	0	3	[]	0	6
12	123456860	140	54	35	27	0	0	0	0	0	0	0	0	0	0	5	0	0	24	5	0	0	5	50	29	0	0	0	4	[]	0	6
13	123456860	140	42	38	33	0	0	0	0	0	0	2	0	0	0	5	1	0	26	6	0	2	6	50	29	0	0	0	4	[]	0	6
14	123456860	140	31	45	38	0	0	0	0	0	0	2	0	0	0	4	1	0	27	6	0	2	6	50	29	0	0	0	4	[]	0	8
15	123456860	93	76	43	42	0	0	0	0	0	0	2	0	0	0	3	2	0	28	6	0	2	6	50	29	0	0	0	4	[]	0	8
16	123456860	77	72	53	49	0	0	0	0	0	0	3	0	0	0	5	2	0	29	8	0	3	8	50	29	0	0	0	4	[]	0	10
17	123456860	64	62	66	55	0	0	0	0	0	0	3	0	0	0	8	3	0	30	12	0	3	12	50	29	0	0	0	4	[]	0	11
18	123456860	54	56	73	63	0	0	0	0	0	0	4	0	0	0	8	3	0	33	12	0	4	12	50	29	0	0	0	4	[]	0	11
19	123456860	38	51	84	73	0	0	0	0	0	0	4	1	0	0	9	1	0	38	13	0	5	13	50	29	0	0	0	4	[]	0	12
20	123456860	37	36	82	88	0	0	0	0	0	0	3	2	0	0	11	2	0	38	16	0	5	16	50	29	0	0	0	5	[]	0	12
21	123456860	37	32	67	105	0	0	0	0	0	0	4	2	0	0	11	3	0	40	17	0	6	17	50	29	0	0	0	5	[]	0	12
22	123456860	29	29	69	114	0	0	0	0	0	0	3	3	0	0	13	1	0	42	19	0	6	19	50	29	0	0	0	5	[]	0	12
23	123456860	27	21	67	126	0	0	0	0	0	0	1	3	0	0	14	2	0	44	22	0	6	22	50	29	0	0	0	5	[]	0	12
24	123456860	26	11	66	133	0	0	0	0	0	0	2	3	0	0	17	3	0	46	26	0	7	26	50	29	0	0	0	5	[]	0	12
25	123456860	26	7	55	145	0	0	0	0	0	0	2	3	0	0	20	3	0	48	29	0	7	29	50	29	0	0	0	5	[]	0	12
26	123456860	17	16	47	155	0	0	0	0	0	0	2	2	0	0	18	4	0	50	30	0	7	30	50	29	0	0	0	5	[]	0	12
27	123456860	17	11	45	165	0	0	0	0	0	0	3	2	0	0	15	3	0	51	30	0	8	30	50	29	0	0	0	5	[]	0	12
28	123456860	17	9	37	174	0	0	0	0	0	0	3	1	0	0	17	3	0	52	32	0	8	32	50	29	0	0	0	5	[]	0	12
29	123456860	10	12	34	181	0	0	0	0	0	0	3	1	0	0	17	3	0	54	33	0	9	33	50	29	0	0	0	5	[]	0	11
30	123456860	7	13	30	188	0	0	0	0	0	0	3	2	0	0	15	3	0	56	34	0	10	34	50	29	0	0	0	5	[]	0	11
31	123456860	7	12	30	191	0	0	0	0	0	0	3	1	0	0	12	5	0	57	34	0	10	34	50	29	0	0	0	5	[]	0	11
32	123456860	5	11	30	195	0	0	0	0	0	0	3	1	0	0	6	10	0	59	35	0	10	35	50	29	0	0	0	5	[]	0	10
33	123456860	5	8	28	203	0	0	0	0	0	0	2	2	0	0	5	8	0	62	35	0	10	35	50	29	0	0	0	5	[]	0	9
34	123456860	5	5	29	210	0	0	0	0	0	0	2	1	0	0	4	5	0	62	35	0	10	35	50	29	0	0	0	5	[]	0	10
35	123456860	5	4	27	216	0	0	0	0	0	0	2	1	0	0	4	2	0	62	35	0	10	35	50	29	0	0	0	5	[]	0	9
36	123456860	3	5	26	219	0	0	0	0	0	0	1	2	0	0	3	2	0	63	35	0	10	35	50	29	0	0	0	5	[]	0	9
37	123456860	3	5	21	225	0	0	0	0	0	0	0	2	0	0	3	2	0	64	35	0	10	35	50	29	0	0	0	5	[]	0	9
38	123456860	2	3	19	232	0	0	0	0	0	0	0	2	0	0	2	1	0	65	35	0	10	35	50	29	0	0	0	5	[]	0	8
39	123456860	2	2	20	234	0	0	0	0	0	0	0	1	0	0	1	1	0	69	35	0	10	35	50	29	0	0	0	5	[]	0	8
40	123456860	2	1	17	240	0	0	0	0	0	0	0	0	0	0	0	1	0	70	35	0	10	35	50	29	0	0	0	5	[]	0	7
41	123456860	2	1	17	240	0	0	0	0	0	0	0	0	0	0	0	1	0	71	35	0	10	35	50	29	0	0	0	5	[]	0	7
42	123456860	2	1	16	242	0	0	0	0	0	0	0	0	0	0	0	0	0	73	35	0	10	35	50	29	0	0	0	5	[]	0	7
43	123456860	2	0	14	245	0	0	0	0	0	0	0	0	0	0	0	0	0	73	35	0	10	35	50	29	0	0	0	5	[]	0	7
44	123456860	2	0	12	246	0	0	0	0	0	0	0	0	0	0	1	0	0	75	36	0	10	36	50	29	0	0	0	5	[]	0	7
45	123456860	2	0	10	248	0	0	0	0	0	0	0	0	0	0	1	0	0	75	36	0	10	36	50	29	0	0	0	5	[]	0	7
46	123456860	2	0	9	249	0	0	0	0	0	0	0	0	0	0	1	0	0	79	36	0	10	36	50	29	0	0	0	5	[]	0	6
47	123456860	2	0	5	253	0	0	0	0	0	0	0	0	0	0	0	1	0	81	36	0	10	36	50	29	0	0	0	5	[]	0	3
48	123456860	2	0	4	254	0	0	0	0	0	0	0	0	0	0	0	1	0	84	36	0	10	36	50	29	0	0	0	5	[]	0	3
49	123456860	2	0	3	255	0	0	0	0	0	0	0	0	0	0	0	1	0	85	36	0	10	36	50	29	0	0	0	5	[]	0	2
50	123456860	2	0	3	255	0	0	0	0	0	0	0	0	0	0	0	1	0	87	36	0	10	36	50	29	0	0	0	5	[]	0	2
51	123456860	2	0	1	256	0	0	0	0	0	0	0	0	0	0	1	1	0	88	37	0	10	37	50	29	0	0	0	5	[]	0	1
52	123456860	2	0	1	256	0	0	0	0	0	0	0	0	0	0	1	1	0	88	37	0	10	37	50	29	0	0	0	5	[]	0	1
53	123456860	2	0	1	256	0	0	0	0	0	0	0	0	0	0	0	2	0	91	37	0	10	37	50	29	0	0	0	5	[]	0	0
54	123456860	2	0	1	257	0	0	0	0	0	0	0	0	0	0	0	1	0	93	37	0	10	37	50	29	0	0	0	5	[]	0	0
55	123456860	2	0	1	257	0	0	0	0	0	0	0	0	0	0	0	1	0	97	37	0	10	37	50	29	0	0	0	5	[]	0	0
56	123456860	2	0	1	257	0	0	0	0	0	0	0	0	0	0	0	1	0	99	37	0	10	37	50	29	0	0	0	5	[]	0	0
57	123456860	2	0	1	257	0	0	0	0	0	0	0	0	0	0	0	1	0	100	37	0	10	37	50	29	0	0	0	5	[]	0	0
58	123456860	2	0	0	258	0	0	0	0	0	0	0	0	0	0	0	1	0	102	37	0	10	37	50	29	0	0	0	5	[]	0	0
59	123456860	2	0	0	258	0	0	0	0	0	0	0	0	0	0	0	1	0	105	37	0	10	37	50	29	0	0	0	5	[]	0	0
60	123456860	2	0	0	258	0	0	0	0	0	0	0	0	0	0	0	1	0	108	37	0	10	37	50	29	0	0	0	5	[]	0	0
