day	seedRun	susceptible	exposed	infected	removed	susceptible-in-quarantine	exposed-in-quarantine	infected-in-quarantine	removed-in-quarantine	susceptible-in-quarantine-external-1	exposed-in-quarantine-external-1	infected-in-quarantine-external-1	removed-in-quarantine-external-1	susceptible-in-quarantine-external-2	exposed-in-quarantine-external-2	infected-in-quarantine-external-2	removed-in-quarantine-external-2	num-of-screened-agents	num-of-screened-agents-external-1	num-of-screened-agents-external-2	num-of-positive-agents	num-of-positive-agents-external-1	num-of-positive-agents-external-2	num-vaccinated	num-immunized	num-immunized-in-quarantine	num-immunized-in-quarantine-external-1	num-immunized-in-quarantine-external-2	num-infected-outside	classroom-in-quarantine	num-of-classroom-in-quarantine	classroom-with-at-least-one-infected
0	123457201	247	0	0	0	0	0	0	0	0	0	0	0	0	0	0	0	0	0	0	0	0	0	74	43	0	0	0	0	[]	0	0
1	123457201	247	0	0	0	0	0	0	0	0	0	0	0	0	0	0	0	0	6	0	0	0	0	74	43	0	0	0	0	[]	0	0
2	123457201	246	1	0	0	0	0	0	0	0	0	0	0	0	0	0	0	0	7	0	0	0	0	74	43	0	0	0	1	[]	0	0
3	123457201	246	1	0	0	0	0	0	0	0	0	0	0	0	0	0	0	0	10	0	0	0	0	74	43	0	0	0	1	[]	0	0
4	123457201	246	0	0	0	0	0	0	0	0	0	0	0	0	0	1	0	19	14	1	0	0	1	74	43	0	0	0	1	[]	0	1
5	123457201	245	1	0	0	0	0	0	0	0	0	0	0	0	0	1	0	19	18	1	0	0	1	74	43	0	0	0	2	[]	0	1
6	123457201	245	1	0	0	0	0	0	0	0	0	0	0	0	0	1	0	19	19	1	0	0	1	74	43	0	0	0	2	[]	0	1
7	123457201	245	1	0	0	0	0	0	0	0	0	0	0	0	0	1	0	19	20	1	0	0	1	74	43	0	0	0	2	[]	0	1
8	123457201	245	0	1	0	0	0	0	0	0	0	0	0	0	0	1	0	19	21	1	0	0	1	74	43	0	0	0	2	[]	0	2
9	123457201	243	2	1	0	0	0	0	0	0	0	0	0	0	0	1	0	38	24	1	0	0	1	74	43	0	0	0	2	[]	0	2
10	123457201	240	5	1	0	0	0	0	0	0	0	0	0	0	0	1	0	38	26	1	0	0	1	74	43	0	0	0	2	[]	0	2
11	123457201	236	8	2	0	0	0	0	0	0	0	0	0	0	0	1	0	38	29	1	0	0	1	74	43	0	0	0	2	[]	0	2
12	123457201	233	9	1	1	0	0	1	0	0	0	0	0	0	0	2	0	57	32	2	1	0	2	74	43	0	0	0	3	[]	0	3
13	123457201	233	8	2	1	0	0	1	0	0	0	0	0	0	0	2	0	57	33	2	1	0	2	74	43	0	0	0	3	[]	0	3
14	123457201	233	6	2	2	0	0	2	0	0	0	0	0	0	0	2	0	76	34	3	2	0	3	74	43	0	0	0	3	[]	0	2
15	123457201	232	6	3	2	0	0	2	0	0	0	0	0	0	0	2	0	76	36	3	2	0	3	74	43	0	0	0	3	[]	0	2
16	123457201	225	11	5	2	0	0	2	0	0	0	0	0	0	0	1	1	76	38	3	2	0	3	74	43	0	0	0	3	[]	0	2
17	123457201	215	8	2	1	5	6	6	2	0	0	0	0	0	0	1	1	94	41	3	6	0	3	74	42	1	0	0	3	[3D]	1	2
18	123457201	212	10	2	2	5	4	8	2	0	0	0	0	0	0	1	1	94	43	3	6	0	3	74	42	1	0	0	3	[3D]	1	2
19	123457201	206	12	4	2	5	2	12	2	0	0	0	0	0	0	1	1	112	46	3	8	0	3	74	42	1	0	0	3	[3D]	1	3
20	123457201	206	8	7	3	5	2	12	2	0	0	0	0	0	0	1	1	112	47	3	8	0	3	74	42	1	0	0	3	[3D]	1	3
21	123457201	206	7	8	3	5	2	12	2	0	0	0	0	0	0	1	1	112	49	3	8	0	3	74	42	1	0	0	3	[3D]	1	3
22	123457201	192	18	11	3	5	2	11	3	0	0	0	0	0	0	1	1	112	52	3	8	0	3	74	42	1	0	0	3	[3D]	1	3
23	123457201	181	14	7	3	11	4	20	4	0	0	0	0	0	0	2	1	131	52	4	15	0	4	74	41	2	0	0	3	[3D 2A]	2	4
24	123457201	170	19	12	6	11	2	20	5	0	0	0	0	0	0	1	1	131	52	4	15	0	4	74	41	2	0	0	3	[3D 2A]	2	4
25	123457201	165	21	15	6	11	2	15	10	0	0	0	0	0	0	1	1	131	53	4	15	0	4	74	41	2	0	0	3	[3D 2A]	2	4
26	123457201	163	17	21	6	11	1	14	12	0	0	0	0	0	0	1	1	131	54	4	15	0	4	74	41	2	0	0	3	[3D 2A]	2	4
27	123457201	168	12	9	20	6	3	14	13	0	0	0	0	0	0	2	0	148	58	5	23	0	5	74	41	2	0	0	3	[2A 2C]	2	3
28	123457201	168	10	11	20	6	2	13	15	0	0	0	0	0	0	2	0	148	60	5	23	0	5	74	41	2	0	0	3	[2A 2C]	2	3
29	123457201	165	5	4	17	7	4	18	24	0	0	0	0	0	0	2	1	167	61	6	31	0	6	74	39	4	0	0	3	[2A 2C 1C]	3	4
30	123457201	159	8	6	18	7	2	18	26	0	0	0	0	0	0	1	2	167	62	6	31	0	6	74	39	4	0	0	3	[2A 2C 1C]	3	5
31	123457201	157	9	6	19	7	2	17	27	0	0	0	0	0	0	1	2	167	62	6	31	0	6	74	39	4	0	0	3	[2A 2C 1C]	3	5
32	123457201	145	17	10	19	7	2	12	32	0	0	0	0	0	0	1	2	167	63	6	31	0	6	74	39	4	0	0	3	[2A 2C 1C]	3	6
33	123457201	140	26	10	34	1	1	8	25	0	0	0	0	0	0	0	2	167	64	6	31	0	6	74	40	3	0	0	3	[2C 1C]	2	5
34	123457201	140	14	22	34	1	1	8	25	0	0	0	0	0	0	0	2	167	66	6	31	0	6	74	40	3	0	0	3	[2C 1C]	2	6
35	123457201	140	8	25	37	1	0	6	28	0	0	0	0	0	0	0	2	167	68	6	31	0	6	74	40	3	0	0	3	[2C 1C]	2	6
36	123457201	121	26	25	38	1	0	5	29	0	0	0	0	0	0	0	2	167	71	6	31	0	6	74	40	3	0	0	3	[2C 1C]	2	7
37	123457201	112	27	27	63	1	0	3	13	0	0	0	0	0	0	0	1	167	72	6	31	0	6	74	41	2	0	0	3	[1C]	1	7
38	123457201	96	29	24	60	3	3	10	20	0	0	0	0	0	0	1	1	186	72	7	39	0	7	74	41	2	0	0	3	[1C 2D]	2	7
39	123457201	92	28	24	80	2	2	10	7	0	0	0	0	0	0	2	0	205	73	8	41	0	8	74	43	0	0	0	3	[2D]	1	6
40	123457201	87	25	26	86	2	0	10	9	0	0	0	0	0	0	1	1	205	73	8	41	0	8	74	43	0	0	0	3	[2D]	1	6
41	123457201	87	15	23	80	2	4	16	17	0	0	0	0	0	0	2	1	224	75	9	48	0	9	74	42	1	0	0	3	[2D 1A]	2	6
42	123457201	87	10	23	85	2	2	17	18	0	0	0	0	0	0	2	1	224	76	9	48	0	9	74	42	1	0	0	3	[2D 1A]	2	6
43	123457201	84	10	22	89	2	1	17	19	0	0	0	0	0	0	2	1	224	76	9	48	0	9	74	42	1	0	0	3	[2D 1A]	2	6
44	123457201	69	8	22	90	12	0	18	25	0	0	0	0	0	0	2	1	241	76	9	52	0	9	74	41	2	0	0	3	[2D 1A 2B]	3	6
45	123457201	68	7	24	90	12	0	16	27	0	0	0	0	0	0	2	1	241	76	9	52	0	9	74	41	2	0	0	3	[2D 1A 2B]	3	6
46	123457201	68	6	17	94	12	0	18	28	0	0	0	0	0	0	3	1	260	81	10	55	0	10	74	41	2	0	0	3	[2D 1A 2B]	3	6
47	123457201	67	4	16	98	12	0	16	30	0	0	0	0	0	0	3	1	260	82	10	55	0	10	74	41	2	0	0	3	[2D 1A 2B]	3	7
48	123457201	69	3	16	117	10	0	10	19	0	0	0	0	0	0	3	0	260	83	10	55	0	10	74	41	2	0	0	3	[1A 2B]	2	6
49	123457201	69	3	15	118	10	0	8	21	0	0	0	0	0	0	3	0	260	86	10	55	0	10	74	41	2	0	0	3	[1A 2B]	2	6
50	123457201	64	8	14	119	10	0	7	22	0	0	0	0	0	0	2	1	260	89	10	55	0	10	74	41	2	0	0	3	[1A 2B]	2	6
51	123457201	55	14	9	127	10	0	11	18	0	0	0	0	0	0	2	1	295	92	11	61	0	11	74	41	2	0	0	4	[2B 3A]	2	5
52	123457201	53	10	14	128	10	0	11	18	0	0	0	0	0	0	2	1	295	93	11	61	0	11	74	41	2	0	0	4	[2B 3A]	2	6
53	123457201	48	11	14	132	10	0	8	21	0	0	0	0	0	0	2	1	295	95	11	61	0	11	74	41	2	0	0	4	[2B 3A]	2	7
54	123457201	54	12	14	144	0	0	6	15	0	0	0	0	0	0	1	1	295	96	11	61	0	11	74	42	1	0	0	5	[3A]	1	6
55	123457201	54	11	13	146	0	0	5	16	0	0	0	0	0	0	1	1	295	98	11	61	0	11	74	42	1	0	0	5	[3A]	1	5
56	123457201	54	8	13	153	0	0	5	13	0	0	0	0	0	0	1	0	295	99	11	61	0	11	74	42	1	0	0	5	[3A]	1	4
57	123457201	52	9	12	155	0	0	5	13	0	0	0	0	0	0	1	0	295	101	11	61	0	11	74	42	1	0	0	5	[3A]	1	5
58	123457201	48	9	13	156	0	0	6	13	0	0	1	0	0	0	1	0	314	102	11	62	1	11	74	42	1	0	0	5	[3A]	1	6
59	123457201	45	9	14	158	0	0	4	15	0	0	1	0	0	0	1	0	314	104	11	62	1	11	74	42	1	0	0	5	[3A]	1	6
60	123457201	43	8	14	161	0	0	3	16	0	0	1	0	0	0	1	0	314	105	11	62	1	11	74	42	1	0	0	5	[3A]	1	6
