day	seedRun	susceptible	exposed	infected	removed	susceptible-in-quarantine	exposed-in-quarantine	infected-in-quarantine	removed-in-quarantine	susceptible-in-quarantine-external-1	exposed-in-quarantine-external-1	infected-in-quarantine-external-1	removed-in-quarantine-external-1	susceptible-in-quarantine-external-2	exposed-in-quarantine-external-2	infected-in-quarantine-external-2	removed-in-quarantine-external-2	num-of-screened-agents	num-of-screened-agents-external-1	num-of-screened-agents-external-2	num-of-positive-agents	num-of-positive-agents-external-1	num-of-positive-agents-external-2	num-vaccinated	num-immunized	num-immunized-in-quarantine	num-immunized-in-quarantine-external-1	num-immunized-in-quarantine-external-2	num-infected-outside	classroom-in-quarantine	num-of-classroom-in-quarantine	classroom-with-at-least-one-infected
0	123457096	216	0	0	0	0	0	0	0	0	0	0	0	0	0	0	0	0	0	0	0	0	0	74	74	0	0	0	0	[]	0	0
1	123457096	214	2	0	0	0	0	0	0	0	0	0	0	0	0	0	0	0	1	0	0	0	0	74	74	0	0	0	2	[]	0	0
2	123457096	214	2	0	0	0	0	0	0	0	0	0	0	0	0	0	0	0	3	0	0	0	0	74	74	0	0	0	2	[]	0	0
3	123457096	212	3	1	0	0	0	0	0	0	0	0	0	0	0	0	0	0	6	0	0	0	0	74	74	0	0	0	2	[]	0	1
4	123457096	209	5	2	0	0	0	0	0	0	0	0	0	0	0	0	0	0	7	0	0	0	0	74	74	0	0	0	2	[]	0	2
5	123457096	207	6	2	1	0	0	0	0	0	0	0	0	0	0	0	0	0	8	0	0	0	0	74	74	0	0	0	2	[]	0	1
6	123457096	207	4	4	1	0	0	0	0	0	0	0	0	0	0	0	0	0	8	0	0	0	0	74	74	0	0	0	2	[]	0	2
7	123457096	207	2	6	1	0	0	0	0	0	0	0	0	0	0	0	0	0	9	0	0	0	0	74	74	0	0	0	2	[]	0	2
8	123457096	202	7	5	2	0	0	0	0	0	0	0	0	0	0	0	0	0	10	0	0	0	0	74	74	0	0	0	3	[]	0	2
9	123457096	195	11	7	3	0	0	0	0	0	0	0	0	0	0	0	0	0	11	0	0	0	0	74	74	0	0	0	3	[]	0	2
10	123457096	190	10	13	3	0	0	0	0	0	0	0	0	0	0	0	0	0	12	0	0	0	0	74	74	0	0	0	3	[]	0	2
11	123457096	179	19	12	6	0	0	0	0	0	0	0	0	0	0	0	0	0	15	0	0	0	0	74	74	0	0	0	3	[]	0	2
12	123457096	170	22	16	8	0	0	0	0	0	0	0	0	0	0	0	0	0	19	0	0	0	0	74	74	0	0	0	6	[]	0	5
13	123457096	170	15	19	9	0	0	2	0	0	0	0	0	0	0	1	0	19	19	1	2	0	1	74	74	0	0	0	6	[]	0	6
14	123457096	170	12	20	11	0	0	1	1	0	0	0	0	0	0	1	0	19	21	1	2	0	1	74	74	0	0	0	6	[]	0	6
15	123457096	164	8	4	1	2	7	11	16	0	0	0	0	0	0	3	0	57	23	3	13	0	3	74	70	4	0	0	6	[2A 3A]	2	6
16	123457096	159	8	6	1	2	6	12	18	0	0	1	0	0	0	3	0	76	25	3	15	1	3	74	70	4	0	0	6	[2A 3A]	2	7
17	123457096	149	16	6	3	2	4	12	20	0	0	0	1	0	0	3	0	76	25	3	15	1	3	74	70	4	0	0	6	[2A 3A]	2	6
18	123457096	137	22	10	4	2	4	13	20	0	0	0	1	0	0	3	0	93	27	3	16	1	3	74	70	4	0	0	6	[2A 3A]	2	6
19	123457096	120	21	10	4	11	6	16	23	0	0	1	1	0	0	3	0	112	28	3	20	2	3	74	68	6	0	0	6	[2A 3A 3B]	3	7
20	123457096	114	11	12	4	11	2	15	28	0	0	0	2	6	2	9	0	112	29	4	20	2	4	74	66	6	0	2	6	[2A 3A 3B 2B]	4	7
21	123457096	114	1	6	2	11	5	20	37	0	0	0	2	6	1	10	1	148	29	5	29	2	5	74	64	8	0	2	6	[2A 3A 3B 2B 2C]	5	8
22	123457096	108	6	6	3	11	1	21	40	0	0	0	2	6	1	9	2	148	30	5	29	2	5	74	64	8	0	2	6	[2A 3A 3B 2B 2C]	5	7
23	123457096	98	14	8	3	11	1	16	45	0	0	0	2	6	1	6	5	148	31	5	29	2	5	74	64	8	0	2	6	[2A 3A 3B 2B 2C]	5	7
24	123457096	91	18	10	4	11	1	16	45	0	0	0	2	6	1	3	8	148	32	5	29	2	5	74	64	8	0	2	7	[2A 3A 3B 2B 2C]	5	7
25	123457096	86	11	7	36	10	5	19	22	0	0	1	2	6	0	5	6	186	35	6	36	3	6	74	66	6	0	2	7	[3B 2B 2C 1C]	4	8
26	123457096	79	15	8	41	10	4	18	22	0	0	0	2	6	0	3	8	186	36	6	36	3	6	74	66	6	0	2	7	[3B 2B 2C 1C]	4	7
27	123457096	79	9	12	43	10	3	17	24	0	0	0	2	6	0	3	8	186	38	6	36	3	6	74	66	6	0	2	7	[3B 2B 2C 1C]	4	7
28	123457096	79	5	15	44	10	3	15	26	0	0	0	2	6	0	3	8	186	39	6	36	3	6	74	66	6	0	2	7	[3B 2B 2C 1C]	4	6
29	123457096	78	14	16	53	1	2	15	19	0	0	0	1	6	0	2	9	186	39	6	36	3	6	74	68	4	0	2	7	[2B 2C 1C]	3	6
30	123457096	74	11	9	67	9	3	22	17	0	0	0	1	0	0	1	2	224	41	7	43	3	7	74	68	6	0	0	7	[2C 1C 1A]	3	5
31	123457096	71	11	7	90	9	2	15	8	0	0	0	1	0	0	1	1	224	42	7	43	3	7	74	70	4	0	0	7	[1C 1A]	2	4
32	123457096	70	10	7	92	9	2	13	10	0	0	0	1	0	0	1	1	224	44	7	43	3	7	74	70	4	0	0	7	[1C 1A]	2	4
33	123457096	70	7	10	92	9	2	11	12	0	0	0	1	0	0	1	1	224	44	7	43	3	7	74	70	4	0	0	7	[1C 1A]	2	4
34	123457096	70	5	9	95	9	1	11	13	0	0	0	1	0	0	1	1	224	44	7	43	3	7	74	70	4	0	0	7	[1C 1A]	2	4
35	123457096	69	1	3	107	10	5	9	10	0	0	1	0	0	0	1	0	243	47	7	47	4	7	74	70	4	0	0	7	[1A 1D]	2	3
36	123457096	69	1	3	107	10	4	8	12	0	0	0	1	0	0	1	0	243	49	7	47	4	7	74	70	4	0	0	7	[1A 1D]	2	3
37	123457096	69	1	3	107	10	3	9	12	0	0	0	1	0	0	1	0	243	49	7	47	4	7	74	70	4	0	0	7	[1A 1D]	2	3
38	123457096	69	0	4	107	10	3	7	14	0	0	0	1	0	0	1	0	243	52	7	47	4	7	74	70	4	0	0	7	[1A 1D]	2	3
39	123457096	69	0	3	108	10	2	8	14	0	0	0	1	0	0	1	0	243	55	7	47	4	7	74	70	4	0	0	7	[1A 1D]	2	3
40	123457096	77	0	1	120	2	1	4	10	0	0	0	1	0	0	0	0	243	55	7	47	4	7	74	72	2	0	0	7	[1D]	1	2
41	123457096	77	0	1	120	2	1	4	10	0	0	0	1	0	0	0	0	243	56	7	47	4	7	74	72	2	0	0	7	[1D]	1	2
42	123457096	77	0	1	120	2	0	5	10	0	0	0	1	0	0	0	0	243	59	7	47	4	7	74	72	2	0	0	7	[1D]	1	2
43	123457096	76	1	1	120	2	0	5	10	0	0	0	1	0	0	0	0	243	59	7	47	4	7	74	72	2	0	0	8	[1D]	1	2
44	123457096	76	0	2	120	2	0	5	10	0	0	0	1	0	0	0	0	243	61	7	47	4	7	74	72	2	0	0	8	[1D]	1	3
45	123457096	76	2	2	136	0	0	0	0	0	0	0	0	0	0	0	0	243	62	7	47	4	7	74	74	0	0	0	8	[]	0	2
46	123457096	73	4	3	136	0	0	0	0	0	0	0	0	0	0	0	0	243	64	7	47	4	7	74	74	0	0	0	9	[]	0	2
47	123457096	68	9	2	137	0	0	0	0	0	0	0	0	0	0	0	0	243	64	7	47	4	7	74	74	0	0	0	9	[]	0	1
48	123457096	68	6	5	137	0	0	0	0	0	0	0	0	0	0	0	0	243	64	7	47	4	7	74	74	0	0	0	9	[]	0	1
49	123457096	67	3	7	139	0	0	0	0	0	0	0	0	0	0	0	0	243	65	7	47	4	7	74	74	0	0	0	10	[]	0	2
50	123457096	65	5	5	141	0	0	0	0	0	0	0	0	0	0	0	0	243	68	7	47	4	7	74	74	0	0	0	10	[]	0	2
51	123457096	64	5	6	141	0	0	0	0	0	0	0	0	0	0	0	0	243	70	7	47	4	7	74	74	0	0	0	10	[]	0	2
52	123457096	60	6	7	143	0	0	0	0	0	0	0	0	0	0	0	0	243	72	7	47	4	7	74	74	0	0	0	10	[]	0	3
53	123457096	54	9	8	145	0	0	0	0	0	0	0	0	0	0	0	0	243	75	7	47	4	7	74	74	0	0	0	10	[]	0	3
54	123457096	52	5	4	137	0	3	6	8	0	0	0	0	0	0	1	0	262	76	8	53	4	8	74	72	2	0	0	10	[2D]	1	3
55	123457096	52	3	5	138	0	2	4	11	0	0	0	0	0	0	1	0	262	78	8	53	4	8	74	72	2	0	0	10	[2D]	1	3
56	123457096	52	2	5	139	0	2	4	11	0	0	0	0	0	0	0	1	262	79	8	53	4	8	74	72	2	0	0	10	[2D]	1	3
57	123457096	51	2	5	140	0	1	5	11	0	0	0	0	0	0	0	1	262	81	8	53	4	8	74	72	2	0	0	10	[2D]	1	3
58	123457096	48	5	5	140	0	0	5	12	0	0	0	0	0	0	0	1	262	82	8	53	4	8	74	72	2	0	0	10	[2D]	1	3
59	123457096	48	5	3	142	0	0	4	13	0	0	0	0	0	0	0	1	262	82	8	53	4	8	74	72	2	0	0	10	[2D]	1	2
60	123457096	47	5	4	142	0	0	4	13	0	0	0	0	0	0	0	1	262	82	8	53	4	8	74	72	2	0	0	10	[2D]	1	3
