day	seedRun	susceptible	exposed	infected	removed	susceptible-in-quarantine	exposed-in-quarantine	infected-in-quarantine	removed-in-quarantine	susceptible-in-quarantine-external-1	exposed-in-quarantine-external-1	infected-in-quarantine-external-1	removed-in-quarantine-external-1	susceptible-in-quarantine-external-2	exposed-in-quarantine-external-2	infected-in-quarantine-external-2	removed-in-quarantine-external-2	num-of-screened-agents	num-of-screened-agents-external-1	num-of-screened-agents-external-2	num-of-positive-agents	num-of-positive-agents-external-1	num-of-positive-agents-external-2	num-vaccinated	num-immunized	num-immunized-in-quarantine	num-immunized-in-quarantine-external-1	num-immunized-in-quarantine-external-2	num-infected-outside	classroom-in-quarantine	num-of-classroom-in-quarantine	classroom-with-at-least-one-infected
0	123456843	266	0	0	0	0	0	0	0	0	0	0	0	0	0	0	0	0	0	0	0	0	0	50	24	0	0	0	0	[]	0	0
1	123456843	262	4	0	0	0	0	0	0	0	0	0	0	0	0	0	0	0	2	0	0	0	0	50	24	0	0	0	4	[]	0	0
2	123456843	250	14	1	0	0	0	0	0	0	0	1	0	0	0	0	0	19	6	0	0	1	0	50	24	0	0	0	6	[]	0	2
3	123456843	247	15	0	0	0	0	2	0	0	0	1	0	0	0	1	0	38	8	1	2	1	1	50	24	0	0	0	9	[]	0	2
4	123456843	232	28	2	0	0	0	1	1	0	0	1	0	0	0	1	0	38	11	1	2	1	1	50	24	0	0	0	11	[]	0	4
5	123456843	174	76	12	0	0	0	1	1	0	0	1	0	0	0	1	0	38	11	1	2	1	1	50	24	0	0	0	18	[]	0	7
6	123456843	171	58	33	0	0	0	0	2	0	0	1	0	0	0	1	0	38	12	1	2	1	1	50	24	0	0	0	21	[]	0	8
7	123456843	163	44	28	3	4	7	9	3	0	0	1	1	0	0	3	0	114	15	3	11	2	3	50	24	0	0	0	25	[1C]	1	7
8	123456843	113	75	27	6	10	8	18	4	0	0	1	1	0	0	3	0	131	17	3	17	2	3	50	24	0	0	0	29	[1C 2C]	2	11
9	123456843	87	65	23	6	15	23	33	7	0	0	1	2	0	0	4	0	169	21	4	32	3	4	50	24	0	0	0	34	[1C 2C 1B 1A]	4	10
10	123456843	77	60	34	7	15	16	38	11	0	0	2	2	0	0	3	1	188	25	4	34	4	4	50	24	0	0	0	35	[1C 2C 1B 1A]	4	12
11	123456843	66	40	28	4	15	27	55	21	0	0	4	2	0	0	3	1	226	27	4	52	6	4	50	24	0	0	0	37	[1C 2C 1B 1A 3A 2A]	6	12
12	123456843	34	34	32	3	33	22	68	31	0	0	4	1	0	0	3	1	262	28	4	60	6	4	50	24	0	0	0	38	[1C 2C 1B 1A 3A 2A 1D 3D]	8	12
13	123456843	33	19	28	3	33	24	76	40	0	0	3	2	0	0	4	1	281	29	5	69	6	5	50	24	0	0	0	39	[1C 2C 1B 1A 3A 2A 1D 3D 3C]	9	12
14	123456843	28	6	22	7	38	18	81	55	0	0	3	2	0	0	5	1	300	29	6	78	6	6	50	24	0	0	0	39	[1C 2C 1B 1A 3A 2A 1D 3D 3C 3B]	10	12
15	123456843	27	2	26	7	38	12	79	64	0	0	2	3	0	0	4	2	317	29	6	79	6	6	50	24	0	0	0	39	[1C 2C 1B 1A 3A 2A 1D 3D 3C 3B]	10	12
16	123456843	24	3	25	10	38	10	69	76	0	0	2	3	0	0	3	3	317	29	6	79	6	6	50	24	0	0	0	40	[1C 2C 1B 1A 3A 2A 1D 3D 3C 3B]	10	12
17	123456843	28	3	19	32	34	6	55	79	0	0	2	3	0	0	1	4	317	29	6	79	6	6	50	24	0	0	0	40	[2C 1B 1A 3A 2A 1D 3D 3C 3B]	9	11
18	123456843	31	5	17	49	28	3	48	76	0	0	2	3	0	0	1	3	317	30	6	79	6	6	50	24	0	0	0	42	[1B 1A 3A 2A 1D 3D 3C 3B]	8	10
19	123456843	35	5	11	71	23	2	35	76	0	0	2	3	0	0	0	3	336	32	6	84	7	6	50	24	0	0	0	43	[3A 2A 1D 3D 3C 3B 2D]	7	8
20	123456843	34	6	11	74	23	1	31	79	0	0	1	3	0	0	0	3	336	33	6	84	7	6	50	24	0	0	0	44	[3A 2A 1D 3D 3C 3B 2D]	7	8
21	123456843	33	5	13	114	23	1	18	54	0	0	1	1	0	0	0	3	336	35	6	84	7	6	50	24	0	0	0	45	[1D 3D 3C 3B 2D]	5	6
22	123456843	44	12	11	138	5	0	13	40	0	0	1	0	0	0	0	2	336	37	6	84	7	6	50	24	0	0	0	47	[3C 3B 2D]	3	4
23	123456843	31	24	9	161	5	0	6	28	0	0	1	0	0	0	0	1	336	39	6	84	7	6	50	24	0	0	0	47	[3B 2D]	2	4
24	123456843	29	25	12	177	0	0	4	17	0	0	0	1	0	0	1	0	355	41	7	85	7	7	50	24	0	0	0	47	[2D]	1	4
25	123456843	26	18	19	181	0	0	4	16	0	0	0	1	0	0	1	0	355	42	7	85	7	7	50	24	0	0	0	48	[2D]	1	4
26	123456843	23	13	24	184	0	0	4	16	0	0	0	1	0	0	1	0	355	42	7	85	7	7	50	24	0	0	0	50	[2D]	1	5
27	123456843	23	8	16	175	0	1	13	26	0	0	0	1	0	0	3	0	393	43	9	94	7	9	50	24	0	0	0	50	[2D 1D]	2	5
28	123456843	23	5	19	175	0	1	13	26	0	0	0	1	0	0	3	0	393	44	9	94	7	9	50	24	0	0	0	50	[2D 1D]	2	6
29	123456843	22	4	17	197	0	1	10	12	0	0	0	0	0	0	1	2	411	48	9	96	7	9	50	24	0	0	0	50	[1D]	1	5
30	123456843	17	9	16	198	0	1	9	13	0	0	0	0	0	0	0	3	411	49	9	96	7	9	50	24	0	0	0	50	[1D]	1	5
31	123456843	16	8	12	204	0	1	7	15	0	0	0	0	0	0	0	3	411	50	9	96	7	9	50	24	0	0	0	50	[1D]	1	5
32	123456843	15	8	12	205	0	1	6	16	0	0	0	0	0	0	0	3	429	52	9	96	7	9	50	24	0	0	0	50	[1D]	1	4
33	123456843	14	6	12	208	0	1	5	17	0	0	0	0	0	0	0	3	429	53	9	96	7	9	50	24	0	0	0	51	[1D]	1	3
34	123456843	14	3	13	212	0	0	5	17	0	0	0	0	0	0	0	2	429	56	9	96	7	9	50	24	0	0	0	51	[1D]	1	5
35	123456843	14	1	14	213	0	0	4	18	0	0	0	0	0	0	0	2	429	58	9	96	7	9	50	24	0	0	0	51	[1D]	1	5
36	123456843	11	3	14	213	0	0	4	18	0	0	0	0	0	0	1	2	446	60	10	96	7	10	50	24	0	0	0	51	[1D]	1	5
37	123456843	9	5	13	236	0	0	0	2	0	0	0	0	0	0	1	0	446	61	10	96	7	10	50	24	0	0	0	51	[]	0	4
38	123456843	9	5	11	238	0	0	0	2	0	0	0	0	0	0	1	0	446	66	10	96	7	10	50	24	0	0	0	51	[]	0	4
39	123456843	8	5	7	242	0	0	2	0	0	0	0	0	0	0	2	0	465	69	11	98	7	11	50	24	0	0	0	52	[]	0	4
40	123456843	8	5	7	242	0	0	2	0	0	0	0	0	0	0	2	0	465	70	11	98	7	11	50	24	0	0	0	52	[]	0	4
41	123456843	8	1	4	243	0	0	5	1	0	0	0	0	0	0	4	0	522	72	13	102	7	13	50	24	0	0	0	52	[]	0	5
42	123456843	8	0	5	243	0	0	3	3	0	0	0	0	0	0	3	1	522	72	13	102	7	13	50	24	0	0	0	52	[]	0	5
43	123456843	7	1	5	243	0	0	2	4	0	0	0	0	0	0	3	1	522	75	13	102	7	13	50	24	0	0	0	53	[]	0	5
44	123456843	6	2	5	243	0	0	2	4	0	0	0	0	0	0	3	1	522	77	13	102	7	13	50	24	0	0	0	53	[]	0	5
45	123456843	6	2	5	243	0	0	2	4	0	0	0	0	0	0	3	1	522	80	13	102	7	13	50	24	0	0	0	53	[]	0	5
46	123456843	6	2	5	244	0	0	2	4	0	0	0	0	0	0	2	1	540	83	13	102	7	13	50	24	0	0	0	53	[]	0	4
47	123456843	6	2	4	245	0	0	2	4	0	0	0	0	0	0	2	1	540	83	13	102	7	13	50	24	0	0	0	53	[]	0	4
48	123456843	6	2	4	245	0	0	2	4	0	0	0	0	0	0	2	1	540	84	13	102	7	13	50	24	0	0	0	53	[]	0	4
49	123456843	6	1	3	234	0	0	2	2	0	0	0	0	0	0	1	17	540	85	14	102	7	14	50	24	0	0	0	53	[2C]	1	3
50	123456843	6	0	4	234	0	0	2	2	0	0	0	0	0	0	1	17	540	87	14	102	7	14	50	24	0	0	0	53	[2C]	1	3
51	123456843	6	0	3	237	0	0	1	2	0	0	0	0	0	0	1	16	540	91	14	102	7	14	50	24	0	0	0	53	[2C]	1	3
52	123456843	5	1	3	237	0	0	1	2	0	0	0	0	0	0	1	16	540	94	14	102	7	14	50	24	0	0	0	53	[2C]	1	3
53	123456843	4	2	3	237	0	0	1	2	0	0	0	0	0	0	1	16	540	95	14	102	7	14	50	24	0	0	0	53	[2C]	1	3
54	123456843	4	2	3	237	0	0	1	2	0	0	0	0	0	0	1	16	540	97	14	102	7	14	50	24	0	0	0	53	[2C]	1	3
55	123456843	4	2	3	237	0	0	1	2	0	0	0	0	0	0	1	16	540	98	14	102	7	14	50	24	0	0	0	53	[2C]	1	3
56	123456843	4	2	3	237	0	0	1	2	0	0	0	0	0	0	1	16	540	100	14	102	7	14	50	24	0	0	0	53	[2C]	1	3
57	123456843	4	1	4	237	0	0	0	3	0	0	0	0	0	0	1	16	540	100	14	102	7	14	50	24	0	0	0	53	[2C]	1	3
58	123456843	4	1	4	237	0	0	0	3	0	0	0	0	0	0	1	16	540	102	14	102	7	14	50	24	0	0	0	53	[2C]	1	3
59	123456843	4	0	5	257	0	0	0	0	0	0	0	0	0	0	0	0	540	103	14	102	7	14	50	24	0	0	0	53	[]	0	2
60	123456843	4	0	3	259	0	0	0	0	0	0	0	0	0	0	0	0	540	109	14	102	7	14	50	24	0	0	0	53	[]	0	2
