day	seedRun	susceptible	exposed	infected	removed	susceptible-in-quarantine	exposed-in-quarantine	infected-in-quarantine	removed-in-quarantine	susceptible-in-quarantine-external-1	exposed-in-quarantine-external-1	infected-in-quarantine-external-1	removed-in-quarantine-external-1	susceptible-in-quarantine-external-2	exposed-in-quarantine-external-2	infected-in-quarantine-external-2	removed-in-quarantine-external-2	num-of-screened-agents	num-of-screened-agents-external-1	num-of-screened-agents-external-2	num-of-positive-agents	num-of-positive-agents-external-1	num-of-positive-agents-external-2	num-vaccinated-susceptible	num-vaccinated-exposed	num-vaccinated-infected	num-vaccinated-removed	num-vaccinated-susceptible-in-quarantine	num-vaccinated-exposed-in-quarantine	num-vaccinated-infected-in-quarantine	num-vaccinated-removed-in-quarantine	num-vaccinated-susceptible-in-quarantine-external-1	num-vaccinated-exposed-in-quarantine-external-1	num-vaccinated-infected-in-quarantine-external-1	num-vaccinated-removed-in-quarantine-external-1	num-vaccinated-susceptible-in-quarantine-external-2	num-vaccinated-exposed-in-quarantine-external-2	num-vaccinated-infected-in-quarantine-external-2	num-vaccinated-removed-in-quarantine-external-2	num-infected-outside	classroom-in-quarantine	num-of-classroom-in-quarantine	classroom-with-at-least-one-infected
0	123456862	144	0	0	0	0	0	0	0	0	0	0	0	0	0	0	0	0	0	0	0	0	0	146	0	0	0	0	0	0	0	0	0	0	0	0	0	0	0	0	[]	0	0
1	123456862	143	1	0	0	0	0	0	0	0	0	0	0	0	0	0	0	60	0	0	0	0	0	144	2	0	0	0	0	0	0	0	0	0	0	0	0	0	0	3	[]	0	0
2	123456862	141	3	0	0	0	0	0	0	0	0	0	0	0	0	0	0	60	1	0	0	0	0	144	1	1	0	0	0	0	0	0	0	0	0	0	0	0	0	5	[]	0	1
3	123456862	135	8	1	0	0	0	0	0	0	0	0	0	0	0	0	0	60	1	0	0	0	0	144	1	0	1	0	0	0	0	0	0	0	0	0	0	0	0	7	[]	0	1
4	123456862	132	11	1	0	0	0	0	0	0	0	0	0	0	0	0	0	60	1	0	0	0	0	143	2	0	1	0	0	0	0	0	0	0	0	0	0	0	0	10	[]	0	1
5	123456862	127	14	3	0	0	0	0	0	0	0	0	0	0	0	0	0	60	1	0	0	0	0	143	1	1	1	0	0	0	0	0	0	0	0	0	0	0	0	13	[]	0	4
6	123456862	124	11	9	0	0	0	0	0	0	0	0	0	0	0	0	0	60	2	0	0	0	0	143	1	1	1	0	0	0	0	0	0	0	0	0	0	0	0	16	[]	0	5
7	123456862	118	12	13	1	0	0	0	0	0	0	0	0	0	0	0	0	60	3	0	0	0	0	143	1	1	1	0	0	0	0	0	0	0	0	0	0	0	0	22	[]	0	7
8	123456862	77	20	10	1	23	2	8	3	0	0	0	0	0	0	0	0	177	3	0	8	0	0	114	6	1	1	24	0	0	0	0	0	0	0	0	0	0	0	28	[1A 2D 3B]	3	11
9	123456862	68	24	10	6	23	2	7	4	0	0	0	0	0	0	0	0	177	4	0	8	0	0	111	5	4	2	24	0	0	0	0	0	0	0	0	0	0	0	30	[1A 2D 3B]	3	9
10	123456862	61	23	17	7	23	1	8	4	0	0	0	0	0	0	0	0	177	5	0	8	0	0	106	10	2	4	24	0	0	0	0	0	0	0	0	0	0	0	32	[1A 2D 3B]	3	10
11	123456862	53	23	21	11	23	1	8	4	0	0	0	0	0	0	0	0	177	5	0	8	0	0	98	14	5	5	24	0	0	0	0	0	0	0	0	0	0	0	35	[1A 2D 3B]	3	11
12	123456862	39	23	21	13	27	0	13	7	0	0	1	0	0	0	0	0	196	6	0	15	1	0	83	16	10	5	31	0	1	0	0	0	0	0	0	0	0	0	37	[1A 2D 3B 1D]	4	12
13	123456862	39	13	27	17	27	0	11	9	0	0	1	0	0	0	0	0	196	6	0	15	1	0	82	14	12	6	31	0	1	0	0	0	0	0	0	0	0	0	38	[1A 2D 3B 1D]	4	11
14	123456862	32	8	25	19	33	1	11	13	0	0	1	1	0	0	0	0	215	8	0	17	2	0	75	7	17	7	37	2	1	0	0	0	0	0	0	0	0	0	40	[1A 2D 3B 1D 1C]	5	11
15	123456862	15	5	7	9	46	4	28	28	0	0	1	1	0	0	0	0	269	9	0	30	2	0	54	7	9	4	56	4	9	3	0	0	0	0	0	0	0	0	40	[1A 2D 3B 1D 1C 1B 2B 3C 3D]	9	11
16	123456862	12	6	8	10	46	3	26	31	0	0	0	2	0	0	0	0	269	9	0	30	2	0	51	8	11	4	56	3	9	4	0	0	0	0	0	0	0	0	42	[1A 2D 3B 1D 1C 1B 2B 3C 3D]	9	11
17	123456862	4	3	6	11	53	4	24	37	0	0	0	2	0	0	0	0	288	9	1	31	2	1	44	4	12	6	62	2	9	6	0	0	0	0	0	0	1	0	42	[1A 2D 3B 1D 1C 1B 2B 3C 3D 2A]	10	11
18	123456862	3	3	6	12	53	3	22	40	0	0	0	2	0	0	0	0	288	9	1	31	2	1	41	5	11	9	62	1	8	8	0	0	0	0	0	0	1	0	44	[1A 2D 3B 1D 1C 1B 2B 3C 3D 2A]	10	11
19	123456862	3	3	4	14	53	2	22	41	0	0	0	2	0	0	0	0	288	9	1	31	2	1	41	1	12	12	62	1	7	9	0	0	0	0	0	0	1	0	44	[1A 2D 3B 1D 1C 1B 2B 3C 3D 2A]	10	11
20	123456862	3	2	5	14	53	1	21	43	0	0	0	2	0	0	0	0	288	9	1	31	2	1	41	1	12	12	62	0	8	9	0	0	0	0	0	0	1	0	44	[1A 2D 3B 1D 1C 1B 2B 3C 3D 2A]	10	11
21	123456862	3	1	6	14	53	1	18	46	0	0	0	2	0	0	0	0	288	9	1	31	2	1	41	0	12	13	62	0	7	10	0	0	0	0	0	0	1	0	44	[1A 2D 3B 1D 1C 1B 2B 3C 3D 2A]	10	11
22	123456862	22	1	0	13	33	1	21	51	0	0	0	2	0	0	0	0	332	9	1	38	2	1	60	1	5	8	42	0	13	16	0	0	0	0	0	0	1	0	45	[1D 1C 1B 2B 3C 3D 2A 2C 3A]	9	9
23	123456862	22	1	0	13	33	0	20	53	0	0	0	2	0	0	0	0	332	9	1	38	2	1	59	2	4	9	42	0	11	18	0	0	0	0	0	0	1	0	46	[1D 1C 1B 2B 3C 3D 2A 2C 3A]	9	9
24	123456862	21	1	1	13	33	0	16	57	0	0	0	2	0	0	0	0	332	9	1	38	2	1	57	3	5	9	42	0	11	18	0	0	0	0	0	0	1	0	46	[1D 1C 1B 2B 3C 3D 2A 2C 3A]	9	11
25	123456862	20	2	1	13	33	0	11	62	0	0	0	2	0	0	0	0	332	9	1	38	2	1	56	2	5	11	42	0	10	19	0	0	0	0	0	0	1	0	46	[1D 1C 1B 2B 3C 3D 2A 2C 3A]	9	11
26	123456862	24	2	1	21	29	0	9	57	0	0	0	1	0	0	0	0	332	9	1	38	2	1	63	1	5	13	35	0	9	19	0	0	0	0	0	0	0	1	46	[1C 1B 2B 3C 3D 2A 2C 3A]	8	10
27	123456862	24	2	0	22	29	0	8	58	0	0	0	1	0	0	0	0	332	9	1	38	2	1	63	1	5	13	35	0	7	21	0	0	0	0	0	0	0	1	46	[1C 1B 2B 3C 3D 2A 2C 3A]	8	10
28	123456862	30	2	0	28	23	0	6	55	0	0	0	0	0	0	0	0	332	9	1	38	2	1	68	1	4	17	29	0	5	21	0	0	0	0	0	0	0	1	47	[1B 2B 3C 3D 2A 2C 3A]	7	8
29	123456862	42	2	1	63	10	0	2	24	0	0	0	0	0	0	0	0	377	9	1	38	2	1	85	3	4	30	10	0	3	10	0	0	0	0	0	0	0	1	49	[2A 2C 3A]	3	5
30	123456862	42	2	1	63	10	0	2	24	0	0	0	0	0	0	0	0	377	12	1	38	2	1	85	3	3	31	10	0	3	10	0	0	0	0	0	0	0	1	49	[2A 2C 3A]	3	5
31	123456862	49	2	1	68	3	0	1	20	0	0	0	0	0	0	0	0	377	13	1	38	2	1	90	4	2	34	4	0	3	9	0	0	0	0	0	0	0	0	50	[2C 3A]	2	3
32	123456862	49	2	0	69	3	0	1	20	0	0	0	0	0	0	0	0	377	14	1	38	2	1	89	5	1	35	4	0	3	9	0	0	0	0	0	0	0	0	51	[2C 3A]	2	2
33	123456862	47	3	1	69	3	0	1	20	0	0	0	0	0	0	0	0	377	14	1	38	2	1	89	4	2	35	4	0	3	9	0	0	0	0	0	0	0	0	51	[2C 3A]	2	4
34	123456862	44	6	1	69	3	0	1	20	0	0	0	0	0	0	0	0	377	15	1	38	2	1	89	4	2	35	4	0	3	9	0	0	0	0	0	0	0	0	54	[2C 3A]	2	4
35	123456862	43	4	4	69	3	0	1	20	0	0	0	0	0	0	0	0	377	17	1	38	2	1	89	3	3	35	4	0	3	9	0	0	0	0	0	0	0	0	55	[2C 3A]	2	5
36	123456862	42	6	5	91	0	0	0	0	0	0	0	0	0	0	0	0	437	18	1	38	2	1	91	4	3	48	0	0	0	0	0	0	0	0	0	0	0	0	58	[]	0	5
37	123456862	39	7	7	91	0	0	0	0	0	0	0	0	0	0	0	0	437	18	1	38	2	1	88	6	4	48	0	0	0	0	0	0	0	0	0	0	0	0	59	[]	0	7
38	123456862	35	7	8	94	0	0	0	0	0	0	0	0	0	0	0	0	437	19	1	38	2	1	86	6	5	49	0	0	0	0	0	0	0	0	0	0	0	0	59	[]	0	6
39	123456862	30	9	9	96	0	0	0	0	0	0	0	0	0	0	0	0	437	20	1	38	2	1	85	6	5	50	0	0	0	0	0	0	0	0	0	0	0	0	59	[]	0	5
40	123456862	25	12	9	97	0	0	0	0	0	0	1	0	0	0	0	0	456	21	1	38	3	1	83	7	6	50	0	0	0	0	0	0	0	0	0	0	0	0	59	[]	0	5
41	123456862	23	8	6	94	1	2	5	4	0	0	1	0	0	0	0	0	475	23	1	43	4	1	79	5	5	49	3	2	0	2	0	0	1	0	0	0	0	0	61	[2D]	1	6
42	123456862	23	5	8	95	1	0	6	5	0	0	1	0	0	0	0	0	475	24	1	43	4	1	79	4	6	49	3	0	2	2	0	0	1	0	0	0	0	0	61	[2D]	1	7
43	123456862	21	4	1	90	3	1	11	12	0	0	1	0	0	0	0	0	587	25	1	48	4	1	74	5	4	47	6	0	5	4	0	0	1	0	0	0	0	0	62	[2D 2A]	2	7
44	123456862	21	3	2	90	3	1	10	13	0	0	1	0	0	0	0	0	587	26	1	48	4	1	73	5	5	47	6	0	4	5	0	0	1	0	0	0	0	0	62	[2D 2A]	2	8
45	123456862	21	2	3	90	3	1	9	14	0	0	1	0	0	0	0	0	606	26	1	48	4	1	72	4	6	48	6	0	2	7	0	0	1	0	0	0	0	0	62	[2D 2A]	2	8
46	123456862	19	4	2	90	3	1	9	14	0	0	2	0	0	0	0	0	625	27	1	48	5	1	70	6	5	49	6	0	1	8	0	0	1	0	0	0	0	0	66	[2D 2A]	2	8
47	123456862	17	5	3	90	3	1	9	14	0	0	1	1	0	0	0	0	625	27	1	48	5	1	69	4	7	50	6	0	1	8	0	0	1	0	0	0	0	0	68	[2D 2A]	2	7
48	123456862	12	4	3	74	7	2	9	31	0	0	1	1	0	0	0	0	682	28	1	51	5	1	61	3	5	45	13	1	3	14	0	0	1	0	0	0	0	0	70	[2D 2A 1B 3C]	4	8
49	123456862	12	4	2	75	7	2	8	32	0	0	1	1	0	0	0	0	682	28	1	51	5	1	61	3	3	47	13	1	1	16	0	0	1	0	0	0	0	0	70	[2D 2A 1B 3C]	4	6
50	123456862	12	3	2	64	7	1	8	45	0	0	1	1	0	0	0	0	740	31	1	53	5	1	60	1	2	43	14	2	2	21	0	0	1	0	0	0	0	0	70	[2D 2A 1B 3C 3A]	5	7
51	123456862	12	2	2	65	7	1	6	47	0	0	1	1	0	0	0	0	759	31	1	53	5	1	60	1	2	43	14	2	0	23	0	0	1	0	0	0	0	0	70	[2D 2A 1B 3C 3A]	5	6
52	123456862	12	2	1	66	7	0	7	47	0	0	1	1	0	0	0	0	759	31	1	53	5	1	60	1	2	43	14	0	2	23	0	0	1	0	0	0	0	0	70	[2D 2A 1B 3C 3A]	5	6
53	123456862	12	1	2	66	7	0	6	48	0	0	0	2	0	0	0	0	759	32	1	53	5	1	60	1	2	43	14	0	2	23	0	0	1	0	0	0	0	0	70	[2D 2A 1B 3C 3A]	5	5
54	123456862	12	1	2	67	7	0	3	51	0	0	0	1	0	0	0	0	759	33	1	53	5	1	60	1	1	44	14	0	2	23	0	0	1	0	0	0	0	0	70	[2D 2A 1B 3C 3A]	5	5
55	123456862	13	1	1	79	6	0	1	42	0	0	0	1	0	0	0	0	759	36	1	53	5	1	63	1	1	49	11	0	2	19	0	0	0	0	0	0	0	0	70	[2A 1B 3C 3A]	4	4
56	123456862	12	2	1	79	6	0	1	42	0	0	0	1	0	0	0	0	759	36	1	53	5	1	63	1	1	49	11	0	2	19	0	0	0	0	0	0	0	0	71	[2A 1B 3C 3A]	4	4
57	123456862	14	2	1	90	4	0	0	32	0	0	0	1	0	0	0	0	804	38	1	53	5	1	66	1	0	55	8	0	1	15	0	0	0	0	0	0	0	0	71	[1B 3C 3A]	3	2
58	123456862	13	3	1	90	4	0	0	32	0	0	0	1	0	0	0	0	804	39	1	53	5	1	66	1	0	55	8	0	1	15	0	0	0	0	0	0	0	0	72	[1B 3C 3A]	3	2
59	123456862	12	2	3	90	4	0	0	32	0	0	0	1	0	0	0	0	804	39	1	53	5	1	66	1	0	55	8	0	1	15	0	0	0	0	0	0	0	0	73	[1B 3C 3A]	3	3
60	123456862	11	2	3	92	4	0	0	32	0	0	0	0	0	0	0	0	804	40	1	53	5	1	66	0	1	55	8	0	1	15	0	0	0	0	0	0	0	0	73	[1B 3C 3A]	3	3
