day	seedRun	susceptible	exposed	infected	removed	susceptible-in-quarantine	exposed-in-quarantine	infected-in-quarantine	removed-in-quarantine	susceptible-in-quarantine-external-1	exposed-in-quarantine-external-1	infected-in-quarantine-external-1	removed-in-quarantine-external-1	susceptible-in-quarantine-external-2	exposed-in-quarantine-external-2	infected-in-quarantine-external-2	removed-in-quarantine-external-2	num-of-screened-agents	num-of-screened-agents-external-1	num-of-screened-agents-external-2	num-of-positive-agents	num-of-positive-agents-external-1	num-of-positive-agents-external-2	num-vaccinated-susceptible	num-vaccinated-exposed	num-vaccinated-infected	num-vaccinated-removed	num-vaccinated-susceptible-in-quarantine	num-vaccinated-exposed-in-quarantine	num-vaccinated-infected-in-quarantine	num-vaccinated-removed-in-quarantine	num-vaccinated-susceptible-in-quarantine-external-1	num-vaccinated-exposed-in-quarantine-external-1	num-vaccinated-infected-in-quarantine-external-1	num-vaccinated-removed-in-quarantine-external-1	num-vaccinated-susceptible-in-quarantine-external-2	num-vaccinated-exposed-in-quarantine-external-2	num-vaccinated-infected-in-quarantine-external-2	num-vaccinated-removed-in-quarantine-external-2	num-infected-outside	classroom-in-quarantine	num-of-classroom-in-quarantine	classroom-with-at-least-one-infected
0	123457195	144	0	0	0	0	0	0	0	0	0	0	0	0	0	0	0	0	0	0	0	0	0	146	0	0	0	0	0	0	0	0	0	0	0	0	0	0	0	0	[]	0	0
1	123457195	141	3	0	0	0	0	0	0	0	0	0	0	0	0	0	0	60	0	0	0	0	0	145	1	0	0	0	0	0	0	0	0	0	0	0	0	0	0	4	[]	0	0
2	123457195	136	7	1	0	0	0	0	0	0	0	0	0	0	0	0	0	60	1	0	0	0	0	143	3	0	0	0	0	0	0	0	0	0	0	0	0	0	0	7	[]	0	1
3	123457195	132	10	1	1	0	0	0	0	0	0	0	0	0	0	0	0	60	3	0	0	0	0	141	5	0	0	0	0	0	0	0	0	0	0	0	0	0	0	12	[]	0	1
4	123457195	126	13	4	1	0	0	0	0	0	0	0	0	0	0	0	0	60	3	0	0	0	0	141	3	2	0	0	0	0	0	0	0	0	0	0	0	0	0	13	[]	0	4
5	123457195	114	20	8	2	0	0	0	0	0	0	0	0	0	0	0	0	60	3	0	0	0	0	137	5	4	0	0	0	0	0	0	0	0	0	0	0	0	0	19	[]	0	6
6	123457195	111	19	11	3	0	0	0	0	0	0	0	0	0	0	0	0	60	3	0	0	0	0	137	5	4	0	0	0	0	0	0	0	0	0	0	0	0	0	22	[]	0	6
7	123457195	104	22	14	4	0	0	0	0	0	0	0	0	0	0	0	0	60	4	0	0	0	0	137	4	5	0	0	0	0	0	0	0	0	0	0	0	0	0	29	[]	0	7
8	123457195	61	28	16	3	25	3	7	1	0	0	0	0	0	0	0	0	177	4	0	7	0	0	106	11	4	1	23	1	0	0	0	0	0	0	0	0	0	0	31	[2B 3B 3C]	3	9
9	123457195	43	34	26	5	25	2	8	1	0	0	0	0	0	0	0	0	177	5	0	7	0	0	101	12	8	1	23	1	0	0	0	0	0	0	0	0	0	0	34	[2B 3B 3C]	3	11
10	123457195	32	37	27	12	25	1	8	2	0	0	0	0	0	0	0	0	177	6	0	7	0	0	96	12	12	2	23	0	1	0	0	0	0	0	0	0	0	0	37	[2B 3B 3C]	3	10
11	123457195	23	34	34	17	25	0	8	3	0	0	0	0	0	0	0	0	177	6	0	7	0	0	85	18	16	3	23	0	1	0	0	0	0	0	0	0	0	0	37	[2B 3B 3C]	3	12
12	123457195	14	31	34	17	26	3	12	6	0	0	1	0	0	0	0	0	196	7	0	12	1	0	73	21	15	5	28	2	1	1	0	0	0	0	0	0	0	0	39	[2B 3B 3C 2D]	4	12
13	123457195	13	22	39	22	26	1	14	6	0	0	1	0	0	0	0	0	196	8	0	12	1	0	73	13	20	8	28	2	0	2	0	0	0	0	0	0	0	0	40	[2B 3B 3C 2D]	4	12
14	123457195	12	18	40	26	26	1	12	8	0	0	1	0	0	0	0	0	196	8	0	12	1	0	73	10	17	14	28	1	1	2	0	0	0	0	0	0	0	0	41	[2B 3B 3C 2D]	4	12
15	123457195	0	0	0	0	38	13	48	43	0	0	2	0	0	0	0	0	345	9	0	54	2	0	37	2	4	7	64	5	16	11	0	0	0	0	0	0	0	0	41	[2B 3B 3C 2D 3A 1A 1B 1C 1D 2A 2C 3D]	12	12
16	123457195	0	0	0	0	38	10	39	55	0	0	2	0	0	0	0	0	345	9	0	54	2	0	37	1	5	7	64	1	17	14	0	0	0	0	0	0	0	0	41	[2B 3B 3C 2D 3A 1A 1B 1C 1D 2A 2C 3D]	12	12
17	123457195	0	0	0	0	38	7	40	57	0	0	2	0	0	0	0	0	345	9	0	54	2	0	37	0	6	7	64	1	17	14	0	0	0	0	0	0	0	0	41	[2B 3B 3C 2D 3A 1A 1B 1C 1D 2A 2C 3D]	12	12
18	123457195	0	0	0	0	38	5	39	60	0	0	1	1	0	0	0	0	345	9	0	54	2	0	36	1	3	10	64	1	15	16	0	0	0	0	0	0	0	0	42	[2B 3B 3C 2D 3A 1A 1B 1C 1D 2A 2C 3D]	12	12
19	123457195	0	0	0	0	38	3	36	65	0	0	1	1	0	0	0	0	345	9	0	54	2	0	35	2	3	10	64	1	14	17	0	0	0	0	0	0	0	0	43	[2B 3B 3C 2D 3A 1A 1B 1C 1D 2A 2C 3D]	12	12
20	123457195	0	0	0	0	38	2	33	69	0	0	1	1	0	0	0	0	345	9	0	54	2	0	35	1	4	10	64	0	13	19	0	0	0	0	0	0	0	0	43	[2B 3B 3C 2D 3A 1A 1B 1C 1D 2A 2C 3D]	12	12
21	123457195	0	0	0	0	38	2	28	74	0	0	0	2	0	0	0	0	345	9	0	54	2	0	35	0	5	10	64	0	12	20	0	0	0	0	0	0	0	0	43	[2B 3B 3C 2D 3A 1A 1B 1C 1D 2A 2C 3D]	12	11
22	123457195	25	0	0	11	13	0	25	68	0	0	0	2	0	0	0	0	360	9	0	54	2	0	57	1	5	11	41	0	7	24	0	0	0	0	0	0	0	0	44	[2D 3A 1A 1B 1C 1D 2A 2C 3D]	9	9
23	123457195	24	1	0	11	13	0	20	73	0	0	0	2	0	0	0	0	360	9	0	54	2	0	57	1	4	12	41	0	4	27	0	0	0	0	0	0	0	0	45	[2D 3A 1A 1B 1C 1D 2A 2C 3D]	9	8
24	123457195	23	2	0	11	13	0	19	74	0	0	0	2	0	0	0	0	360	9	0	54	2	0	57	1	2	14	41	0	3	28	0	0	0	0	0	0	0	0	46	[2D 3A 1A 1B 1C 1D 2A 2C 3D]	9	8
25	123457195	21	4	0	11	13	0	15	78	0	0	0	2	0	0	0	0	360	9	0	54	2	0	57	1	2	14	41	0	0	31	0	0	0	0	0	0	0	0	48	[2D 3A 1A 1B 1C 1D 2A 2C 3D]	9	7
26	123457195	18	7	1	22	12	0	12	71	0	0	0	1	0	0	0	0	360	10	0	54	2	0	62	1	2	17	36	0	0	28	0	0	0	0	0	0	0	0	50	[3A 1A 1B 1C 1D 2A 2C 3D]	8	7
27	123457195	18	7	1	22	12	0	11	72	0	0	0	1	0	0	0	0	360	11	0	54	2	0	61	2	2	17	36	0	0	28	0	0	0	0	0	0	0	0	51	[3A 1A 1B 1C 1D 2A 2C 3D]	8	6
28	123457195	18	5	3	22	12	0	9	74	0	0	0	1	0	0	0	0	360	11	0	54	2	0	61	2	1	18	36	0	0	28	0	0	0	0	0	0	0	0	51	[3A 1A 1B 1C 1D 2A 2C 3D]	8	7
29	123457195	28	7	3	106	0	0	0	0	0	0	0	0	0	0	0	0	420	11	0	54	2	0	96	3	1	46	0	0	0	0	0	0	0	0	0	0	0	0	52	[]	0	2
30	123457195	26	7	5	106	0	0	0	0	0	0	0	0	0	0	0	0	420	11	0	54	2	0	93	6	1	46	0	0	0	0	0	0	0	0	0	0	0	0	53	[]	0	2
31	123457195	25	4	8	107	0	0	0	0	0	0	0	0	0	0	0	0	420	12	0	54	2	0	90	7	3	46	0	0	0	0	0	0	0	0	0	0	0	0	53	[]	0	3
32	123457195	23	5	8	108	0	0	0	0	0	0	0	0	0	0	0	0	420	12	0	54	2	0	85	9	6	46	0	0	0	0	0	0	0	0	0	0	0	0	57	[]	0	4
33	123457195	20	6	10	108	0	0	0	0	0	0	0	0	0	0	0	0	420	13	0	54	2	0	83	9	8	46	0	0	0	0	0	0	0	0	0	0	0	0	58	[]	0	5
34	123457195	20	5	9	110	0	0	0	0	0	0	0	0	0	0	0	0	420	13	0	54	2	0	82	4	14	46	0	0	0	0	0	0	0	0	0	0	0	0	59	[]	0	5
35	123457195	19	5	10	110	0	0	0	0	0	0	0	0	0	0	0	0	420	13	0	54	2	0	82	3	11	50	0	0	0	0	0	0	0	0	0	0	0	0	60	[]	0	4
36	123457195	14	2	1	102	5	2	9	9	0	0	0	0	0	0	0	0	537	14	0	69	2	0	76	1	4	49	6	0	6	4	0	0	0	0	0	0	0	0	60	[2B 3B]	2	5
37	123457195	13	3	1	102	5	1	9	10	0	0	0	0	0	0	0	0	537	16	0	69	2	0	76	1	4	49	6	0	6	4	0	0	0	0	0	0	0	0	60	[2B 3B]	2	5
38	123457195	12	2	3	102	5	1	8	11	0	0	0	0	0	0	0	0	537	17	0	69	2	0	75	2	4	49	6	0	5	5	0	0	0	0	0	0	0	0	60	[2B 3B]	2	4
39	123457195	11	2	3	103	5	0	7	13	0	0	0	0	0	0	0	0	537	18	0	69	2	0	74	3	4	49	6	0	4	6	0	0	0	0	0	0	0	0	60	[2B 3B]	2	4
40	123457195	11	2	3	103	5	0	6	14	0	0	0	0	0	0	0	0	537	19	0	69	2	0	74	2	4	50	6	0	4	6	0	0	0	0	0	0	0	0	60	[2B 3B]	2	4
41	123457195	11	2	3	103	5	0	5	15	0	0	0	0	0	0	0	0	556	19	0	69	2	0	73	3	4	50	6	0	3	7	0	0	0	0	0	0	0	0	61	[2B 3B]	2	4
42	123457195	11	1	3	104	5	0	4	16	0	0	0	0	0	0	0	0	556	19	0	69	2	0	73	1	6	50	6	0	3	7	0	0	0	0	0	0	0	0	61	[2B 3B]	2	5
43	123457195	11	1	3	104	5	0	4	16	0	0	0	0	0	0	0	0	624	19	0	70	2	0	73	0	6	50	6	0	4	7	0	0	0	0	0	0	0	0	61	[2B 3B]	2	6
44	123457195	11	1	3	104	5	0	3	17	0	0	0	0	0	0	0	0	624	19	0	70	2	0	71	2	6	50	6	0	4	7	0	0	0	0	0	0	0	0	62	[2B 3B]	2	6
45	123457195	11	1	3	104	5	0	3	17	0	0	0	0	0	0	0	0	624	19	0	70	2	0	69	4	6	50	6	0	2	9	0	0	0	0	0	0	0	0	63	[2B 3B]	2	5
46	123457195	11	0	3	105	5	0	3	17	0	0	0	0	0	0	0	0	624	20	0	70	2	0	67	5	6	51	6	0	2	9	0	0	0	0	0	0	0	0	64	[2B 3B]	2	4
47	123457195	11	0	0	96	5	0	5	26	0	0	0	0	0	0	1	0	643	20	1	76	2	1	65	3	3	50	7	2	5	11	0	0	0	0	0	0	0	0	65	[2B 3B 3C]	3	4
48	123457195	10	1	0	96	5	0	5	26	0	0	0	0	0	0	1	0	662	20	1	76	2	1	63	4	4	50	7	2	5	11	0	0	0	0	0	0	0	0	68	[2B 3B 3C]	3	5
49	123457195	10	1	0	96	5	0	4	27	0	0	0	0	0	0	1	0	662	20	1	76	2	1	63	1	7	50	7	2	5	11	0	0	0	0	0	0	0	0	68	[2B 3B 3C]	3	6
50	123457195	15	0	0	116	0	0	1	11	0	0	0	0	0	0	1	0	754	22	1	78	2	1	69	1	6	60	1	1	6	2	0	0	0	0	0	0	0	0	68	[3C]	1	5
51	123457195	15	0	0	116	0	0	1	11	0	0	0	0	0	0	1	0	754	23	1	78	2	1	68	1	6	61	1	1	5	3	0	0	0	0	0	0	0	0	68	[3C]	1	5
52	123457195	14	1	0	116	0	0	1	11	0	0	0	0	0	0	1	0	754	24	1	78	2	1	68	1	5	62	1	0	6	3	0	0	0	0	0	0	0	0	69	[3C]	1	4
53	123457195	12	2	1	116	0	0	1	11	0	0	0	0	0	0	1	0	754	25	1	78	2	1	68	1	5	62	1	0	6	3	0	0	0	0	0	0	0	0	69	[3C]	1	5
54	123457195	12	2	1	116	0	0	0	12	0	0	0	0	0	0	1	0	754	25	1	78	2	1	68	1	5	62	1	0	5	4	0	0	0	0	0	0	0	0	69	[3C]	1	4
55	123457195	12	0	3	116	0	0	0	12	0	0	0	0	0	0	1	0	792	26	1	78	2	1	67	1	4	64	1	0	3	6	0	0	0	0	0	0	0	0	70	[3C]	1	5
56	123457195	12	0	3	116	0	0	0	12	0	0	0	0	0	0	1	0	792	27	1	78	2	1	67	0	5	64	1	0	3	6	0	0	0	0	0	0	0	0	70	[3C]	1	5
57	123457195	11	1	3	116	0	0	0	12	0	0	0	0	0	0	1	0	864	28	1	78	3	1	66	1	4	65	1	0	3	5	0	0	1	0	0	0	0	0	70	[3C]	1	5
58	123457195	11	1	3	116	0	0	0	12	0	0	0	0	0	0	1	0	864	29	1	78	3	1	64	3	3	66	1	0	3	5	0	0	0	1	0	0	0	0	71	[3C]	1	4
59	123457195	11	1	1	118	0	0	0	12	0	0	0	0	0	0	0	1	864	30	1	78	3	1	64	2	4	66	1	0	2	6	0	0	0	1	0	0	0	0	71	[3C]	1	4
60	123457195	11	1	1	118	0	0	0	12	0	0	0	0	0	0	0	1	864	30	1	78	3	1	64	2	4	66	1	0	2	6	0	0	0	1	0	0	0	0	71	[3C]	1	4
