day	seedRun	susceptible	exposed	infected	removed	susceptible-in-quarantine	exposed-in-quarantine	infected-in-quarantine	removed-in-quarantine	susceptible-in-quarantine-external-1	exposed-in-quarantine-external-1	infected-in-quarantine-external-1	removed-in-quarantine-external-1	susceptible-in-quarantine-external-2	exposed-in-quarantine-external-2	infected-in-quarantine-external-2	removed-in-quarantine-external-2	num-of-screened-agents	num-of-screened-agents-external-1	num-of-screened-agents-external-2	num-of-positive-agents	num-of-positive-agents-external-1	num-of-positive-agents-external-2	num-vaccinated	num-immunized	num-immunized-in-quarantine	num-immunized-in-quarantine-external-1	num-immunized-in-quarantine-external-2	num-infected-outside	classroom-in-quarantine	num-of-classroom-in-quarantine	classroom-with-at-least-one-infected
0	123456830	216	0	0	0	0	0	0	0	0	0	0	0	0	0	0	0	0	0	0	0	0	0	74	74	0	0	0	0	[]	0	0
1	123456830	211	5	0	0	0	0	0	0	0	0	0	0	0	0	0	0	60	1	0	0	0	0	74	74	0	0	0	5	[]	0	0
2	123456830	206	10	0	0	0	0	0	0	0	0	0	0	0	0	0	0	60	2	0	0	0	0	74	74	0	0	0	10	[]	0	0
3	123456830	201	15	0	0	0	0	0	0	0	0	0	0	0	0	0	0	60	6	0	0	0	0	74	74	0	0	0	15	[]	0	0
4	123456830	173	39	4	0	0	0	0	0	0	0	0	0	0	0	0	0	60	10	0	0	0	0	74	74	0	0	0	20	[]	0	3
5	123456830	120	81	15	0	0	0	0	0	0	0	0	0	0	0	0	0	60	10	0	0	0	0	74	74	0	0	0	22	[]	0	7
6	123456830	104	48	26	2	11	14	8	1	0	0	0	0	0	0	2	0	98	11	2	8	0	2	74	70	4	0	0	27	[1B 3D]	2	9
7	123456830	95	31	34	2	18	16	15	2	0	0	1	0	0	0	2	0	117	13	2	14	1	2	74	68	6	0	0	29	[1B 3D 2D]	3	10
8	123456830	75	23	2	1	25	30	46	10	0	0	1	0	0	0	3	0	270	13	3	45	1	3	74	62	12	0	0	30	[1B 3D 2D 1A 3A 3C]	6	11
9	123456830	42	47	11	1	25	24	49	13	0	0	1	0	0	0	3	0	270	17	3	45	1	3	74	62	12	0	0	30	[1B 3D 2D 1A 3A 3C]	6	11
10	123456830	23	51	26	1	25	23	45	18	0	0	1	0	0	0	3	0	270	17	3	45	1	3	74	62	12	0	0	30	[1B 3D 2D 1A 3A 3C]	6	12
11	123456830	3	36	13	1	25	36	71	24	0	0	1	0	0	0	6	0	321	17	6	68	1	6	74	56	18	0	0	30	[1B 3D 2D 1A 3A 3C 3B 2C 1C]	9	12
12	123456830	0	13	4	1	28	44	82	35	0	0	0	1	0	0	7	1	358	18	8	80	1	8	74	52	22	0	0	30	[1B 3D 2D 1A 3A 3C 3B 2C 1C 2A 1D]	11	12
13	123456830	0	10	7	1	28	34	79	48	0	0	0	1	0	0	6	2	358	18	8	80	1	8	74	52	22	0	0	30	[1B 3D 2D 1A 3A 3C 3B 2C 1C 2A 1D]	11	12
14	123456830	0	7	10	1	28	23	78	60	0	0	0	1	0	0	5	3	358	18	8	80	1	8	74	52	22	0	0	30	[1B 3D 2D 1A 3A 3C 3B 2C 1C 2A 1D]	11	12
15	123456830	0	0	0	0	28	23	83	72	0	0	0	1	0	0	6	3	377	18	9	89	1	9	74	50	24	0	0	30	[1B 3D 2D 1A 3A 3C 3B 2C 1C 2A 1D 2B]	12	12
16	123456830	10	1	0	25	17	12	74	69	0	0	0	1	0	0	4	3	377	18	9	89	1	9	74	54	20	0	0	31	[2D 1A 3A 3C 3B 2C 1C 2A 1D 2B]	10	10
17	123456830	17	1	0	36	10	8	63	74	0	0	0	0	0	0	4	3	377	18	9	89	1	9	74	56	18	0	0	31	[1A 3A 3C 3B 2C 1C 2A 1D 2B]	9	9
18	123456830	24	1	0	83	3	4	43	51	0	0	0	0	0	0	4	3	377	18	9	89	1	9	74	62	12	0	0	31	[3B 2C 1C 2A 1D 2B]	6	6
19	123456830	23	2	0	83	3	3	37	58	0	0	0	0	0	0	4	3	377	19	9	89	1	9	74	62	12	0	0	32	[3B 2C 1C 2A 1D 2B]	6	6
20	123456830	22	3	0	83	3	0	37	61	0	0	0	0	0	0	4	3	377	20	9	89	1	9	74	62	12	0	0	33	[3B 2C 1C 2A 1D 2B]	6	6
21	123456830	22	3	0	137	3	0	18	30	0	0	0	0	0	0	1	2	377	21	9	89	1	9	74	68	6	0	0	33	[2A 1D 2B]	3	3
22	123456830	22	5	1	170	0	0	8	9	0	0	0	0	0	0	0	1	432	23	9	89	1	9	74	72	2	0	0	33	[2B]	1	2
23	123456830	15	11	2	170	0	0	7	10	0	0	0	0	0	0	0	1	432	25	9	89	1	9	74	72	2	0	0	34	[2B]	1	3
24	123456830	9	9	10	170	0	0	7	10	0	0	0	0	0	0	0	1	432	26	9	89	1	9	74	72	2	0	0	34	[2B]	1	5
25	123456830	7	9	8	192	0	0	0	0	0	0	0	0	0	0	0	0	432	30	9	89	1	9	74	74	0	0	0	34	[]	0	3
26	123456830	7	8	7	194	0	0	0	0	0	0	0	0	0	0	0	0	432	31	9	89	1	9	74	74	0	0	0	34	[]	0	2
27	123456830	7	8	7	194	0	0	0	0	0	0	0	0	0	0	0	0	432	34	9	89	1	9	74	74	0	0	0	34	[]	0	2
28	123456830	7	7	6	196	0	0	0	0	0	0	0	0	0	0	0	0	432	35	9	89	1	9	74	74	0	0	0	34	[]	0	2
29	123456830	7	4	1	185	0	1	7	11	0	0	0	0	0	0	0	0	530	37	9	96	1	9	74	72	2	0	0	34	[3D]	1	3
30	123456830	7	3	1	185	0	1	5	13	0	0	0	0	0	0	1	0	548	39	10	96	1	10	74	72	2	0	0	34	[3D]	1	3
31	123456830	7	2	2	185	0	1	5	13	0	0	0	0	0	0	1	0	548	39	10	96	1	10	74	72	2	0	0	34	[3D]	1	4
32	123456830	7	2	2	185	0	1	5	13	0	0	0	0	0	0	1	0	548	40	10	96	1	10	74	72	2	0	0	34	[3D]	1	4
33	123456830	7	1	2	186	0	1	5	13	0	0	0	0	0	0	1	0	548	41	10	96	1	10	74	72	2	0	0	34	[3D]	1	3
34	123456830	7	1	1	186	0	1	5	14	0	0	0	0	0	0	1	0	566	44	10	97	1	10	74	72	2	0	0	34	[3D]	1	3
35	123456830	7	0	2	186	0	1	4	15	0	0	0	0	0	0	1	0	566	45	10	97	1	10	74	72	2	0	0	34	[3D]	1	3
36	123456830	7	0	2	186	0	1	3	16	0	0	0	0	0	0	1	0	620	47	10	97	1	10	74	72	2	0	0	34	[3D]	1	3
37	123456830	7	0	1	187	0	0	3	17	0	0	0	0	0	0	1	0	620	49	10	97	1	10	74	72	2	0	0	34	[3D]	1	3
38	123456830	7	0	1	187	0	0	3	17	0	0	0	0	0	0	0	1	620	49	10	97	1	10	74	72	2	0	0	34	[3D]	1	2
39	123456830	7	0	1	206	0	0	0	1	0	0	0	0	0	0	0	1	620	53	10	97	1	10	74	74	0	0	0	34	[]	0	1
40	123456830	7	0	1	207	0	0	0	1	0	0	0	0	0	0	0	0	620	53	10	97	1	10	74	74	0	0	0	34	[]	0	1
41	123456830	7	0	1	207	0	0	0	1	0	0	0	0	0	0	0	0	620	54	10	97	1	10	74	74	0	0	0	34	[]	0	1
42	123456830	7	0	1	207	0	0	0	1	0	0	0	0	0	0	0	0	620	56	10	97	1	10	74	74	0	0	0	34	[]	0	1
43	123456830	7	0	1	207	0	0	0	1	0	0	0	0	0	0	0	0	680	57	10	97	1	10	74	74	0	0	0	34	[]	0	1
44	123456830	7	0	1	208	0	0	0	0	0	0	0	0	0	0	0	0	680	60	10	97	1	10	74	74	0	0	0	34	[]	0	1
45	123456830	7	0	1	208	0	0	0	0	0	0	0	0	0	0	0	0	680	61	10	97	1	10	74	74	0	0	0	34	[]	0	1
46	123456830	6	1	1	208	0	0	0	0	0	0	0	0	0	0	0	0	680	64	10	97	1	10	74	74	0	0	0	35	[]	0	1
47	123456830	6	1	1	208	0	0	0	0	0	0	0	0	0	0	0	0	680	64	10	97	1	10	74	74	0	0	0	35	[]	0	1
48	123456830	6	0	2	208	0	0	0	0	0	0	0	0	0	0	0	0	680	67	10	97	1	10	74	74	0	0	0	35	[]	0	2
49	123456830	6	0	2	208	0	0	0	0	0	0	0	0	0	0	0	0	680	67	10	97	1	10	74	74	0	0	0	35	[]	0	2
50	123456830	6	0	0	210	0	0	0	0	0	0	0	0	0	0	0	0	740	68	10	97	1	10	74	74	0	0	0	35	[]	0	0
51	123456830	6	0	0	210	0	0	0	0	0	0	0	0	0	0	0	0	740	70	10	97	1	10	74	74	0	0	0	35	[]	0	0
52	123456830	6	0	0	210	0	0	0	0	0	0	0	0	0	0	0	0	740	71	10	97	1	10	74	74	0	0	0	35	[]	0	0
53	123456830	6	0	0	210	0	0	0	0	0	0	0	0	0	0	0	0	740	73	10	97	1	10	74	74	0	0	0	35	[]	0	0
54	123456830	4	2	0	210	0	0	0	0	0	0	0	0	0	0	0	0	740	77	10	97	1	10	74	74	0	0	0	37	[]	0	0
55	123456830	4	0	2	210	0	0	0	0	0	0	0	0	0	0	0	0	740	77	10	97	1	10	74	74	0	0	0	37	[]	0	1
56	123456830	4	0	2	210	0	0	0	0	0	0	0	0	0	0	0	0	740	78	10	97	1	10	74	74	0	0	0	37	[]	0	1
57	123456830	4	0	0	211	0	0	1	0	0	0	0	0	0	0	0	0	819	80	10	98	1	10	74	74	0	0	0	37	[]	0	1
58	123456830	4	0	0	211	0	0	1	0	0	0	0	0	0	0	0	0	819	84	10	98	1	10	74	74	0	0	0	37	[]	0	1
59	123456830	4	0	0	211	0	0	1	0	0	0	0	0	0	0	0	0	819	87	10	98	1	10	74	74	0	0	0	37	[]	0	1
60	123456830	4	0	0	211	0	0	1	0	0	0	0	0	0	0	0	0	819	89	10	98	1	10	74	74	0	0	0	37	[]	0	1
