day	seedRun	susceptible	exposed	infected	removed	susceptible-in-quarantine	exposed-in-quarantine	infected-in-quarantine	removed-in-quarantine	susceptible-in-quarantine-external-1	exposed-in-quarantine-external-1	infected-in-quarantine-external-1	removed-in-quarantine-external-1	susceptible-in-quarantine-external-2	exposed-in-quarantine-external-2	infected-in-quarantine-external-2	removed-in-quarantine-external-2	num-of-screened-agents	num-of-screened-agents-external-1	num-of-screened-agents-external-2	num-of-positive-agents	num-of-positive-agents-external-1	num-of-positive-agents-external-2	num-vaccinated	num-immunized	num-immunized-in-quarantine	num-immunized-in-quarantine-external-1	num-immunized-in-quarantine-external-2	num-infected-outside	classroom-in-quarantine	num-of-classroom-in-quarantine	classroom-with-at-least-one-infected
0	123456984	239	0	0	0	0	0	0	0	0	0	0	0	0	0	0	0	0	0	0	0	0	0	74	51	0	0	0	0	[]	0	0
1	123456984	223	16	0	0	0	0	0	0	0	0	0	0	0	0	0	0	60	3	0	0	0	0	74	51	0	0	0	16	[]	0	0
2	123456984	177	54	5	0	0	0	2	0	0	0	0	0	0	0	1	0	79	3	1	2	0	1	74	51	0	0	0	26	[]	0	5
3	123456984	97	117	22	0	0	0	2	0	0	0	0	0	0	0	1	0	79	5	1	2	0	1	74	51	0	0	0	34	[]	0	10
4	123456984	46	120	49	3	5	8	6	0	0	0	0	0	0	0	2	0	98	5	2	6	0	2	74	49	2	0	0	36	[3B]	1	10
5	123456984	35	96	37	11	5	23	26	2	0	0	0	0	0	0	4	0	136	5	4	23	0	4	74	48	3	0	0	37	[3B 1C 1A]	3	10
6	123456984	35	58	38	10	5	31	40	16	0	0	1	0	0	0	5	0	174	8	5	36	1	5	74	46	5	0	0	37	[3B 1C 1A 3A 2B]	5	10
7	123456984	32	28	22	7	5	39	70	28	0	0	2	0	0	0	5	1	229	9	6	63	2	6	74	41	10	0	0	40	[3B 1C 1A 3A 2B 1D 3D 2D]	8	11
8	123456984	20	20	8	2	5	42	87	47	0	0	1	1	0	0	4	2	304	9	6	79	2	6	74	38	13	0	0	41	[3B 1C 1A 3A 2B 1D 3D 2D 1B 2C]	10	12
9	123456984	10	25	10	5	5	28	87	61	0	0	1	1	0	0	2	4	304	9	6	79	2	6	74	38	13	0	0	42	[3B 1C 1A 3A 2B 1D 3D 2D 1B 2C]	10	12
10	123456984	4	24	15	7	5	21	86	69	0	0	1	1	0	0	2	4	304	9	6	79	2	6	74	38	13	0	0	42	[3B 1C 1A 3A 2B 1D 3D 2D 1B 2C]	10	12
11	123456984	3	20	18	9	5	15	83	78	0	0	1	1	0	0	2	4	304	9	6	79	2	6	74	38	13	0	0	42	[3B 1C 1A 3A 2B 1D 3D 2D 1B 2C]	10	12
12	123456984	3	9	28	10	5	7	80	89	0	0	0	2	0	0	1	5	304	9	6	79	2	6	74	38	13	0	0	42	[3B 1C 1A 3A 2B 1D 3D 2D 1B 2C]	10	12
13	123456984	3	2	17	11	5	6	86	101	0	0	0	2	0	0	1	5	322	9	6	92	2	6	74	37	14	0	0	42	[3B 1C 1A 3A 2B 1D 3D 2D 1B 2C 3C]	11	12
14	123456984	8	2	17	24	0	4	68	109	0	0	0	2	0	0	1	4	322	9	6	92	2	6	74	39	12	0	0	42	[1C 1A 3A 2B 1D 3D 2D 1B 2C 3C]	10	11
15	123456984	4	5	2	61	0	3	57	102	0	0	0	2	0	0	1	2	361	9	6	99	2	6	74	38	13	0	0	45	[3A 2B 1D 3D 2D 1B 2C 3C 2A]	9	9
16	123456984	4	5	2	99	0	2	41	83	0	0	0	1	0	0	1	1	361	9	6	99	2	6	74	40	11	0	0	45	[1D 3D 2D 1B 2C 3C 2A]	7	7
17	123456984	1	6	4	154	0	2	23	49	0	0	0	0	0	0	0	0	361	12	6	99	2	6	74	45	6	0	0	46	[1B 2C 3C 2A]	4	5
18	123456984	0	6	5	191	0	1	15	21	0	0	0	0	0	0	0	0	361	14	6	99	2	6	74	48	3	0	0	47	[3C 2A]	2	3
19	123456984	0	6	5	191	0	0	15	22	0	0	0	0	0	0	0	0	361	16	6	99	2	6	74	48	3	0	0	47	[3C 2A]	2	3
20	123456984	0	3	7	192	0	0	12	25	0	0	0	0	0	0	0	0	361	17	6	99	2	6	74	48	3	0	0	47	[3C 2A]	2	3
21	123456984	0	2	8	192	0	0	12	25	0	0	0	0	0	0	0	0	361	18	6	99	2	6	74	48	3	0	0	47	[3C 2A]	2	3
22	123456984	0	2	8	192	0	0	10	27	0	0	0	0	0	0	0	0	411	18	6	99	2	6	74	48	3	0	0	47	[3C 2A]	2	3
23	123456984	0	1	8	212	0	0	4	14	0	0	0	0	0	0	0	0	411	19	6	99	2	6	74	49	2	0	0	47	[2A]	1	2
24	123456984	0	0	7	214	0	0	4	14	0	0	0	0	0	0	0	0	411	23	6	99	2	6	74	49	2	0	0	47	[2A]	1	2
25	123456984	0	0	6	233	0	0	0	0	0	0	0	0	0	0	0	0	411	25	6	99	2	6	74	51	0	0	0	47	[]	0	1
26	123456984	0	0	5	234	0	0	0	0	0	0	0	0	0	0	0	0	411	27	6	99	2	6	74	51	0	0	0	47	[]	0	1
27	123456984	0	0	5	234	0	0	0	0	0	0	0	0	0	0	0	0	411	30	6	99	2	6	74	51	0	0	0	47	[]	0	1
28	123456984	0	0	5	234	0	0	0	0	0	0	0	0	0	0	0	0	411	34	6	99	2	6	74	51	0	0	0	47	[]	0	1
29	123456984	0	0	4	235	0	0	0	0	0	0	0	0	0	0	0	0	471	34	6	99	2	6	74	51	0	0	0	47	[]	0	1
30	123456984	0	0	3	236	0	0	0	0	0	0	0	0	0	0	0	0	471	37	6	99	2	6	74	51	0	0	0	47	[]	0	1
31	123456984	0	0	3	236	0	0	0	0	0	0	0	0	0	0	0	0	471	40	6	99	2	6	74	51	0	0	0	47	[]	0	1
32	123456984	0	0	2	237	0	0	0	0	0	0	0	0	0	0	0	0	471	43	6	99	2	6	74	51	0	0	0	47	[]	0	1
33	123456984	0	0	0	239	0	0	0	0	0	0	0	0	0	0	0	0	471	44	6	99	2	6	74	51	0	0	0	47	[]	0	0
34	123456984	0	0	0	239	0	0	0	0	0	0	0	0	0	0	0	0	471	44	6	99	2	6	74	51	0	0	0	47	[]	0	0
35	123456984	0	0	0	239	0	0	0	0	0	0	0	0	0	0	0	0	471	48	6	99	2	6	74	51	0	0	0	47	[]	0	0
36	123456984	0	0	0	239	0	0	0	0	0	0	0	0	0	0	0	0	531	51	6	99	2	6	74	51	0	0	0	47	[]	0	0
37	123456984	0	0	0	239	0	0	0	0	0	0	0	0	0	0	0	0	531	57	6	99	2	6	74	51	0	0	0	47	[]	0	0
38	123456984	0	0	0	239	0	0	0	0	0	0	0	0	0	0	0	0	531	58	6	99	2	6	74	51	0	0	0	47	[]	0	0
39	123456984	0	0	0	239	0	0	0	0	0	0	0	0	0	0	0	0	531	60	6	99	2	6	74	51	0	0	0	47	[]	0	0
40	123456984	0	0	0	239	0	0	0	0	0	0	0	0	0	0	0	0	531	62	6	99	2	6	74	51	0	0	0	47	[]	0	0
41	123456984	0	0	0	239	0	0	0	0	0	0	0	0	0	0	0	0	531	64	6	99	2	6	74	51	0	0	0	47	[]	0	0
42	123456984	0	0	0	239	0	0	0	0	0	0	0	0	0	0	0	0	531	65	6	99	2	6	74	51	0	0	0	47	[]	0	0
43	123456984	0	0	0	239	0	0	0	0	0	0	0	0	0	0	0	0	591	68	6	99	2	6	74	51	0	0	0	47	[]	0	0
44	123456984	0	0	0	239	0	0	0	0	0	0	0	0	0	0	0	0	591	74	6	99	2	6	74	51	0	0	0	47	[]	0	0
45	123456984	0	0	0	239	0	0	0	0	0	0	0	0	0	0	0	0	591	78	6	99	2	6	74	51	0	0	0	47	[]	0	0
46	123456984	0	0	0	239	0	0	0	0	0	0	0	0	0	0	0	0	591	79	6	99	2	6	74	51	0	0	0	47	[]	0	0
47	123456984	0	0	0	239	0	0	0	0	0	0	0	0	0	0	0	0	591	79	6	99	2	6	74	51	0	0	0	47	[]	0	0
48	123456984	0	0	0	239	0	0	0	0	0	0	0	0	0	0	0	0	591	82	6	99	2	6	74	51	0	0	0	47	[]	0	0
49	123456984	0	0	0	239	0	0	0	0	0	0	0	0	0	0	0	0	591	83	6	99	2	6	74	51	0	0	0	47	[]	0	0
50	123456984	0	0	0	239	0	0	0	0	0	0	0	0	0	0	0	0	651	85	6	99	2	6	74	51	0	0	0	47	[]	0	0
51	123456984	0	0	0	239	0	0	0	0	0	0	0	0	0	0	0	0	651	89	6	99	2	6	74	51	0	0	0	47	[]	0	0
52	123456984	0	0	0	239	0	0	0	0	0	0	0	0	0	0	0	0	651	93	6	99	2	6	74	51	0	0	0	47	[]	0	0
53	123456984	0	0	0	239	0	0	0	0	0	0	0	0	0	0	0	0	651	96	6	99	2	6	74	51	0	0	0	47	[]	0	0
54	123456984	0	0	0	239	0	0	0	0	0	0	0	0	0	0	0	0	651	98	6	99	2	6	74	51	0	0	0	47	[]	0	0
55	123456984	0	0	0	239	0	0	0	0	0	0	0	0	0	0	0	0	651	99	6	99	2	6	74	51	0	0	0	47	[]	0	0
56	123456984	0	0	0	239	0	0	0	0	0	0	0	0	0	0	0	0	651	100	6	99	2	6	74	51	0	0	0	47	[]	0	0
57	123456984	0	0	0	239	0	0	0	0	0	0	0	0	0	0	0	0	711	102	6	99	2	6	74	51	0	0	0	47	[]	0	0
58	123456984	0	0	0	239	0	0	0	0	0	0	0	0	0	0	0	0	711	104	6	99	2	6	74	51	0	0	0	47	[]	0	0
59	123456984	0	0	0	239	0	0	0	0	0	0	0	0	0	0	0	0	711	106	6	99	2	6	74	51	0	0	0	47	[]	0	0
60	123456984	0	0	0	239	0	0	0	0	0	0	0	0	0	0	0	0	711	109	6	99	2	6	74	51	0	0	0	47	[]	0	0
