day	seedRun	susceptible	exposed	infected	removed	susceptible-in-quarantine	exposed-in-quarantine	infected-in-quarantine	removed-in-quarantine	susceptible-in-quarantine-external-1	exposed-in-quarantine-external-1	infected-in-quarantine-external-1	removed-in-quarantine-external-1	susceptible-in-quarantine-external-2	exposed-in-quarantine-external-2	infected-in-quarantine-external-2	removed-in-quarantine-external-2	num-of-screened-agents	num-of-screened-agents-external-1	num-of-screened-agents-external-2	num-of-positive-agents	num-of-positive-agents-external-1	num-of-positive-agents-external-2	num-vaccinated	num-immunized	num-immunized-in-quarantine	num-immunized-in-quarantine-external-1	num-immunized-in-quarantine-external-2	num-infected-outside	classroom-in-quarantine	num-of-classroom-in-quarantine	classroom-with-at-least-one-infected
0	123457097	238	0	0	0	0	0	0	0	0	0	0	0	0	0	0	0	0	0	0	0	0	0	74	52	0	0	0	0	[]	0	0
1	123457097	220	18	0	0	0	0	0	0	0	0	0	0	0	0	0	0	60	0	0	0	0	0	74	52	0	0	0	18	[]	0	0
2	123457097	193	41	4	0	0	0	0	0	0	0	0	0	0	0	0	0	60	2	0	0	0	0	74	52	0	0	0	30	[]	0	1
3	123457097	139	85	14	0	0	0	0	0	0	0	0	0	0	0	0	0	60	4	0	0	0	0	74	52	0	0	0	42	[]	0	7
4	123457097	77	125	26	4	0	0	4	0	0	0	2	0	0	0	0	0	98	7	0	4	2	0	74	52	0	0	0	51	[]	0	9
5	123457097	34	119	50	9	4	10	9	0	0	0	1	1	0	0	1	0	117	9	1	9	2	1	74	52	0	0	0	55	[2A]	1	11
6	123457097	30	85	64	14	4	12	23	2	0	0	2	1	0	0	1	0	136	12	1	20	3	1	74	51	1	0	0	59	[2A 1A]	2	12
7	123457097	23	45	42	9	6	32	57	16	0	0	2	1	0	0	4	1	212	12	5	54	3	5	74	45	7	0	0	64	[2A 1A 3D 1D 1C 1B]	6	11
8	123457097	7	32	18	12	10	38	83	30	0	0	2	1	0	0	2	3	256	13	5	69	3	5	74	41	11	0	0	64	[2A 1A 3D 1D 1C 1B 2B 2C 3A]	9	12
9	123457097	1	30	21	17	10	25	82	44	0	0	2	1	0	0	2	3	256	13	5	69	3	5	74	41	11	0	0	64	[2A 1A 3D 1D 1C 1B 2B 2C 3A]	9	12
10	123457097	0	22	27	20	10	18	76	57	0	0	2	1	0	0	2	3	256	13	5	69	3	5	74	41	11	0	0	64	[2A 1A 3D 1D 1C 1B 2B 2C 3A]	9	12
11	123457097	0	1	5	8	10	28	95	80	0	0	2	1	0	0	5	3	313	13	8	89	3	8	74	36	16	0	0	64	[2A 1A 3D 1D 1C 1B 2B 2C 3A 2D 3B 3C]	12	12
12	123457097	0	1	4	9	10	22	88	93	0	0	2	1	0	0	5	3	313	13	8	89	3	8	74	36	16	0	0	64	[2A 1A 3D 1D 1C 1B 2B 2C 3A 2D 3B 3C]	12	12
13	123457097	0	1	3	10	10	17	81	105	0	0	2	1	0	0	5	3	313	13	8	89	3	8	74	36	16	0	0	64	[2A 1A 3D 1D 1C 1B 2B 2C 3A 2D 3B 3C]	12	12
14	123457097	0	1	3	10	10	8	80	115	0	0	2	1	0	0	5	3	313	13	8	89	3	8	74	36	16	0	0	64	[2A 1A 3D 1D 1C 1B 2B 2C 3A 2D 3B 3C]	12	12
15	123457097	3	2	3	26	6	4	68	116	0	0	2	1	0	0	4	3	318	13	8	89	3	8	74	36	16	0	0	64	[1A 3D 1D 1C 1B 2B 2C 3A 2D 3B 3C]	11	11
16	123457097	3	2	1	47	6	3	53	114	0	0	1	1	0	0	3	4	318	15	8	89	3	8	74	37	15	0	0	64	[3D 1D 1C 1B 2B 2C 3A 2D 3B 3C]	10	10
17	123457097	3	3	2	119	4	2	29	71	0	0	1	1	0	0	2	1	318	15	8	89	3	8	74	43	9	0	0	64	[2B 2C 3A 2D 3B 3C]	6	7
18	123457097	5	4	3	171	0	0	18	34	0	0	0	0	0	0	2	1	318	17	8	89	3	8	74	47	5	0	0	65	[2D 3B 3C]	3	4
19	123457097	5	2	3	173	0	0	16	36	0	0	0	0	0	0	2	1	318	19	8	89	3	8	74	47	5	0	0	65	[2D 3B 3C]	3	5
20	123457097	5	1	4	173	0	0	14	38	0	0	0	0	0	0	2	1	318	19	8	89	3	8	74	47	5	0	0	65	[2D 3B 3C]	3	5
21	123457097	4	1	2	228	0	0	2	0	0	0	0	0	0	0	1	0	337	21	9	91	3	9	74	52	0	0	0	66	[]	0	2
22	123457097	3	2	2	228	0	0	1	1	0	0	0	0	0	0	1	0	397	22	9	91	3	9	74	52	0	0	0	66	[]	0	2
23	123457097	2	3	2	228	0	0	1	1	0	0	0	0	0	0	1	0	397	24	9	91	3	9	74	52	0	0	0	67	[]	0	2
24	123457097	2	0	4	229	0	0	1	1	0	0	0	0	0	0	1	0	397	25	9	91	3	9	74	52	0	0	0	67	[]	0	4
25	123457097	2	0	4	229	0	0	0	2	0	0	0	0	0	0	1	0	397	28	9	91	3	9	74	52	0	0	0	67	[]	0	4
26	123457097	2	0	4	229	0	0	0	2	0	0	0	0	0	0	1	0	414	32	9	91	3	9	74	52	0	0	0	67	[]	0	4
27	123457097	2	0	1	232	0	0	0	2	0	0	0	0	0	0	1	0	414	33	9	91	3	9	74	52	0	0	0	67	[]	0	1
28	123457097	2	0	1	232	0	0	0	2	0	0	0	0	0	0	1	0	414	34	9	91	3	9	74	52	0	0	0	67	[]	0	1
29	123457097	2	0	1	232	0	0	0	2	0	0	0	0	0	0	1	0	474	34	9	91	3	9	74	52	0	0	0	67	[]	0	1
30	123457097	2	0	1	232	0	0	0	2	0	0	0	0	0	0	1	0	474	37	9	91	3	9	74	52	0	0	0	67	[]	0	1
31	123457097	2	0	1	235	0	0	0	0	0	0	0	0	0	0	0	0	474	39	9	91	3	9	74	52	0	0	0	67	[]	0	0
32	123457097	2	0	1	235	0	0	0	0	0	0	0	0	0	0	0	0	474	40	9	91	3	9	74	52	0	0	0	67	[]	0	0
33	123457097	2	0	1	235	0	0	0	0	0	0	0	0	0	0	0	0	474	41	9	91	3	9	74	52	0	0	0	67	[]	0	0
34	123457097	2	0	1	235	0	0	0	0	0	0	0	0	0	0	0	0	474	43	9	91	3	9	74	52	0	0	0	67	[]	0	0
35	123457097	2	0	1	235	0	0	0	0	0	0	0	0	0	0	0	0	474	44	9	91	3	9	74	52	0	0	0	67	[]	0	0
36	123457097	2	0	0	236	0	0	0	0	0	0	0	0	0	0	0	0	534	46	9	91	3	9	74	52	0	0	0	67	[]	0	0
37	123457097	1	1	0	236	0	0	0	0	0	0	0	0	0	0	0	0	534	48	9	91	3	9	74	52	0	0	0	68	[]	0	0
38	123457097	1	0	1	236	0	0	0	0	0	0	0	0	0	0	0	0	534	50	9	91	3	9	74	52	0	0	0	68	[]	0	1
39	123457097	1	0	0	236	0	0	0	0	0	0	0	0	0	0	1	0	553	54	10	91	3	10	74	52	0	0	0	68	[]	0	1
40	123457097	1	0	0	236	0	0	0	0	0	0	0	0	0	0	1	0	553	55	10	91	3	10	74	52	0	0	0	68	[]	0	1
41	123457097	1	0	0	236	0	0	0	0	0	0	0	0	0	0	1	0	553	57	10	91	3	10	74	52	0	0	0	68	[]	0	1
42	123457097	1	0	0	236	0	0	0	0	0	0	0	0	0	0	1	0	553	59	10	91	3	10	74	52	0	0	0	68	[]	0	1
43	123457097	1	0	0	236	0	0	0	0	0	0	0	0	0	0	1	0	613	61	10	91	3	10	74	52	0	0	0	68	[]	0	1
44	123457097	1	0	0	236	0	0	0	0	0	0	0	0	0	0	1	0	632	61	10	91	3	10	74	52	0	0	0	68	[]	0	1
45	123457097	1	0	0	236	0	0	0	0	0	0	0	0	0	0	1	0	632	62	10	91	3	10	74	52	0	0	0	68	[]	0	1
46	123457097	1	0	0	236	0	0	0	0	0	0	0	0	0	0	0	1	632	62	10	91	3	10	74	52	0	0	0	68	[]	0	0
47	123457097	1	0	0	236	0	0	0	0	0	0	0	0	0	0	0	1	632	64	10	91	3	10	74	52	0	0	0	68	[]	0	0
48	123457097	0	1	0	236	0	0	0	0	0	0	0	0	0	0	0	1	632	64	10	91	3	10	74	52	0	0	0	69	[]	0	0
49	123457097	0	1	0	237	0	0	0	0	0	0	0	0	0	0	0	0	632	66	10	91	3	10	74	52	0	0	0	69	[]	0	0
50	123457097	0	1	0	237	0	0	0	0	0	0	0	0	0	0	0	0	692	66	10	91	3	10	74	52	0	0	0	69	[]	0	0
51	123457097	0	0	1	237	0	0	0	0	0	0	0	0	0	0	0	0	692	69	10	91	3	10	74	52	0	0	0	69	[]	0	1
52	123457097	0	0	1	237	0	0	0	0	0	0	0	0	0	0	0	0	692	70	10	91	3	10	74	52	0	0	0	69	[]	0	1
53	123457097	0	0	0	237	0	0	0	0	0	0	0	0	0	0	1	0	711	71	11	91	3	11	74	52	0	0	0	69	[]	0	1
54	123457097	0	0	0	237	0	0	0	0	0	0	0	0	0	0	1	0	711	71	11	91	3	11	74	52	0	0	0	69	[]	0	1
55	123457097	0	0	0	237	0	0	0	0	0	0	0	0	0	0	0	1	711	74	11	91	3	11	74	52	0	0	0	69	[]	0	0
56	123457097	0	0	0	237	0	0	0	0	0	0	0	0	0	0	0	1	711	74	11	91	3	11	74	52	0	0	0	69	[]	0	0
57	123457097	0	0	0	237	0	0	0	0	0	0	0	0	0	0	0	1	771	77	11	91	3	11	74	52	0	0	0	69	[]	0	0
58	123457097	0	0	0	237	0	0	0	0	0	0	0	0	0	0	0	1	790	80	11	91	3	11	74	52	0	0	0	69	[]	0	0
59	123457097	0	0	0	237	0	0	0	0	0	0	0	0	0	0	0	1	790	83	11	91	3	11	74	52	0	0	0	69	[]	0	0
60	123457097	0	0	0	237	0	0	0	0	0	0	0	0	0	0	0	1	790	85	11	91	3	11	74	52	0	0	0	69	[]	0	0
