day	seedRun	susceptible	exposed	infected	removed	susceptible-in-quarantine	exposed-in-quarantine	infected-in-quarantine	removed-in-quarantine	susceptible-in-quarantine-external-1	exposed-in-quarantine-external-1	infected-in-quarantine-external-1	removed-in-quarantine-external-1	susceptible-in-quarantine-external-2	exposed-in-quarantine-external-2	infected-in-quarantine-external-2	removed-in-quarantine-external-2	num-of-screened-agents	num-of-screened-agents-external-1	num-of-screened-agents-external-2	num-of-positive-agents	num-of-positive-agents-external-1	num-of-positive-agents-external-2	num-vaccinated	num-immunized	num-immunized-in-quarantine	num-immunized-in-quarantine-external-1	num-immunized-in-quarantine-external-2	num-infected-outside	classroom-in-quarantine	num-of-classroom-in-quarantine	classroom-with-at-least-one-infected
0	123456980	255	0	0	0	0	0	0	0	0	0	0	0	0	0	0	0	0	0	0	0	0	0	50	35	0	0	0	0	[]	0	0
1	123456980	254	1	0	0	0	0	0	0	0	0	0	0	0	0	0	0	0	2	0	0	0	0	50	35	0	0	0	1	[]	0	0
2	123456980	254	1	0	0	0	0	0	0	0	0	0	0	0	0	0	0	0	2	0	0	0	0	50	35	0	0	0	1	[]	0	0
3	123456980	254	1	0	0	0	0	0	0	0	0	0	0	0	0	0	0	0	7	0	0	0	0	50	35	0	0	0	1	[]	0	0
4	123456980	247	7	1	0	0	0	0	0	0	0	0	0	0	0	0	0	0	10	0	0	0	0	50	35	0	0	0	1	[]	0	1
5	123456980	235	17	3	0	0	0	0	0	0	0	0	0	0	0	0	0	0	12	0	0	0	0	50	35	0	0	0	1	[]	0	1
6	123456980	235	15	5	0	0	0	0	0	0	0	0	0	0	0	0	0	0	16	0	0	0	0	50	35	0	0	0	1	[]	0	1
7	123456980	235	12	7	1	0	0	0	0	0	0	0	0	0	0	0	0	0	18	0	0	0	0	50	35	0	0	0	1	[]	0	1
8	123456980	211	31	10	3	0	0	0	0	0	0	0	0	0	0	0	0	0	21	0	0	0	0	50	35	0	0	0	2	[]	0	1
9	123456980	189	47	14	4	0	0	0	0	0	0	0	0	0	0	1	0	0	22	1	0	0	1	50	35	0	0	0	3	[]	0	3
10	123456980	152	74	24	4	0	0	0	0	0	0	0	0	0	0	1	0	0	24	1	0	0	1	50	35	0	0	0	3	[]	0	6
11	123456980	127	77	41	5	0	0	0	0	0	0	2	0	0	0	3	0	0	26	3	0	2	3	50	35	0	0	0	3	[]	0	8
12	123456980	98	86	58	8	0	0	0	0	0	0	1	1	0	0	2	1	0	28	3	0	2	3	50	35	0	0	0	3	[]	0	8
13	123456980	98	61	72	16	0	0	0	0	0	0	2	1	0	0	4	1	0	30	5	0	3	5	50	35	0	0	0	3	[]	0	9
14	123456980	98	50	69	26	0	0	0	0	0	0	2	1	0	0	7	2	0	31	9	0	3	9	50	35	0	0	0	3	[]	0	9
15	123456980	80	49	80	30	0	0	0	0	0	0	2	1	0	0	10	3	0	31	13	0	3	13	50	35	0	0	0	3	[]	0	9
16	123456980	63	55	79	39	0	0	0	0	0	0	2	1	0	0	10	6	0	32	16	0	3	16	50	35	0	0	0	3	[]	0	10
17	123456980	37	68	86	41	0	0	0	0	0	0	2	1	0	0	14	6	0	33	20	0	3	20	50	35	0	0	0	3	[]	0	11
18	123456980	32	59	87	51	0	0	0	0	0	0	2	1	0	0	15	8	0	33	23	0	3	23	50	35	0	0	0	3	[]	0	11
19	123456980	31	42	85	68	0	0	0	0	0	0	2	1	0	0	19	7	0	35	27	0	3	27	50	35	0	0	0	3	[]	0	11
20	123456980	31	28	86	81	0	0	0	0	0	0	2	1	0	0	17	9	0	35	27	0	3	27	50	35	0	0	0	3	[]	0	11
21	123456980	31	19	74	97	0	0	0	0	0	0	3	0	0	0	18	13	0	39	34	0	5	34	50	35	0	0	0	3	[]	0	12
22	123456980	13	33	69	106	0	0	0	0	0	0	3	0	0	0	16	15	0	40	34	0	5	34	50	35	0	0	0	3	[]	0	12
23	123456980	7	31	68	116	0	0	0	0	0	0	2	0	0	0	17	14	0	42	36	0	5	36	50	35	0	0	0	4	[]	0	12
24	123456980	6	20	72	127	0	0	0	0	0	0	2	0	0	0	12	16	0	42	37	0	5	37	50	35	0	0	0	4	[]	0	12
25	123456980	4	19	59	145	0	0	0	0	0	0	3	0	0	0	11	14	0	43	38	0	6	38	50	35	0	0	0	4	[]	0	12
26	123456980	3	15	57	153	0	0	0	0	0	0	2	1	0	0	11	13	0	44	40	0	6	40	50	35	0	0	0	4	[]	0	12
27	123456980	3	13	50	164	0	0	0	0	0	0	2	2	0	0	12	9	0	46	41	0	7	41	50	35	0	0	0	4	[]	0	12
28	123456980	3	11	46	172	0	0	0	0	0	0	2	2	0	0	13	6	0	48	42	0	7	42	50	35	0	0	0	4	[]	0	12
29	123456980	3	10	38	182	0	0	0	0	0	0	2	3	0	0	14	3	0	49	44	0	8	44	50	35	0	0	0	4	[]	0	12
30	123456980	3	5	34	191	0	0	0	0	0	0	2	3	0	0	11	6	0	51	44	0	8	44	50	35	0	0	0	4	[]	0	11
31	123456980	3	4	33	201	0	0	0	0	0	0	1	2	0	0	7	4	0	52	45	0	8	45	50	35	0	0	0	4	[]	0	11
32	123456980	3	4	32	202	0	0	0	0	0	0	1	2	0	0	7	4	0	54	45	0	8	45	50	35	0	0	0	4	[]	0	11
33	123456980	2	5	29	206	0	0	0	0	0	0	2	2	0	0	5	4	0	56	45	0	9	45	50	35	0	0	0	4	[]	0	11
34	123456980	2	4	24	212	0	0	0	0	0	0	2	2	0	0	4	5	0	57	46	0	9	46	50	35	0	0	0	4	[]	0	10
35	123456980	2	3	22	217	0	0	0	0	0	0	2	1	0	0	4	4	0	60	46	0	9	46	50	35	0	0	0	4	[]	0	9
36	123456980	2	3	20	221	0	0	0	0	0	0	1	2	0	0	3	3	0	62	46	0	9	46	50	35	0	0	0	4	[]	0	8
37	123456980	2	2	17	227	0	0	0	0	0	0	1	1	0	0	2	3	0	64	46	0	9	46	50	35	0	0	0	4	[]	0	7
38	123456980	2	1	15	231	0	0	0	0	0	0	1	1	0	0	1	3	0	66	46	0	9	46	50	35	0	0	0	4	[]	0	7
39	123456980	2	1	11	237	0	0	0	0	0	0	0	1	0	0	1	2	0	68	47	0	9	47	50	35	0	0	0	4	[]	0	7
40	123456980	2	1	11	237	0	0	0	0	0	0	0	1	0	0	1	2	0	68	47	0	9	47	50	35	0	0	0	4	[]	0	7
41	123456980	2	1	9	239	0	0	0	0	0	0	0	1	0	0	2	1	0	69	48	0	9	48	50	35	0	0	0	4	[]	0	6
42	123456980	2	1	7	241	0	0	0	0	0	0	0	1	0	0	2	1	0	70	48	0	9	48	50	35	0	0	0	4	[]	0	6
43	123456980	2	1	6	243	0	0	0	0	0	0	0	0	0	0	2	1	0	73	48	0	9	48	50	35	0	0	0	4	[]	0	6
44	123456980	2	1	5	244	0	0	0	0	0	0	1	0	0	0	2	0	0	74	48	0	10	48	50	35	0	0	0	4	[]	0	6
45	123456980	2	1	4	245	0	0	0	0	0	0	1	0	0	0	1	1	0	76	48	0	10	48	50	35	0	0	0	4	[]	0	5
46	123456980	2	0	4	246	0	0	0	0	0	0	1	0	0	0	1	1	0	76	48	0	10	48	50	35	0	0	0	4	[]	0	5
47	123456980	2	0	4	246	0	0	0	0	0	0	1	0	0	0	1	1	0	76	48	0	10	48	50	35	0	0	0	4	[]	0	5
48	123456980	2	0	4	246	0	0	0	0	0	0	1	0	0	0	0	2	0	77	48	0	10	48	50	35	0	0	0	4	[]	0	4
49	123456980	2	0	4	247	0	0	0	0	0	0	1	0	0	0	0	1	0	77	48	0	10	48	50	35	0	0	0	4	[]	0	4
50	123456980	2	0	2	249	0	0	0	0	0	0	1	0	0	0	0	1	0	79	48	0	10	48	50	35	0	0	0	4	[]	0	3
51	123456980	2	0	2	250	0	0	0	0	0	0	1	0	0	0	0	0	0	81	48	0	10	48	50	35	0	0	0	4	[]	0	3
52	123456980	2	0	2	250	0	0	0	0	0	0	1	0	0	0	0	0	0	82	48	0	10	48	50	35	0	0	0	4	[]	0	3
53	123456980	2	0	2	250	0	0	0	0	0	0	1	0	0	0	0	0	0	85	48	0	10	48	50	35	0	0	0	4	[]	0	3
54	123456980	2	0	1	252	0	0	0	0	0	0	0	0	0	0	0	0	0	88	48	0	10	48	50	35	0	0	0	4	[]	0	1
55	123456980	2	0	1	252	0	0	0	0	0	0	0	0	0	0	0	0	0	91	48	0	10	48	50	35	0	0	0	4	[]	0	1
56	123456980	2	0	0	253	0	0	0	0	0	0	0	0	0	0	0	0	0	92	48	0	10	48	50	35	0	0	0	4	[]	0	0
57	123456980	2	0	0	253	0	0	0	0	0	0	0	0	0	0	0	0	0	98	48	0	10	48	50	35	0	0	0	4	[]	0	0
58	123456980	2	0	0	253	0	0	0	0	0	0	0	0	0	0	0	0	0	102	48	0	10	48	50	35	0	0	0	4	[]	0	0
59	123456980	2	0	0	253	0	0	0	0	0	0	0	0	0	0	0	0	0	102	48	0	10	48	50	35	0	0	0	4	[]	0	0
60	123456980	2	0	0	253	0	0	0	0	0	0	0	0	0	0	0	0	0	102	48	0	10	48	50	35	0	0	0	4	[]	0	0
