day	seedRun	susceptible	exposed	infected	removed	susceptible-in-quarantine	exposed-in-quarantine	infected-in-quarantine	removed-in-quarantine	susceptible-in-quarantine-external-1	exposed-in-quarantine-external-1	infected-in-quarantine-external-1	removed-in-quarantine-external-1	susceptible-in-quarantine-external-2	exposed-in-quarantine-external-2	infected-in-quarantine-external-2	removed-in-quarantine-external-2	num-of-screened-agents	num-of-screened-agents-external-1	num-of-screened-agents-external-2	num-of-positive-agents	num-of-positive-agents-external-1	num-of-positive-agents-external-2	num-vaccinated	num-immunized	num-immunized-in-quarantine	num-immunized-in-quarantine-external-1	num-immunized-in-quarantine-external-2	num-infected-outside	classroom-in-quarantine	num-of-classroom-in-quarantine	classroom-with-at-least-one-infected
0	123457184	256	0	0	0	0	0	0	0	0	0	0	0	0	0	0	0	0	0	0	0	0	0	50	34	0	0	0	0	[]	0	0
1	123457184	256	0	0	0	0	0	0	0	0	0	0	0	0	0	0	0	0	0	0	0	0	0	50	34	0	0	0	0	[]	0	0
2	123457184	256	0	0	0	0	0	0	0	0	0	0	0	0	0	0	0	0	1	0	0	0	0	50	34	0	0	0	0	[]	0	0
3	123457184	256	0	0	0	0	0	0	0	0	0	0	0	0	0	0	0	0	1	0	0	0	0	50	34	0	0	0	0	[]	0	0
4	123457184	256	0	0	0	0	0	0	0	0	0	0	0	0	0	0	0	0	3	0	0	0	0	50	34	0	0	0	0	[]	0	0
5	123457184	256	0	0	0	0	0	0	0	0	0	0	0	0	0	0	0	0	4	0	0	0	0	50	34	0	0	0	0	[]	0	0
6	123457184	256	0	0	0	0	0	0	0	0	0	0	0	0	0	0	0	0	5	0	0	0	0	50	34	0	0	0	0	[]	0	0
7	123457184	255	1	0	0	0	0	0	0	0	0	0	0	0	0	0	0	0	6	0	0	0	0	50	34	0	0	0	1	[]	0	0
8	123457184	255	1	0	0	0	0	0	0	0	0	0	0	0	0	0	0	0	7	0	0	0	0	50	34	0	0	0	1	[]	0	0
9	123457184	255	1	0	0	0	0	0	0	0	0	0	0	0	0	0	0	0	9	0	0	0	0	50	34	0	0	0	1	[]	0	0
10	123457184	249	6	1	0	0	0	0	0	0	0	0	0	0	0	0	0	0	11	0	0	0	0	50	34	0	0	0	1	[]	0	1
11	123457184	240	14	2	0	0	0	0	0	0	0	0	0	0	0	0	0	0	13	0	0	0	0	50	34	0	0	0	2	[]	0	1
12	123457184	228	21	7	0	0	0	0	0	0	0	0	0	0	0	0	0	0	13	0	0	0	0	50	34	0	0	0	3	[]	0	1
13	123457184	227	17	10	2	0	0	0	0	0	0	0	0	0	0	0	0	0	15	0	0	0	0	50	34	0	0	0	4	[]	0	2
14	123457184	227	11	14	3	0	0	0	0	0	0	0	0	0	0	1	0	0	15	1	0	0	1	50	34	0	0	0	4	[]	0	3
15	123457184	216	19	14	5	0	0	0	0	0	0	0	0	0	0	2	0	0	16	2	0	0	2	50	34	0	0	0	4	[]	0	2
16	123457184	189	37	20	6	0	0	0	0	0	0	1	0	0	0	3	0	0	21	3	0	1	3	50	34	0	0	0	4	[]	0	5
17	123457184	167	48	28	8	0	0	0	0	0	0	2	0	0	0	2	1	0	26	3	0	2	3	50	34	0	0	0	4	[]	0	5
18	123457184	155	46	36	13	0	0	0	0	0	0	2	0	0	0	2	2	0	28	4	0	2	4	50	34	0	0	0	4	[]	0	6
19	123457184	137	53	44	16	0	0	0	0	0	0	2	0	0	0	2	2	0	30	4	0	2	4	50	34	0	0	0	4	[]	0	6
20	123457184	137	35	58	19	0	0	0	0	0	0	1	1	0	0	2	3	0	34	5	0	2	5	50	34	0	0	0	4	[]	0	10
21	123457184	136	28	58	27	0	0	0	0	0	0	1	1	0	0	2	3	0	38	5	0	2	5	50	34	0	0	0	5	[]	0	9
22	123457184	105	53	50	40	0	0	0	0	0	0	1	1	0	0	3	3	0	39	6	0	2	6	50	34	0	0	0	5	[]	0	10
23	123457184	95	54	54	43	0	0	0	0	0	0	1	1	0	0	4	4	0	40	8	0	2	8	50	34	0	0	0	5	[]	0	9
24	123457184	72	58	65	50	0	0	0	0	0	0	1	1	0	0	6	3	0	42	10	0	2	10	50	34	0	0	0	5	[]	0	11
25	123457184	60	54	72	57	0	0	0	0	0	0	2	1	0	0	8	2	0	43	12	0	3	12	50	34	0	0	0	5	[]	0	11
26	123457184	49	54	71	70	0	0	0	0	0	0	1	1	0	0	8	2	0	43	13	0	3	13	50	34	0	0	0	5	[]	0	11
27	123457184	49	41	71	81	0	0	0	0	0	0	1	0	0	0	11	2	0	44	16	0	3	16	50	34	0	0	0	5	[]	0	12
28	123457184	49	30	68	92	0	0	0	0	0	0	3	1	0	0	10	3	0	51	17	0	6	17	50	34	0	0	0	5	[]	0	12
29	123457184	39	29	70	99	0	0	0	0	0	0	2	2	0	0	12	3	0	51	19	0	6	19	50	34	0	0	0	5	[]	0	12
30	123457184	26	34	70	106	0	0	0	0	0	0	2	2	0	0	12	4	0	52	21	0	6	21	50	34	0	0	0	5	[]	0	12
31	123457184	25	27	67	112	0	0	0	0	0	0	5	2	0	0	12	6	0	57	23	0	9	23	50	34	0	0	0	5	[]	0	12
32	123457184	24	22	63	123	0	0	0	0	0	0	5	2	0	0	11	6	0	57	23	0	9	23	50	34	0	0	0	5	[]	0	12
33	123457184	18	18	66	129	0	0	0	0	0	0	4	3	0	0	12	6	0	59	26	0	9	26	50	34	0	0	0	5	[]	0	12
34	123457184	18	15	61	137	0	0	0	0	0	0	4	3	0	0	11	7	0	60	28	0	9	28	50	34	0	0	0	5	[]	0	12
35	123457184	18	10	60	145	0	0	0	0	0	0	4	2	0	0	9	8	0	60	29	0	9	29	50	34	0	0	0	5	[]	0	12
36	123457184	18	8	53	154	0	0	0	0	0	0	3	3	0	0	9	8	0	61	30	0	9	30	50	34	0	0	0	5	[]	0	12
37	123457184	18	4	47	166	0	0	0	0	0	0	3	3	0	0	9	6	0	62	31	0	9	31	50	34	0	0	0	5	[]	0	10
38	123457184	15	6	37	179	0	0	0	0	0	0	2	1	0	0	9	7	0	64	33	0	9	33	50	34	0	0	0	5	[]	0	10
39	123457184	12	6	31	189	0	0	0	0	0	0	2	1	0	0	9	6	0	64	34	0	9	34	50	34	0	0	0	5	[]	0	10
40	123457184	12	4	25	198	0	0	0	0	0	0	0	3	0	0	7	7	0	66	35	0	9	35	50	34	0	0	0	5	[]	0	10
41	123457184	12	2	21	209	0	0	0	0	0	0	0	0	0	0	6	6	0	67	35	0	9	35	50	34	0	0	0	5	[]	0	9
42	123457184	12	2	19	211	0	0	0	0	0	0	0	0	0	0	4	8	0	68	35	0	9	35	50	34	0	0	0	5	[]	0	8
43	123457184	10	4	17	215	0	0	0	0	0	0	0	0	0	0	3	7	0	71	36	0	9	36	50	34	0	0	0	5	[]	0	7
44	123457184	6	7	14	221	0	0	0	0	0	0	0	0	0	0	2	6	0	72	36	0	9	36	50	34	0	0	0	5	[]	0	6
45	123457184	6	3	16	224	0	0	0	0	0	0	0	0	0	0	2	5	0	74	36	0	9	36	50	34	0	0	0	5	[]	0	6
46	123457184	6	2	14	228	0	0	0	0	0	0	0	0	0	0	2	4	0	75	36	0	9	36	50	34	0	0	0	5	[]	0	5
47	123457184	6	2	13	229	0	0	0	0	0	0	0	0	0	0	3	3	0	78	37	0	9	37	50	34	0	0	0	5	[]	0	5
48	123457184	6	0	13	233	0	0	0	0	0	0	0	0	0	0	2	2	0	80	37	0	9	37	50	34	0	0	0	5	[]	0	5
49	123457184	6	0	11	235	0	0	0	0	0	0	0	0	0	0	3	1	0	81	38	0	9	38	50	34	0	0	0	5	[]	0	5
50	123457184	6	0	9	237	0	0	0	0	0	0	0	0	0	0	4	0	0	82	39	0	9	39	50	34	0	0	0	5	[]	0	5
51	123457184	6	0	8	238	0	0	0	0	0	0	0	0	0	0	4	0	0	83	39	0	9	39	50	34	0	0	0	5	[]	0	5
52	123457184	6	0	6	239	0	0	0	0	0	0	1	0	0	0	4	0	0	85	39	0	10	39	50	34	0	0	0	5	[]	0	5
53	123457184	6	0	5	241	0	0	0	0	0	0	1	0	0	0	1	2	0	89	39	0	10	39	50	34	0	0	0	5	[]	0	3
54	123457184	6	0	5	241	0	0	0	0	0	0	0	1	0	0	0	3	0	91	39	0	10	39	50	34	0	0	0	5	[]	0	2
55	123457184	6	0	3	243	0	0	0	0	0	0	0	1	0	0	0	3	0	93	39	0	10	39	50	34	0	0	0	5	[]	0	2
56	123457184	6	0	2	244	0	0	0	0	0	0	0	1	0	0	0	3	0	94	39	0	10	39	50	34	0	0	0	5	[]	0	1
57	123457184	6	0	2	245	0	0	0	0	0	0	0	1	0	0	0	2	0	99	39	0	10	39	50	34	0	0	0	5	[]	0	1
58	123457184	6	0	2	245	0	0	0	0	0	0	0	1	0	0	0	2	0	99	39	0	10	39	50	34	0	0	0	5	[]	0	1
59	123457184	6	0	2	246	0	0	0	0	0	0	0	1	0	0	0	1	0	99	39	0	10	39	50	34	0	0	0	5	[]	0	1
60	123457184	6	0	2	247	0	0	0	0	0	0	0	1	0	0	0	0	0	101	39	0	10	39	50	34	0	0	0	5	[]	0	1
