day	seedRun	susceptible	exposed	infected	removed	susceptible-in-quarantine	exposed-in-quarantine	infected-in-quarantine	removed-in-quarantine	susceptible-in-quarantine-external-1	exposed-in-quarantine-external-1	infected-in-quarantine-external-1	removed-in-quarantine-external-1	susceptible-in-quarantine-external-2	exposed-in-quarantine-external-2	infected-in-quarantine-external-2	removed-in-quarantine-external-2	num-of-screened-agents	num-of-screened-agents-external-1	num-of-screened-agents-external-2	num-of-positive-agents	num-of-positive-agents-external-1	num-of-positive-agents-external-2	num-vaccinated	num-immunized	num-immunized-in-quarantine	num-immunized-in-quarantine-external-1	num-immunized-in-quarantine-external-2	num-infected-outside	classroom-in-quarantine	num-of-classroom-in-quarantine	classroom-with-at-least-one-infected
0	123456993	240	0	0	0	0	0	0	0	0	0	0	0	0	0	0	0	0	0	0	0	0	0	50	50	0	0	0	0	[]	0	0
1	123456993	238	2	0	0	0	0	0	0	0	0	0	0	0	0	0	0	0	2	0	0	0	0	50	50	0	0	0	2	[]	0	0
2	123456993	233	6	1	0	0	0	0	0	0	0	0	0	0	0	0	0	0	2	0	0	0	0	50	50	0	0	0	7	[]	0	1
3	123456993	227	12	0	0	0	0	0	0	0	0	0	0	0	0	1	0	19	4	1	0	0	1	50	50	0	0	0	13	[]	0	1
4	123456993	217	17	3	0	0	0	1	0	0	0	1	0	0	0	1	0	38	8	1	1	1	1	50	50	0	0	0	18	[]	0	3
5	123456993	202	29	6	0	0	0	1	0	0	0	1	0	0	0	1	0	38	10	1	1	1	1	50	50	0	0	0	24	[]	0	4
6	123456993	198	20	18	1	0	0	1	0	0	0	1	0	0	0	0	1	38	13	1	1	1	1	50	50	0	0	0	28	[]	0	8
7	123456993	194	20	17	2	0	0	4	0	0	0	0	1	0	0	1	1	57	15	2	4	1	2	50	50	0	0	0	32	[]	0	9
8	123456993	161	22	7	1	20	5	15	4	0	0	0	1	0	0	3	1	114	17	4	15	1	4	50	50	0	0	0	36	[3C 2C]	2	10
9	123456993	149	28	13	1	20	4	12	8	0	0	0	1	0	0	3	1	132	18	4	15	1	4	50	50	0	0	0	38	[3C 2C]	2	11
10	123456993	127	41	20	3	20	3	12	9	0	0	0	1	0	0	2	2	132	19	4	15	1	4	50	50	0	0	0	42	[3C 2C]	2	11
11	123456993	107	27	8	2	33	12	31	11	0	0	1	1	0	0	4	3	208	24	7	33	2	7	50	50	0	0	0	43	[3C 2C 2B 3D]	4	12
12	123456993	77	34	14	3	47	10	30	16	0	0	0	2	0	0	4	3	224	26	7	34	2	7	50	50	0	0	0	45	[3C 2C 2B 3D 2D]	5	11
13	123456993	63	11	9	4	60	19	43	20	0	0	0	2	0	0	5	4	279	28	9	47	2	9	50	50	0	0	0	46	[3C 2C 2B 3D 2D 3B 1B]	7	12
14	123456993	61	11	9	8	60	17	42	22	0	0	0	1	0	0	5	4	279	28	9	47	2	9	50	50	0	0	0	48	[3C 2C 2B 3D 2D 3B 1B]	7	12
15	123456993	48	23	10	8	60	13	39	29	0	0	0	1	0	0	4	5	279	29	9	47	2	9	50	50	0	0	0	52	[3C 2C 2B 3D 2D 3B 1B]	7	12
16	123456993	42	23	15	8	60	10	35	37	0	0	0	1	0	0	3	6	312	30	9	48	2	9	50	50	0	0	0	52	[3C 2C 2B 3D 2D 3B 1B]	7	12
17	123456993	36	23	16	13	60	7	35	40	0	0	0	1	0	0	3	6	312	30	9	48	2	9	50	50	0	0	0	54	[3C 2C 2B 3D 2D 3B 1B]	7	12
18	123456993	53	19	22	37	40	4	27	31	0	0	0	1	0	0	3	3	312	32	9	48	2	9	50	50	0	0	0	55	[2B 3D 2D 3B 1B]	5	9
19	123456993	46	12	5	28	42	11	41	46	0	0	0	1	0	0	5	3	350	32	11	65	2	11	50	50	0	0	0	56	[2B 3D 2D 3B 1B 1C 3A]	7	10
20	123456993	46	11	6	28	42	6	39	53	0	0	0	1	0	0	5	3	350	34	11	65	2	11	50	50	0	0	0	56	[2B 3D 2D 3B 1B 1C 3A]	7	10
21	123456993	58	10	7	63	29	6	26	36	0	0	0	0	0	0	3	2	350	34	11	65	2	11	50	50	0	0	0	57	[2D 3B 1B 1C 3A]	5	7
22	123456993	69	11	7	71	15	5	25	33	0	0	0	0	0	0	2	2	350	35	11	65	2	11	50	50	0	0	0	57	[3B 1B 1C 3A]	4	6
23	123456993	75	15	9	100	2	3	18	16	0	0	0	0	0	0	1	1	350	38	11	65	2	11	50	50	0	0	0	58	[1C 3A]	2	6
24	123456993	69	20	9	101	2	2	18	17	0	0	0	0	0	0	1	1	350	40	11	65	2	11	50	50	0	0	0	59	[1C 3A]	2	6
25	123456993	65	17	13	103	2	0	19	18	0	0	1	0	0	0	1	1	369	42	11	65	3	11	50	50	0	0	0	59	[1C 3A]	2	7
26	123456993	60	19	16	104	2	0	16	20	0	0	1	0	0	0	1	1	369	42	11	65	3	11	50	50	0	0	0	60	[1C 3A]	2	7
27	123456993	57	8	9	101	5	4	24	27	0	0	1	0	0	0	3	1	407	43	13	75	3	13	50	50	0	0	0	60	[1C 3A 1A]	3	8
28	123456993	56	5	6	104	5	2	25	31	0	0	1	0	0	0	4	1	426	45	14	78	3	14	50	50	0	0	0	61	[1C 3A 1A]	3	7
29	123456993	57	4	6	144	3	1	11	10	0	0	1	0	0	0	3	0	426	47	14	78	3	14	50	50	0	0	0	62	[1A]	1	5
30	123456993	57	4	4	145	3	1	10	12	0	0	1	0	0	0	3	0	445	48	14	79	3	14	50	50	0	0	0	62	[1A]	1	5
31	123456993	57	2	5	145	3	1	10	12	0	0	1	0	0	0	3	1	464	51	15	79	3	15	50	50	0	0	0	62	[1A]	1	6
32	123456993	54	3	4	132	4	0	11	27	0	0	1	0	0	0	2	2	480	51	15	81	3	15	50	50	0	0	0	63	[1A 1D]	2	7
33	123456993	49	4	1	123	7	1	11	39	0	0	1	0	0	0	2	2	496	51	15	82	3	15	50	50	0	0	0	64	[1A 1D 2A]	3	6
34	123456993	46	6	2	123	7	1	10	40	0	0	1	0	0	0	2	2	496	52	15	82	3	15	50	50	0	0	0	67	[1A 1D 2A]	3	6
35	123456993	43	8	3	124	7	1	8	42	0	0	0	0	0	0	0	4	496	52	15	82	3	15	50	50	0	0	0	70	[1A 1D 2A]	3	5
36	123456993	39	9	6	124	7	1	7	43	0	0	0	0	0	0	0	4	515	54	15	82	3	15	50	50	0	0	0	71	[1A 1D 2A]	3	7
37	123456993	42	7	4	143	4	1	4	31	0	0	0	0	0	0	1	3	534	54	16	83	3	16	50	50	0	0	0	71	[1D 2A]	2	5
38	123456993	36	11	3	143	4	1	5	32	0	0	0	0	0	0	2	3	553	54	17	85	3	17	50	50	0	0	0	74	[1D 2A]	2	5
39	123456993	32	11	7	143	4	0	4	34	0	0	0	0	0	0	2	3	553	54	17	85	3	17	50	50	0	0	0	76	[1D 2A]	2	7
40	123456993	31	9	9	145	4	0	3	34	0	0	0	0	0	0	2	3	553	56	17	85	3	17	50	50	0	0	0	76	[1D 2A]	2	8
41	123456993	31	6	10	148	4	0	3	34	0	0	0	0	0	0	2	2	553	59	17	85	3	17	50	50	0	0	0	76	[1D 2A]	2	8
42	123456993	32	4	10	167	3	0	1	20	0	0	0	0	0	0	2	1	571	59	17	87	3	17	50	50	0	0	0	76	[2A]	1	6
43	123456993	33	6	7	184	0	0	3	4	0	0	0	0	0	0	3	0	590	62	18	89	3	18	50	50	0	0	0	77	[]	0	6
44	123456993	31	7	8	184	0	0	3	4	0	0	0	0	0	0	2	1	590	63	18	89	3	18	50	50	0	0	0	78	[]	0	6
45	123456993	29	9	8	184	0	0	2	5	0	0	0	0	0	0	1	2	590	64	18	89	3	18	50	50	0	0	0	79	[]	0	6
46	123456993	29	9	6	186	0	0	2	5	0	0	0	0	0	0	1	2	590	65	18	89	3	18	50	50	0	0	0	79	[]	0	6
47	123456993	29	8	6	189	0	0	2	4	0	0	0	0	0	0	0	2	590	71	18	89	3	18	50	50	0	0	0	79	[]	0	5
48	123456993	29	3	10	193	0	0	1	3	0	0	0	0	0	0	0	1	607	72	18	89	3	18	50	50	0	0	0	79	[]	0	6
49	123456993	28	4	5	193	0	0	4	3	0	0	0	0	0	0	2	1	645	72	20	92	3	20	50	50	0	0	0	80	[]	0	6
50	123456993	27	5	5	193	0	0	3	4	0	0	0	0	0	0	0	3	645	74	20	92	3	20	50	50	0	0	0	80	[]	0	5
51	123456993	25	5	6	193	0	0	3	4	0	0	1	0	0	0	0	3	664	76	20	92	4	20	50	50	0	0	0	80	[]	0	5
52	123456993	22	8	3	195	0	0	5	2	0	0	1	0	0	0	1	3	683	77	21	94	4	21	50	50	0	0	0	80	[]	0	5
53	123456993	17	11	3	198	0	0	5	1	0	0	1	0	0	0	2	2	702	78	22	95	4	22	50	50	0	0	0	81	[]	0	5
54	123456993	16	8	6	199	0	0	5	1	0	0	0	1	0	0	2	2	721	80	22	95	4	22	50	50	0	0	0	82	[]	0	4
55	123456993	15	7	8	199	0	0	4	2	0	0	0	1	0	0	2	2	721	81	22	95	4	22	50	50	0	0	0	83	[]	0	4
56	123456993	15	4	11	199	0	0	3	3	0	0	0	1	0	0	2	2	721	83	22	95	4	22	50	50	0	0	0	83	[]	0	4
57	123456993	14	5	10	199	0	0	3	4	0	0	0	1	0	0	2	2	738	83	22	96	4	22	50	50	0	0	0	84	[]	0	4
58	123456993	13	4	11	200	0	0	2	5	0	0	0	1	0	0	2	2	738	84	22	96	4	22	50	50	0	0	0	84	[]	0	5
59	123456993	12	3	12	206	0	0	2	2	0	0	0	1	0	0	1	1	738	88	22	96	4	22	50	50	0	0	0	85	[]	0	5
60	123456993	10	4	11	207	0	0	2	2	0	0	0	1	0	0	1	2	757	89	23	96	4	23	50	50	0	0	0	86	[]	0	6
