day	seedRun	susceptible	exposed	infected	removed	susceptible-in-quarantine	exposed-in-quarantine	infected-in-quarantine	removed-in-quarantine	susceptible-in-quarantine-external-1	exposed-in-quarantine-external-1	infected-in-quarantine-external-1	removed-in-quarantine-external-1	susceptible-in-quarantine-external-2	exposed-in-quarantine-external-2	infected-in-quarantine-external-2	removed-in-quarantine-external-2	num-of-screened-agents	num-of-screened-agents-external-1	num-of-screened-agents-external-2	num-of-positive-agents	num-of-positive-agents-external-1	num-of-positive-agents-external-2	num-vaccinated	num-immunized	num-immunized-in-quarantine	num-immunized-in-quarantine-external-1	num-immunized-in-quarantine-external-2	num-infected-outside	classroom-in-quarantine	num-of-classroom-in-quarantine	classroom-with-at-least-one-infected
0	123457219	240	0	0	0	0	0	0	0	0	0	0	0	0	0	0	0	0	0	0	0	0	0	50	50	0	0	0	0	[]	0	0
1	123457219	232	8	0	0	0	0	0	0	0	0	0	0	0	0	0	0	0	2	0	0	0	0	50	50	0	0	0	8	[]	0	0
2	123457219	194	43	3	0	0	0	0	0	0	0	0	0	0	0	0	0	0	3	0	0	0	0	50	50	0	0	0	17	[]	0	3
3	123457219	141	81	18	0	0	0	0	0	0	0	0	0	0	0	0	0	0	5	0	0	0	0	50	50	0	0	0	28	[]	0	6
4	123457219	86	118	36	0	0	0	0	0	0	0	0	0	0	0	0	0	0	8	1	0	0	1	50	50	0	0	0	36	[]	0	8
5	123457219	30	137	66	7	0	0	0	0	0	0	0	0	0	0	0	0	0	10	4	0	1	4	50	50	0	0	0	40	[]	0	12
6	123457219	27	102	94	17	0	0	0	0	0	0	0	0	0	0	0	0	0	13	5	0	1	5	50	50	0	0	0	43	[]	0	12
7	123457219	27	71	113	29	0	0	0	0	0	0	0	0	0	0	0	0	0	14	8	0	2	8	50	50	0	0	0	43	[]	0	12
8	123457219	1	75	120	44	0	0	0	0	0	0	0	0	0	0	0	0	0	21	10	0	4	10	50	50	0	0	0	44	[]	0	12
9	123457219	0	60	125	55	0	0	0	0	0	0	0	0	0	0	0	0	0	23	13	0	5	13	50	50	0	0	0	44	[]	0	12
10	123457219	0	44	129	67	0	0	0	0	0	0	0	0	0	0	0	0	0	25	20	0	6	20	50	50	0	0	0	44	[]	0	12
11	123457219	0	30	129	81	0	0	0	0	0	0	0	0	0	0	0	0	0	26	20	0	7	20	50	50	0	0	0	44	[]	0	12
12	123457219	0	23	118	99	0	0	0	0	0	0	0	0	0	0	0	0	0	29	27	0	7	27	50	50	0	0	0	44	[]	0	12
13	123457219	0	14	108	118	0	0	0	0	0	0	0	0	0	0	0	0	0	35	28	0	9	28	50	50	0	0	0	44	[]	0	12
14	123457219	0	9	96	135	0	0	0	0	0	0	0	0	0	0	0	0	0	38	30	0	12	30	50	50	0	0	0	44	[]	0	12
15	123457219	0	8	80	152	0	0	0	0	0	0	0	0	0	0	0	0	0	38	33	0	12	33	50	50	0	0	0	44	[]	0	12
16	123457219	0	5	70	165	0	0	0	0	0	0	0	0	0	0	0	0	0	39	35	0	12	35	50	50	0	0	0	44	[]	0	12
17	123457219	0	3	63	174	0	0	0	0	0	0	0	0	0	0	0	0	0	39	38	0	12	38	50	50	0	0	0	44	[]	0	12
18	123457219	0	2	55	183	0	0	0	0	0	0	0	0	0	0	0	0	0	41	39	0	13	39	50	50	0	0	0	44	[]	0	12
19	123457219	0	2	47	191	0	0	0	0	0	0	0	0	0	0	0	0	0	43	40	0	14	40	50	50	0	0	0	44	[]	0	12
20	123457219	0	1	38	201	0	0	0	0	0	0	0	0	0	0	0	0	0	44	42	0	14	42	50	50	0	0	0	44	[]	0	12
21	123457219	0	1	33	206	0	0	0	0	0	0	0	0	0	0	0	0	0	45	44	0	14	44	50	50	0	0	0	44	[]	0	12
22	123457219	0	0	30	210	0	0	0	0	0	0	0	0	0	0	0	0	0	47	46	0	14	46	50	50	0	0	0	44	[]	0	11
23	123457219	0	0	26	214	0	0	0	0	0	0	0	0	0	0	0	0	0	49	46	0	14	46	50	50	0	0	0	44	[]	0	11
24	123457219	0	0	24	216	0	0	0	0	0	0	0	0	0	0	0	0	0	50	46	0	14	46	50	50	0	0	0	44	[]	0	11
25	123457219	0	0	24	216	0	0	0	0	0	0	0	0	0	0	0	0	0	51	46	0	15	46	50	50	0	0	0	44	[]	0	11
26	123457219	0	0	20	220	0	0	0	0	0	0	0	0	0	0	0	0	0	54	48	0	15	48	50	50	0	0	0	44	[]	0	10
27	123457219	0	0	19	221	0	0	0	0	0	0	0	0	0	0	0	0	0	54	49	0	15	49	50	50	0	0	0	44	[]	0	10
28	123457219	0	0	18	222	0	0	0	0	0	0	0	0	0	0	0	0	0	56	51	0	15	51	50	50	0	0	0	44	[]	0	10
29	123457219	0	0	15	225	0	0	0	0	0	0	0	0	0	0	0	0	0	58	51	0	15	51	50	50	0	0	0	44	[]	0	10
30	123457219	0	0	11	229	0	0	0	0	0	0	0	0	0	0	0	0	0	61	51	0	15	51	50	50	0	0	0	44	[]	0	9
31	123457219	0	0	7	233	0	0	0	0	0	0	0	0	0	0	0	0	0	62	51	0	15	51	50	50	0	0	0	44	[]	0	6
32	123457219	0	0	5	235	0	0	0	0	0	0	0	0	0	0	0	0	0	64	51	0	15	51	50	50	0	0	0	44	[]	0	4
33	123457219	0	0	3	237	0	0	0	0	0	0	0	0	0	0	0	0	0	64	51	0	15	51	50	50	0	0	0	44	[]	0	3
34	123457219	0	0	3	237	0	0	0	0	0	0	0	0	0	0	0	0	0	64	51	0	15	51	50	50	0	0	0	44	[]	0	3
35	123457219	0	0	3	237	0	0	0	0	0	0	0	0	0	0	0	0	0	64	51	0	15	51	50	50	0	0	0	44	[]	0	3
36	123457219	0	0	3	237	0	0	0	0	0	0	0	0	0	0	0	0	0	67	51	0	15	51	50	50	0	0	0	44	[]	0	3
37	123457219	0	0	3	237	0	0	0	0	0	0	0	0	0	0	0	0	0	68	51	0	15	51	50	50	0	0	0	44	[]	0	3
38	123457219	0	0	2	238	0	0	0	0	0	0	0	0	0	0	0	0	0	70	51	0	15	51	50	50	0	0	0	44	[]	0	2
39	123457219	0	0	2	238	0	0	0	0	0	0	0	0	0	0	0	0	0	72	51	0	15	51	50	50	0	0	0	44	[]	0	2
40	123457219	0	0	2	238	0	0	0	0	0	0	0	0	0	0	0	0	0	74	51	0	15	51	50	50	0	0	0	44	[]	0	2
41	123457219	0	0	2	238	0	0	0	0	0	0	0	0	0	0	0	0	0	74	51	0	15	51	50	50	0	0	0	44	[]	0	2
42	123457219	0	0	2	238	0	0	0	0	0	0	0	0	0	0	0	0	0	77	51	0	15	51	50	50	0	0	0	44	[]	0	2
43	123457219	0	0	1	239	0	0	0	0	0	0	0	0	0	0	0	0	0	79	51	0	15	51	50	50	0	0	0	44	[]	0	1
44	123457219	0	0	1	239	0	0	0	0	0	0	0	0	0	0	0	0	0	82	51	0	15	51	50	50	0	0	0	44	[]	0	1
45	123457219	0	0	1	239	0	0	0	0	0	0	0	0	0	0	0	0	0	83	51	0	15	51	50	50	0	0	0	44	[]	0	1
46	123457219	0	0	1	239	0	0	0	0	0	0	0	0	0	0	0	0	0	83	51	0	15	51	50	50	0	0	0	44	[]	0	1
47	123457219	0	0	0	240	0	0	0	0	0	0	0	0	0	0	0	0	0	84	51	0	15	51	50	50	0	0	0	44	[]	0	0
48	123457219	0	0	0	240	0	0	0	0	0	0	0	0	0	0	0	0	0	85	51	0	15	51	50	50	0	0	0	44	[]	0	0
49	123457219	0	0	0	240	0	0	0	0	0	0	0	0	0	0	0	0	0	85	51	0	15	51	50	50	0	0	0	44	[]	0	0
50	123457219	0	0	0	240	0	0	0	0	0	0	0	0	0	0	0	0	0	89	51	0	15	51	50	50	0	0	0	44	[]	0	0
51	123457219	0	0	0	240	0	0	0	0	0	0	0	0	0	0	0	0	0	91	51	0	15	51	50	50	0	0	0	44	[]	0	0
52	123457219	0	0	0	240	0	0	0	0	0	0	0	0	0	0	0	0	0	94	51	0	15	51	50	50	0	0	0	44	[]	0	0
53	123457219	0	0	0	240	0	0	0	0	0	0	0	0	0	0	0	0	0	96	51	0	15	51	50	50	0	0	0	44	[]	0	0
54	123457219	0	0	0	240	0	0	0	0	0	0	0	0	0	0	0	0	0	100	51	0	15	51	50	50	0	0	0	44	[]	0	0
55	123457219	0	0	0	240	0	0	0	0	0	0	0	0	0	0	0	0	0	103	51	0	15	51	50	50	0	0	0	44	[]	0	0
56	123457219	0	0	0	240	0	0	0	0	0	0	0	0	0	0	0	0	0	106	51	0	15	51	50	50	0	0	0	44	[]	0	0
57	123457219	0	0	0	240	0	0	0	0	0	0	0	0	0	0	0	0	0	107	51	0	15	51	50	50	0	0	0	44	[]	0	0
58	123457219	0	0	0	240	0	0	0	0	0	0	0	0	0	0	0	0	0	110	51	0	15	51	50	50	0	0	0	44	[]	0	0
59	123457219	0	0	0	240	0	0	0	0	0	0	0	0	0	0	0	0	0	112	51	0	15	51	50	50	0	0	0	44	[]	0	0
60	123457219	0	0	0	240	0	0	0	0	0	0	0	0	0	0	0	0	0	114	51	0	15	51	50	50	0	0	0	44	[]	0	0
