day	seedRun	susceptible	exposed	infected	removed	susceptible-in-quarantine	exposed-in-quarantine	infected-in-quarantine	removed-in-quarantine	susceptible-in-quarantine-external-1	exposed-in-quarantine-external-1	infected-in-quarantine-external-1	removed-in-quarantine-external-1	susceptible-in-quarantine-external-2	exposed-in-quarantine-external-2	infected-in-quarantine-external-2	removed-in-quarantine-external-2	num-of-screened-agents	num-of-screened-agents-external-1	num-of-screened-agents-external-2	num-of-positive-agents	num-of-positive-agents-external-1	num-of-positive-agents-external-2	num-vaccinated	num-immunized	num-immunized-in-quarantine	num-immunized-in-quarantine-external-1	num-immunized-in-quarantine-external-2	num-infected-outside	classroom-in-quarantine	num-of-classroom-in-quarantine	classroom-with-at-least-one-infected
0	123457267	72	0	0	0	0	0	0	0	0	0	0	0	0	0	0	0	0	0	0	0	0	0	218	218	0	0	0	0	[]	0	0
1	123457267	71	1	0	0	0	0	0	0	0	0	0	0	0	0	0	0	0	2	0	0	0	0	218	218	0	0	0	1	[]	0	0
2	123457267	69	2	1	0	0	0	0	0	0	0	0	0	0	0	0	0	0	3	0	0	0	0	218	218	0	0	0	1	[]	0	1
3	123457267	65	5	2	0	0	0	0	0	0	0	0	0	0	0	0	0	0	6	0	0	0	0	218	218	0	0	0	2	[]	0	1
4	123457267	65	4	3	0	0	0	0	0	0	0	0	0	0	0	0	0	0	7	0	0	0	0	218	218	0	0	0	2	[]	0	1
5	123457267	58	10	4	0	0	0	0	0	0	0	0	0	0	0	0	0	0	7	0	0	0	0	218	218	0	0	0	4	[]	0	2
6	123457267	58	9	3	1	0	0	0	0	0	0	0	0	0	0	1	0	0	8	1	0	0	1	218	218	0	0	0	4	[]	0	2
7	123457267	58	8	4	1	0	0	0	0	0	0	0	0	0	0	1	0	0	10	1	0	0	1	218	218	0	0	0	4	[]	0	3
8	123457267	56	8	5	1	0	0	0	0	0	0	0	0	0	0	2	0	0	11	2	0	0	2	218	218	0	0	0	4	[]	0	3
9	123457267	55	9	4	1	0	0	0	0	0	0	1	0	0	0	1	1	0	13	2	0	1	2	218	218	0	0	0	4	[]	0	3
10	123457267	51	11	5	2	0	0	0	0	0	0	1	0	0	0	1	1	0	17	2	0	1	2	218	218	0	0	0	5	[]	0	3
11	123457267	47	11	9	2	0	0	0	0	0	0	1	0	0	0	1	1	0	19	2	0	1	2	218	218	0	0	0	5	[]	0	5
12	123457267	44	12	10	3	0	0	0	0	0	0	0	1	0	0	1	1	0	21	2	0	1	2	218	218	0	0	0	5	[]	0	5
13	123457267	44	12	8	5	0	0	0	0	0	0	0	1	0	0	0	2	0	24	2	0	1	2	218	218	0	0	0	5	[]	0	5
14	123457267	44	6	13	6	0	0	0	0	0	0	0	1	0	0	0	2	0	25	2	0	1	2	218	218	0	0	0	5	[]	0	5
15	123457267	36	14	11	8	0	0	0	0	0	0	0	1	0	0	0	2	0	26	2	0	1	2	218	218	0	0	0	7	[]	0	5
16	123457267	34	13	12	11	0	0	0	0	0	0	0	1	0	0	0	1	0	26	2	0	1	2	218	218	0	0	0	8	[]	0	5
17	123457267	31	9	19	11	0	0	0	0	0	0	0	1	0	0	0	1	0	26	2	0	1	2	218	218	0	0	0	8	[]	0	8
18	123457267	24	15	17	15	0	0	0	0	0	0	0	1	0	0	0	0	0	31	2	0	1	2	218	218	0	0	0	9	[]	0	8
19	123457267	23	10	16	21	0	0	0	0	0	0	0	0	0	0	2	0	0	32	4	0	1	4	218	218	0	0	0	9	[]	0	9
20	123457267	23	7	15	24	0	0	0	0	0	0	1	0	0	0	2	0	0	34	4	0	2	4	218	218	0	0	0	9	[]	0	9
21	123457267	21	7	12	29	0	0	0	0	0	0	1	0	0	0	1	1	0	38	4	0	2	4	218	218	0	0	0	11	[]	0	7
22	123457267	17	8	12	31	0	0	0	0	0	0	1	0	0	0	2	1	0	39	5	0	2	5	218	218	0	0	0	12	[]	0	8
23	123457267	12	11	14	31	0	0	0	0	0	0	1	0	0	0	2	1	0	43	5	0	2	5	218	218	0	0	0	13	[]	0	8
24	123457267	9	12	13	34	0	0	0	0	0	0	1	0	0	0	2	1	0	43	5	0	2	5	218	218	0	0	0	13	[]	0	8
25	123457267	7	11	14	36	0	0	0	0	0	0	1	0	0	0	2	1	0	44	5	0	2	5	218	218	0	0	0	13	[]	0	8
26	123457267	7	8	14	38	0	0	0	0	0	0	2	0	0	0	2	1	0	46	5	0	3	5	218	218	0	0	0	13	[]	0	7
27	123457267	7	6	14	40	0	0	0	0	0	0	2	0	0	0	2	1	0	46	5	0	3	5	218	218	0	0	0	13	[]	0	6
28	123457267	7	5	14	41	0	0	0	0	0	0	2	0	0	0	1	2	0	47	5	0	3	5	218	218	0	0	0	13	[]	0	6
29	123457267	5	6	14	44	0	0	0	0	0	0	1	1	0	0	1	0	0	50	5	0	3	5	218	218	0	0	0	13	[]	0	7
30	123457267	2	6	16	46	0	0	0	0	0	0	0	1	0	0	1	0	0	55	5	0	3	5	218	218	0	0	0	13	[]	0	8
31	123457267	2	2	16	49	0	0	0	0	0	0	0	1	0	0	2	0	0	56	6	0	3	6	218	218	0	0	0	13	[]	0	8
32	123457267	0	3	13	52	0	0	0	0	0	0	0	1	0	0	3	0	0	56	8	0	3	8	218	218	0	0	0	13	[]	0	7
33	123457267	0	3	11	54	0	0	0	0	0	0	0	1	0	0	3	0	0	58	8	0	3	8	218	218	0	0	0	13	[]	0	7
34	123457267	0	1	11	56	0	0	0	0	0	0	0	1	0	0	3	0	0	60	8	0	3	8	218	218	0	0	0	13	[]	0	6
35	123457267	0	0	11	57	0	0	0	0	0	0	0	1	0	0	3	0	0	61	8	0	3	8	218	218	0	0	0	13	[]	0	6
36	123457267	0	0	8	60	0	0	0	0	0	0	0	0	0	0	4	0	0	64	9	0	3	9	218	218	0	0	0	13	[]	0	6
37	123457267	0	0	8	60	0	0	0	0	0	0	0	0	0	0	4	0	0	66	9	0	3	9	218	218	0	0	0	13	[]	0	6
38	123457267	0	0	8	60	0	0	0	0	0	0	0	0	0	0	4	0	0	68	9	0	3	9	218	218	0	0	0	13	[]	0	6
39	123457267	0	0	8	60	0	0	0	0	0	0	0	0	0	0	4	0	0	69	9	0	3	9	218	218	0	0	0	13	[]	0	6
40	123457267	0	0	8	60	0	0	0	0	0	0	0	0	0	0	4	0	0	69	9	0	3	9	218	218	0	0	0	13	[]	0	6
41	123457267	0	0	6	63	0	0	0	0	0	0	0	0	0	0	3	0	0	71	9	0	3	9	218	218	0	0	0	13	[]	0	6
42	123457267	0	0	3	67	0	0	0	0	0	0	0	0	0	0	2	0	0	72	10	0	3	10	218	218	0	0	0	13	[]	0	5
43	123457267	0	0	2	68	0	0	0	0	0	0	0	0	0	0	1	1	0	73	10	0	3	10	218	218	0	0	0	13	[]	0	3
44	123457267	0	0	1	69	0	0	0	0	0	0	0	0	0	0	1	1	0	75	10	0	3	10	218	218	0	0	0	13	[]	0	2
45	123457267	0	0	1	69	0	0	0	0	0	0	0	0	0	0	1	1	0	75	10	0	3	10	218	218	0	0	0	13	[]	0	2
46	123457267	0	0	1	70	0	0	0	0	0	0	0	0	0	0	1	0	0	78	10	0	3	10	218	218	0	0	0	13	[]	0	2
47	123457267	0	0	1	70	0	0	0	0	0	0	0	0	0	0	1	0	0	79	10	0	3	10	218	218	0	0	0	13	[]	0	2
48	123457267	0	0	1	70	0	0	0	0	0	0	0	0	0	0	1	0	0	80	10	0	3	10	218	218	0	0	0	13	[]	0	2
49	123457267	0	0	1	70	0	0	0	0	0	0	0	0	0	0	1	0	0	80	10	0	3	10	218	218	0	0	0	13	[]	0	2
50	123457267	0	0	1	70	0	0	0	0	0	0	0	0	0	0	1	0	0	81	10	0	3	10	218	218	0	0	0	13	[]	0	2
51	123457267	0	0	1	70	0	0	0	0	0	0	0	0	0	0	1	0	0	82	10	0	3	10	218	218	0	0	0	13	[]	0	2
52	123457267	0	0	1	71	0	0	0	0	0	0	0	0	0	0	0	0	0	84	10	0	3	10	218	218	0	0	0	13	[]	0	1
53	123457267	0	0	1	71	0	0	0	0	0	0	0	0	0	0	0	0	0	84	10	0	3	10	218	218	0	0	0	13	[]	0	1
54	123457267	0	0	1	71	0	0	0	0	0	0	0	0	0	0	0	0	0	84	10	0	3	10	218	218	0	0	0	13	[]	0	1
55	123457267	0	0	1	71	0	0	0	0	0	0	0	0	0	0	0	0	0	85	10	0	3	10	218	218	0	0	0	13	[]	0	1
56	123457267	0	0	1	71	0	0	0	0	0	0	0	0	0	0	0	0	0	87	10	0	3	10	218	218	0	0	0	13	[]	0	1
57	123457267	0	0	1	71	0	0	0	0	0	0	0	0	0	0	0	0	0	88	10	0	3	10	218	218	0	0	0	13	[]	0	1
58	123457267	0	0	1	71	0	0	0	0	0	0	0	0	0	0	0	0	0	89	10	0	3	10	218	218	0	0	0	13	[]	0	1
59	123457267	0	0	0	72	0	0	0	0	0	0	0	0	0	0	0	0	0	91	10	0	3	10	218	218	0	0	0	13	[]	0	0
60	123457267	0	0	0	72	0	0	0	0	0	0	0	0	0	0	0	0	0	92	10	0	3	10	218	218	0	0	0	13	[]	0	0
