day	seedRun	susceptible	exposed	infected	removed	susceptible-in-quarantine	exposed-in-quarantine	infected-in-quarantine	removed-in-quarantine	susceptible-in-quarantine-external-1	exposed-in-quarantine-external-1	infected-in-quarantine-external-1	removed-in-quarantine-external-1	susceptible-in-quarantine-external-2	exposed-in-quarantine-external-2	infected-in-quarantine-external-2	removed-in-quarantine-external-2	num-of-screened-agents	num-of-screened-agents-external-1	num-of-screened-agents-external-2	num-of-positive-agents	num-of-positive-agents-external-1	num-of-positive-agents-external-2	num-vaccinated	num-immunized	num-immunized-in-quarantine	num-immunized-in-quarantine-external-1	num-immunized-in-quarantine-external-2	num-infected-outside	classroom-in-quarantine	num-of-classroom-in-quarantine	classroom-with-at-least-one-infected
0	123456978	240	0	0	0	0	0	0	0	0	0	0	0	0	0	0	0	0	0	0	0	0	0	50	50	0	0	0	0	[]	0	0
1	123456978	235	5	0	0	0	0	0	0	0	0	0	0	0	0	0	0	0	2	0	0	0	0	50	50	0	0	0	5	[]	0	0
2	123456978	213	24	3	0	0	0	0	0	0	0	0	0	0	0	0	0	0	3	0	0	0	0	50	50	0	0	0	9	[]	0	3
3	123456978	182	50	6	0	0	0	1	0	0	0	0	0	0	0	1	0	19	4	1	1	0	1	50	50	0	0	0	14	[]	0	5
4	123456978	148	71	19	0	0	0	1	0	0	0	0	0	0	0	1	0	19	6	1	1	0	1	50	50	0	0	0	20	[]	0	6
5	123456978	130	49	33	6	6	7	7	0	0	0	1	0	0	0	1	0	38	7	1	7	1	1	50	50	0	0	0	21	[1C]	1	6
6	123456978	124	43	43	8	6	7	4	3	0	0	1	0	0	0	1	0	38	9	1	7	1	1	50	50	0	0	0	27	[1C]	1	8
7	123456978	122	29	55	12	6	5	6	3	0	0	1	0	0	0	1	0	38	11	1	7	1	1	50	50	0	0	0	29	[1C]	1	10
8	123456978	68	63	31	14	7	14	27	12	0	0	2	0	0	0	1	1	94	12	2	27	2	2	50	50	0	0	0	35	[1C 2C 3C]	3	12
9	123456978	37	78	30	11	7	11	40	21	0	0	2	0	0	0	2	1	113	12	3	36	2	3	50	50	0	0	0	36	[1C 2C 3C 2D]	4	12
10	123456978	13	65	32	6	7	21	54	35	0	0	2	0	0	0	3	2	151	12	5	50	2	5	50	50	0	0	0	36	[1C 2C 3C 2D 3A 3D]	6	12
11	123456978	11	42	32	11	7	25	59	45	0	0	3	0	0	0	3	2	170	14	5	57	3	5	50	50	0	0	0	36	[1C 2C 3C 2D 3A 3D 3B]	7	12
12	123456978	11	33	38	14	7	18	59	52	0	0	3	0	0	0	3	2	170	15	5	57	3	5	50	50	0	0	0	36	[1C 2C 3C 2D 3A 3D 3B]	7	12
13	123456978	11	21	31	15	7	15	65	67	0	0	3	0	0	0	4	1	189	15	6	66	3	6	50	50	0	0	0	36	[1C 2C 3C 2D 3A 3D 3B 1A]	8	12
14	123456978	11	12	20	15	7	14	73	79	0	0	3	0	0	0	3	3	208	16	7	73	3	7	50	50	0	0	0	36	[1C 2C 3C 2D 3A 3D 3B 1A 1D]	9	12
15	123456978	9	16	22	31	1	10	61	82	0	0	2	0	0	0	3	3	208	16	7	73	3	7	50	50	0	0	0	36	[2C 3C 2D 3A 3D 3B 1A 1D]	8	11
16	123456978	7	14	23	34	1	5	59	89	0	0	2	0	0	0	1	5	208	16	7	73	3	7	50	50	0	0	0	36	[2C 3C 2D 3A 3D 3B 1A 1D]	8	11
17	123456978	5	1	13	21	2	11	63	114	0	0	1	1	0	0	3	5	244	16	9	83	3	9	50	50	0	0	0	36	[2C 3C 2D 3A 3D 3B 1A 1D 2B 2A]	10	11
18	123456978	4	2	13	61	1	5	52	94	0	0	0	1	0	0	2	5	244	17	9	83	3	9	50	50	0	0	0	36	[2D 3A 3D 3B 1A 1D 2B 2A]	8	10
19	123456978	3	2	2	73	1	1	51	99	0	0	0	1	0	0	2	5	263	18	10	91	3	10	50	50	0	0	0	36	[3A 3D 3B 1A 1D 2B 2A 1B]	8	9
20	123456978	3	2	2	113	1	1	35	77	0	0	0	1	0	0	2	3	263	20	10	91	3	10	50	50	0	0	0	36	[3B 1A 1D 2B 2A 1B]	6	7
21	123456978	3	1	2	134	1	1	21	72	0	0	0	0	0	0	2	3	263	20	10	91	3	10	50	50	0	0	0	36	[1A 1D 2B 2A 1B]	5	6
22	123456978	1	2	3	134	1	1	18	75	0	0	0	0	0	0	2	3	263	23	10	91	3	10	50	50	0	0	0	37	[1A 1D 2B 2A 1B]	5	6
23	123456978	1	1	4	154	1	1	17	57	0	0	0	0	0	0	2	2	263	25	10	91	3	10	50	50	0	0	0	37	[1D 2B 2A 1B]	4	5
24	123456978	1	0	5	174	1	0	9	47	0	0	0	0	0	0	2	1	263	26	10	91	3	10	50	50	0	0	0	37	[2B 2A 1B]	3	4
25	123456978	1	0	4	175	1	0	8	48	0	0	0	0	0	0	2	1	263	28	10	91	3	10	50	50	0	0	0	37	[2B 2A 1B]	3	4
26	123456978	1	0	3	176	1	0	8	48	0	0	0	0	0	0	2	1	263	29	10	91	3	10	50	50	0	0	0	37	[2B 2A 1B]	3	4
27	123456978	2	0	3	215	0	0	1	18	0	0	0	0	0	0	1	0	263	30	10	91	3	10	50	50	0	0	0	37	[1B]	1	2
28	123456978	2	0	3	215	0	0	1	18	0	0	0	0	0	0	1	0	263	32	10	91	3	10	50	50	0	0	0	37	[1B]	1	2
29	123456978	2	0	2	236	0	0	0	0	0	0	0	0	0	0	0	0	263	36	10	91	3	10	50	50	0	0	0	37	[]	0	1
30	123456978	2	0	1	237	0	0	0	0	0	0	0	0	0	0	0	0	263	40	10	91	3	10	50	50	0	0	0	37	[]	0	1
31	123456978	2	0	0	238	0	0	0	0	0	0	0	0	0	0	0	0	263	43	10	91	3	10	50	50	0	0	0	37	[]	0	0
32	123456978	2	0	0	238	0	0	0	0	0	0	0	0	0	0	0	0	263	44	10	91	3	10	50	50	0	0	0	37	[]	0	0
33	123456978	2	0	0	238	0	0	0	0	0	0	0	0	0	0	0	0	263	44	10	91	3	10	50	50	0	0	0	37	[]	0	0
34	123456978	2	0	0	238	0	0	0	0	0	0	0	0	0	0	0	0	263	46	10	91	3	10	50	50	0	0	0	37	[]	0	0
35	123456978	2	0	0	238	0	0	0	0	0	0	0	0	0	0	0	0	263	49	10	91	3	10	50	50	0	0	0	37	[]	0	0
36	123456978	2	0	0	238	0	0	0	0	0	0	0	0	0	0	0	0	263	51	10	91	3	10	50	50	0	0	0	37	[]	0	0
37	123456978	2	0	0	238	0	0	0	0	0	0	0	0	0	0	0	0	263	51	10	91	3	10	50	50	0	0	0	37	[]	0	0
38	123456978	2	0	0	238	0	0	0	0	0	0	0	0	0	0	0	0	263	52	10	91	3	10	50	50	0	0	0	37	[]	0	0
39	123456978	2	0	0	238	0	0	0	0	0	0	0	0	0	0	0	0	263	56	10	91	3	10	50	50	0	0	0	37	[]	0	0
40	123456978	2	0	0	238	0	0	0	0	0	0	0	0	0	0	0	0	263	58	10	91	3	10	50	50	0	0	0	37	[]	0	0
41	123456978	2	0	0	238	0	0	0	0	0	0	0	0	0	0	0	0	263	58	10	91	3	10	50	50	0	0	0	37	[]	0	0
42	123456978	1	1	0	238	0	0	0	0	0	0	0	0	0	0	0	0	263	59	10	91	3	10	50	50	0	0	0	38	[]	0	0
43	123456978	1	1	0	238	0	0	0	0	0	0	0	0	0	0	0	0	263	60	10	91	3	10	50	50	0	0	0	38	[]	0	0
44	123456978	1	1	0	238	0	0	0	0	0	0	0	0	0	0	0	0	263	62	10	91	3	10	50	50	0	0	0	38	[]	0	0
45	123456978	1	1	0	238	0	0	0	0	0	0	0	0	0	0	0	0	263	65	10	91	3	10	50	50	0	0	0	38	[]	0	0
46	123456978	1	1	0	238	0	0	0	0	0	0	0	0	0	0	0	0	263	66	10	91	3	10	50	50	0	0	0	38	[]	0	0
47	123456978	1	0	1	238	0	0	0	0	0	0	0	0	0	0	0	0	263	67	10	91	3	10	50	50	0	0	0	38	[]	0	1
48	123456978	1	0	0	239	0	0	0	0	0	0	0	0	0	0	0	0	263	67	10	91	3	10	50	50	0	0	0	38	[]	0	0
49	123456978	1	0	0	239	0	0	0	0	0	0	0	0	0	0	0	0	263	70	10	91	3	10	50	50	0	0	0	38	[]	0	0
50	123456978	1	0	0	239	0	0	0	0	0	0	0	0	0	0	0	0	263	74	10	91	3	10	50	50	0	0	0	38	[]	0	0
51	123456978	1	0	0	239	0	0	0	0	0	0	0	0	0	0	0	0	263	74	10	91	3	10	50	50	0	0	0	38	[]	0	0
52	123456978	1	0	0	239	0	0	0	0	0	0	0	0	0	0	0	0	263	74	10	91	3	10	50	50	0	0	0	38	[]	0	0
53	123456978	1	0	0	239	0	0	0	0	0	0	0	0	0	0	0	0	263	75	10	91	3	10	50	50	0	0	0	38	[]	0	0
54	123456978	1	0	0	239	0	0	0	0	0	0	0	0	0	0	0	0	263	76	10	91	3	10	50	50	0	0	0	38	[]	0	0
55	123456978	1	0	0	239	0	0	0	0	0	0	0	0	0	0	0	0	263	77	10	91	3	10	50	50	0	0	0	38	[]	0	0
56	123456978	1	0	0	239	0	0	0	0	0	0	0	0	0	0	0	0	263	80	10	91	3	10	50	50	0	0	0	38	[]	0	0
57	123456978	1	0	0	239	0	0	0	0	0	0	0	0	0	0	0	0	263	82	10	91	3	10	50	50	0	0	0	38	[]	0	0
58	123456978	1	0	0	239	0	0	0	0	0	0	0	0	0	0	0	0	263	84	10	91	3	10	50	50	0	0	0	38	[]	0	0
59	123456978	1	0	0	239	0	0	0	0	0	0	0	0	0	0	0	0	263	87	10	91	3	10	50	50	0	0	0	38	[]	0	0
60	123456978	1	0	0	239	0	0	0	0	0	0	0	0	0	0	0	0	263	87	10	91	3	10	50	50	0	0	0	38	[]	0	0
