day	seedRun	susceptible	exposed	infected	removed	susceptible-in-quarantine	exposed-in-quarantine	infected-in-quarantine	removed-in-quarantine	susceptible-in-quarantine-external-1	exposed-in-quarantine-external-1	infected-in-quarantine-external-1	removed-in-quarantine-external-1	susceptible-in-quarantine-external-2	exposed-in-quarantine-external-2	infected-in-quarantine-external-2	removed-in-quarantine-external-2	num-of-screened-agents	num-of-screened-agents-external-1	num-of-screened-agents-external-2	num-of-positive-agents	num-of-positive-agents-external-1	num-of-positive-agents-external-2	num-vaccinated	num-immunized	num-immunized-in-quarantine	num-immunized-in-quarantine-external-1	num-immunized-in-quarantine-external-2	num-infected-outside	classroom-in-quarantine	num-of-classroom-in-quarantine	classroom-with-at-least-one-infected
0	123457175	249	0	0	0	0	0	0	0	0	0	0	0	0	0	0	0	0	0	0	0	0	0	74	41	0	0	0	0	[]	0	0
1	123457175	249	0	0	0	0	0	0	0	0	0	0	0	0	0	0	0	60	2	0	0	0	0	74	41	0	0	0	0	[]	0	0
2	123457175	249	0	0	0	0	0	0	0	0	0	0	0	0	0	0	0	60	4	0	0	0	0	74	41	0	0	0	0	[]	0	0
3	123457175	249	0	0	0	0	0	0	0	0	0	0	0	0	0	0	0	60	4	0	0	0	0	74	41	0	0	0	0	[]	0	0
4	123457175	249	0	0	0	0	0	0	0	0	0	0	0	0	0	0	0	60	4	0	0	0	0	74	41	0	0	0	0	[]	0	0
5	123457175	249	0	0	0	0	0	0	0	0	0	0	0	0	0	0	0	60	8	0	0	0	0	74	41	0	0	0	0	[]	0	0
6	123457175	249	0	0	0	0	0	0	0	0	0	0	0	0	0	0	0	60	9	0	0	0	0	74	41	0	0	0	0	[]	0	0
7	123457175	249	0	0	0	0	0	0	0	0	0	0	0	0	0	0	0	60	9	0	0	0	0	74	41	0	0	0	0	[]	0	0
8	123457175	249	0	0	0	0	0	0	0	0	0	0	0	0	0	0	0	120	10	0	0	0	0	74	41	0	0	0	0	[]	0	0
9	123457175	249	0	0	0	0	0	0	0	0	0	0	0	0	0	0	0	120	11	0	0	0	0	74	41	0	0	0	0	[]	0	0
10	123457175	249	0	0	0	0	0	0	0	0	0	0	0	0	0	0	0	120	11	0	0	0	0	74	41	0	0	0	0	[]	0	0
11	123457175	249	0	0	0	0	0	0	0	0	0	0	0	0	0	0	0	120	14	0	0	0	0	74	41	0	0	0	0	[]	0	0
12	123457175	249	0	0	0	0	0	0	0	0	0	0	0	0	0	0	0	120	18	0	0	0	0	74	41	0	0	0	0	[]	0	0
13	123457175	249	0	0	0	0	0	0	0	0	0	0	0	0	0	0	0	120	21	0	0	0	0	74	41	0	0	0	0	[]	0	0
14	123457175	249	0	0	0	0	0	0	0	0	0	0	0	0	0	0	0	120	22	0	0	0	0	74	41	0	0	0	0	[]	0	0
15	123457175	249	0	0	0	0	0	0	0	0	0	0	0	0	0	0	0	180	28	0	0	0	0	74	41	0	0	0	0	[]	0	0
16	123457175	249	0	0	0	0	0	0	0	0	0	0	0	0	0	0	0	180	28	0	0	0	0	74	41	0	0	0	0	[]	0	0
17	123457175	249	0	0	0	0	0	0	0	0	0	0	0	0	0	0	0	180	29	0	0	0	0	74	41	0	0	0	0	[]	0	0
18	123457175	249	0	0	0	0	0	0	0	0	0	0	0	0	0	0	0	180	32	0	0	0	0	74	41	0	0	0	0	[]	0	0
19	123457175	249	0	0	0	0	0	0	0	0	0	0	0	0	0	0	0	180	33	0	0	0	0	74	41	0	0	0	0	[]	0	0
20	123457175	249	0	0	0	0	0	0	0	0	0	0	0	0	0	0	0	180	36	0	0	0	0	74	41	0	0	0	0	[]	0	0
21	123457175	249	0	0	0	0	0	0	0	0	0	0	0	0	0	0	0	180	39	0	0	0	0	74	41	0	0	0	0	[]	0	0
22	123457175	247	2	0	0	0	0	0	0	0	0	0	0	0	0	0	0	240	41	0	0	0	0	74	41	0	0	0	2	[]	0	0
23	123457175	226	21	2	0	0	0	0	0	0	0	0	0	0	0	0	0	240	44	0	0	0	0	74	41	0	0	0	2	[]	0	2
24	123457175	198	43	8	0	0	0	0	0	0	0	0	0	0	0	0	0	240	45	0	0	0	0	74	41	0	0	0	2	[]	0	3
25	123457175	180	50	17	2	0	0	0	0	0	0	0	0	0	0	0	0	240	49	0	0	0	0	74	41	0	0	0	2	[]	0	3
26	123457175	141	63	22	4	1	11	6	0	0	0	1	0	0	0	0	0	259	53	0	6	1	0	74	40	1	0	0	2	[1D]	1	4
27	123457175	141	44	18	4	1	12	21	5	0	0	1	0	0	0	2	0	297	55	2	20	1	2	74	39	2	0	0	2	[1D 1A]	2	9
28	123457175	141	26	35	5	1	8	24	6	0	0	0	1	0	0	1	1	297	55	2	20	1	2	74	39	2	0	0	2	[1D 1A]	2	10
29	123457175	83	66	11	1	9	11	46	17	0	0	0	1	0	0	3	1	438	55	4	46	1	4	74	36	5	0	0	3	[1D 1A 2A 2B]	4	10
30	123457175	37	83	24	3	9	8	44	22	0	0	0	1	6	4	6	2	438	56	5	46	1	5	74	34	5	0	2	3	[1D 1A 2A 2B 2C]	5	11
31	123457175	26	54	27	5	10	16	45	31	0	0	0	1	9	7	16	2	457	57	7	53	1	7	74	33	5	0	3	3	[1D 1A 2A 2B 2C 3A 3C]	7	11
32	123457175	23	43	39	7	10	13	41	38	0	0	0	1	9	4	18	3	457	57	7	53	1	7	74	33	5	0	3	3	[1D 1A 2A 2B 2C 3A 3C]	7	11
33	123457175	23	25	35	14	10	10	51	45	0	0	0	1	9	2	18	6	473	57	8	62	1	8	74	31	7	0	3	3	[1D 1A 2A 2B 2C 3A 3C 1C]	8	11
34	123457175	23	2	10	6	10	17	77	66	0	0	0	1	9	1	16	11	529	57	10	91	1	10	74	29	9	0	3	3	[1D 1A 2A 2B 2C 3A 3C 1C 3D 2D 1B]	11	11
35	123457175	23	2	7	9	10	13	68	79	0	0	0	1	9	0	15	13	529	57	10	91	1	10	74	29	9	0	3	3	[1D 1A 2A 2B 2C 3A 3C 1C 3D 2D 1B]	11	11
36	123457175	18	7	7	28	9	8	62	73	0	0	0	0	9	0	14	14	539	58	10	91	1	10	74	30	8	0	3	3	[1A 2A 2B 2C 3A 3C 1C 3D 2D 1B]	10	10
37	123457175	17	7	6	49	9	7	48	70	0	0	0	0	9	0	13	14	539	59	10	91	1	10	74	31	7	0	3	4	[2A 2B 2C 3A 3C 1C 3D 2D 1B]	9	10
38	123457175	12	8	6	50	9	4	44	79	0	0	0	0	9	0	12	16	558	59	11	93	1	11	74	31	7	0	3	4	[2A 2B 2C 3A 3C 1C 3D 2D 1B]	9	10
39	123457175	11	15	8	79	1	4	34	60	0	0	0	0	9	0	10	18	558	59	11	93	1	11	74	34	4	0	3	4	[2C 3A 3C 1C 3D 2D 1B]	7	8
40	123457175	14	18	6	93	1	3	28	64	0	0	0	0	3	0	7	12	558	59	11	93	1	11	74	36	4	0	1	4	[3A 3C 1C 3D 2D 1B]	6	7
41	123457175	18	4	4	129	0	9	30	49	0	0	0	0	0	0	4	2	574	59	12	98	1	12	74	35	6	0	0	4	[1C 3D 2D 1B 3B]	5	6
42	123457175	18	4	4	129	0	7	27	54	0	0	0	0	0	0	3	3	574	59	12	98	1	12	74	35	6	0	0	4	[1C 3D 2D 1B 3B]	5	6
43	123457175	13	7	5	147	0	7	16	49	0	0	0	0	0	0	2	3	633	60	12	99	1	12	74	37	4	0	0	4	[3D 2D 1B 3B]	4	6
44	123457175	6	12	7	205	0	5	7	5	0	0	0	0	0	0	1	1	633	62	12	99	1	12	74	39	2	0	0	4	[3B]	1	3
45	123457175	5	11	9	205	0	3	9	5	0	0	0	0	0	0	1	1	633	65	12	99	1	12	74	39	2	0	0	4	[3B]	1	3
46	123457175	3	11	11	205	0	1	11	5	0	0	0	0	0	0	1	1	633	65	12	99	1	12	74	39	2	0	0	4	[3B]	1	3
47	123457175	2	8	14	206	0	1	9	7	0	0	0	0	0	0	1	1	633	65	12	99	1	12	74	39	2	0	0	4	[3B]	1	4
48	123457175	2	2	7	184	0	3	16	32	0	0	0	0	0	0	1	2	671	67	13	108	1	13	74	35	6	0	0	4	[3B 2C 2B]	3	4
49	123457175	2	1	6	186	0	3	16	32	0	0	0	0	0	0	1	2	671	69	13	108	1	13	74	35	6	0	0	4	[3B 2C 2B]	3	4
50	123457175	2	1	5	187	0	2	16	33	0	0	0	0	0	0	0	3	716	70	13	108	1	13	74	35	6	0	0	4	[3B 2C 2B]	3	4
51	123457175	2	1	4	206	0	2	7	26	0	0	0	0	0	0	0	1	716	71	13	108	1	13	74	37	4	0	0	4	[2C 2B]	2	3
52	123457175	2	1	4	206	0	1	8	26	0	0	0	0	0	0	0	1	716	72	13	108	1	13	74	37	4	0	0	4	[2C 2B]	2	3
53	123457175	2	1	4	206	0	1	8	26	0	0	0	0	0	0	0	1	716	74	13	108	1	13	74	37	4	0	0	4	[2C 2B]	2	3
54	123457175	2	1	3	207	0	0	7	28	0	0	0	0	0	0	0	1	716	75	13	108	1	13	74	37	4	0	0	4	[2C 2B]	2	3
55	123457175	2	1	2	208	0	0	7	28	0	0	0	0	0	0	0	1	716	77	13	108	1	13	74	37	4	0	0	4	[2C 2B]	2	3
56	123457175	2	1	2	208	0	0	4	31	0	0	0	0	0	0	0	1	716	81	13	108	1	13	74	37	4	0	0	4	[2C 2B]	2	3
57	123457175	2	1	1	209	0	0	3	32	0	0	0	0	0	0	0	1	766	81	13	108	1	13	74	37	4	0	0	4	[2C 2B]	2	3
58	123457175	2	1	1	245	0	0	0	0	0	0	0	0	0	0	0	0	766	82	13	108	1	13	74	41	0	0	0	4	[]	0	1
59	123457175	2	1	1	245	0	0	0	0	0	0	0	0	0	0	0	0	766	83	13	108	1	13	74	41	0	0	0	4	[]	0	1
60	123457175	2	1	1	245	0	0	0	0	0	0	0	0	0	0	0	0	766	83	13	108	1	13	74	41	0	0	0	4	[]	0	1
