day	seedRun	susceptible	exposed	infected	removed	susceptible-in-quarantine	exposed-in-quarantine	infected-in-quarantine	removed-in-quarantine	susceptible-in-quarantine-external-1	exposed-in-quarantine-external-1	infected-in-quarantine-external-1	removed-in-quarantine-external-1	susceptible-in-quarantine-external-2	exposed-in-quarantine-external-2	infected-in-quarantine-external-2	removed-in-quarantine-external-2	num-of-screened-agents	num-of-screened-agents-external-1	num-of-screened-agents-external-2	num-of-positive-agents	num-of-positive-agents-external-1	num-of-positive-agents-external-2	num-vaccinated	num-immunized	num-immunized-in-quarantine	num-immunized-in-quarantine-external-1	num-immunized-in-quarantine-external-2	num-infected-outside	classroom-in-quarantine	num-of-classroom-in-quarantine	classroom-with-at-least-one-infected
0	123456874	144	0	0	0	0	0	0	0	0	0	0	0	0	0	0	0	0	0	0	0	0	0	146	146	0	0	0	0	[]	0	0
1	123456874	144	0	0	0	0	0	0	0	0	0	0	0	0	0	0	0	0	4	0	0	0	0	146	146	0	0	0	0	[]	0	0
2	123456874	144	0	0	0	0	0	0	0	0	0	0	0	0	0	0	0	0	5	0	0	0	0	146	146	0	0	0	0	[]	0	0
3	123456874	144	0	0	0	0	0	0	0	0	0	0	0	0	0	0	0	0	8	0	0	0	0	146	146	0	0	0	0	[]	0	0
4	123456874	143	1	0	0	0	0	0	0	0	0	0	0	0	0	0	0	0	10	0	0	0	0	146	146	0	0	0	1	[]	0	0
5	123456874	138	5	1	0	0	0	0	0	0	0	0	0	0	0	0	0	0	11	0	0	0	0	146	146	0	0	0	1	[]	0	1
6	123456874	138	4	2	0	0	0	0	0	0	0	0	0	0	0	0	0	0	12	0	0	0	0	146	146	0	0	0	1	[]	0	1
7	123456874	138	4	0	2	0	0	0	0	0	0	0	0	0	0	0	0	0	13	0	0	0	0	146	146	0	0	0	1	[]	0	0
8	123456874	133	8	1	2	0	0	0	0	0	0	0	0	0	0	0	0	0	15	0	0	0	0	146	146	0	0	0	2	[]	0	1
9	123456874	131	1	0	0	2	3	4	2	0	0	1	0	0	0	0	0	19	17	0	4	1	0	146	138	8	0	0	2	[1A]	1	1
10	123456874	131	1	0	0	2	3	4	2	0	0	1	0	0	0	0	0	19	18	0	4	1	0	146	138	8	0	0	2	[1A]	1	1
11	123456874	131	1	0	0	2	1	6	2	0	0	1	0	0	0	0	0	19	20	0	4	1	0	146	138	8	0	0	2	[1A]	1	1
12	123456874	131	1	0	0	2	1	5	3	0	0	1	0	0	0	0	0	19	23	0	4	1	0	146	138	8	0	0	2	[1A]	1	1
13	123456874	131	0	1	0	2	1	3	5	0	0	1	0	0	0	0	0	19	25	0	4	1	0	146	138	8	0	0	2	[1A]	1	2
14	123456874	131	0	1	0	2	1	1	7	0	0	0	1	0	0	0	0	19	25	0	4	1	0	146	138	8	0	0	2	[1A]	1	2
15	123456874	131	0	0	0	2	1	0	8	0	0	1	1	0	0	0	0	38	27	0	4	2	0	146	138	8	0	0	2	[1A]	1	1
16	123456874	131	0	0	0	2	1	0	8	0	0	0	2	0	0	0	0	38	28	0	4	2	0	146	138	8	0	0	2	[1A]	1	0
17	123456874	131	0	0	0	2	0	1	8	0	0	0	2	0	0	0	0	38	32	0	4	2	0	146	138	8	0	0	2	[1A]	1	1
18	123456874	130	1	0	0	2	0	1	8	0	0	0	2	0	0	0	0	38	33	0	4	2	0	146	138	8	0	0	3	[1A]	1	1
19	123456874	132	1	0	10	0	0	0	0	0	0	0	1	0	0	0	0	38	34	0	4	2	0	146	146	0	0	0	3	[]	0	0
20	123456874	132	1	0	10	0	0	0	0	0	0	0	1	0	0	0	0	57	37	0	4	2	0	146	146	0	0	0	3	[]	0	0
21	123456874	132	1	0	10	0	0	0	0	0	0	0	1	0	0	0	0	57	39	0	4	2	0	146	146	0	0	0	3	[]	0	0
22	123456874	132	1	0	10	0	0	0	0	0	0	0	1	0	0	0	0	57	40	0	4	2	0	146	146	0	0	0	3	[]	0	0
23	123456874	124	8	1	10	0	0	0	0	0	0	0	1	0	0	0	0	57	42	0	4	2	0	146	146	0	0	0	4	[]	0	1
24	123456874	122	9	2	10	0	0	0	0	0	0	0	1	0	0	0	0	57	43	0	4	2	0	146	146	0	0	0	5	[]	0	2
25	123456874	120	7	6	11	0	0	0	0	0	0	0	0	0	0	0	0	57	45	0	4	2	0	146	146	0	0	0	5	[]	0	2
26	123456874	116	10	6	12	0	0	0	0	0	0	0	0	0	0	0	0	57	48	0	4	2	0	146	146	0	0	0	5	[]	0	2
27	123456874	116	8	8	12	0	0	0	0	0	0	0	0	0	0	0	0	57	49	0	4	2	0	146	146	0	0	0	5	[]	0	2
28	123456874	116	7	6	13	0	0	1	0	0	0	1	0	0	0	0	0	76	51	0	5	3	0	146	146	0	0	0	5	[]	0	3
29	123456874	106	15	7	14	0	0	1	0	0	0	1	0	0	0	0	0	76	53	0	5	3	0	146	146	0	0	0	5	[]	0	3
30	123456874	104	12	12	14	0	0	1	0	0	0	1	0	0	0	0	0	76	54	0	5	3	0	146	146	0	0	0	5	[]	0	3
31	123456874	103	9	12	17	0	0	1	0	0	0	1	0	0	0	1	0	95	57	1	5	3	1	146	146	0	0	0	5	[]	0	4
32	123456874	103	6	15	17	0	0	1	0	0	0	1	0	0	0	1	0	95	59	1	5	3	1	146	146	0	0	0	5	[]	0	4
33	123456874	96	8	2	11	0	2	12	9	0	0	2	0	0	0	2	0	151	61	2	16	4	2	146	130	16	0	0	5	[3A 3B]	2	6
34	123456874	96	6	4	11	0	2	8	13	0	0	2	0	0	0	2	0	151	63	2	16	4	2	146	130	16	0	0	5	[3A 3B]	2	7
35	123456874	96	4	5	12	0	2	6	15	0	0	2	0	0	0	2	0	151	66	2	16	4	2	146	130	16	0	0	5	[3A 3B]	2	7
36	123456874	79	19	7	12	0	2	5	16	0	0	1	1	0	0	2	0	170	66	2	16	4	2	146	130	16	0	0	5	[3A 3B]	2	7
37	123456874	76	18	5	14	0	1	8	17	0	0	1	1	0	0	3	0	189	68	3	19	4	3	146	130	16	0	0	5	[3A 3B]	2	7
38	123456874	70	20	9	16	0	0	8	17	0	0	0	1	0	0	3	0	189	69	3	19	4	3	146	130	16	0	0	5	[3A 3B]	2	7
39	123456874	59	23	13	20	0	0	8	17	0	0	0	1	0	0	3	0	189	70	3	19	4	3	146	130	16	0	0	5	[3A 3B]	2	7
40	123456874	48	26	21	20	0	0	7	18	0	0	0	1	0	0	3	0	189	70	3	19	4	3	146	130	16	0	0	6	[3A 3B]	2	8
41	123456874	48	16	29	23	0	0	5	20	0	0	0	1	0	0	2	0	189	72	3	19	4	3	146	130	16	0	0	6	[3A 3B]	2	8
42	123456874	48	8	28	24	0	3	4	26	0	0	0	1	0	0	1	1	205	73	3	22	4	3	146	122	24	0	0	6	[3A 3B 3C]	3	8
43	123456874	35	17	30	50	0	2	2	7	0	0	0	0	0	0	0	1	205	74	3	22	4	3	146	138	8	0	0	6	[3C]	1	6
44	123456874	33	12	29	46	0	3	7	12	0	0	1	0	0	0	0	1	224	77	3	27	5	3	146	130	16	0	0	6	[3C 2A]	2	6
45	123456874	26	13	26	43	0	2	12	19	0	0	1	0	0	0	1	1	243	79	4	31	5	4	146	122	24	0	0	6	[3C 2A 2C]	3	7
46	123456874	24	9	22	41	0	3	15	26	0	0	1	0	0	0	2	1	262	79	5	36	5	5	146	114	32	0	0	6	[3C 2A 2C 1B]	4	7
47	123456874	23	8	21	44	0	3	11	30	0	0	1	0	0	0	2	1	262	79	5	36	5	5	146	114	32	0	0	6	[3C 2A 2C 1B]	4	7
48	123456874	23	7	10	44	0	1	17	37	0	0	1	0	0	0	3	1	281	81	6	43	5	6	146	106	40	0	0	6	[3C 2A 2C 1B 3D]	5	7
49	123456874	23	5	9	47	0	0	13	42	0	0	1	0	0	0	2	2	281	81	6	43	5	6	146	106	40	0	0	6	[3C 2A 2C 1B 3D]	5	7
50	123456874	23	4	10	47	0	0	12	43	0	0	1	0	0	0	2	2	281	83	6	43	5	6	146	106	40	0	0	6	[3C 2A 2C 1B 3D]	5	7
51	123456874	23	2	11	48	0	0	10	45	0	0	1	0	0	0	2	2	281	86	6	43	5	6	146	106	40	0	0	6	[3C 2A 2C 1B 3D]	5	7
52	123456874	23	2	8	63	0	0	7	37	0	0	1	0	0	0	2	1	281	88	6	43	5	6	146	114	32	0	0	6	[2A 2C 1B 3D]	4	6
53	123456874	23	1	8	64	0	0	7	37	0	0	1	0	0	0	2	1	281	89	6	43	5	6	146	114	32	0	0	6	[2A 2C 1B 3D]	4	6
54	123456874	23	1	5	77	0	0	5	29	0	0	0	0	0	0	3	1	300	89	7	44	5	7	146	122	24	0	0	6	[2C 1B 3D]	3	5
55	123456874	23	1	5	89	0	0	4	19	0	0	0	0	0	0	2	1	300	89	7	44	5	7	146	130	16	0	0	6	[1B 3D]	2	4
56	123456874	23	1	4	102	0	0	2	10	0	0	0	0	0	0	2	0	300	89	7	44	5	7	146	138	8	0	0	6	[3D]	1	3
57	123456874	23	0	5	102	0	0	2	10	0	0	0	0	0	0	2	0	300	91	7	44	5	7	146	138	8	0	0	6	[3D]	1	3
58	123456874	23	0	4	115	0	0	1	0	0	0	0	0	0	0	1	0	300	94	7	44	5	7	146	146	0	0	0	6	[]	0	2
59	123456874	23	0	2	116	0	0	1	1	0	0	0	0	0	0	1	0	318	96	7	45	5	7	146	146	0	0	0	6	[]	0	2
60	123456874	23	0	0	118	0	0	1	1	0	0	0	0	0	0	1	0	318	97	7	45	5	7	146	146	0	0	0	6	[]	0	1
