day	seedRun	susceptible	exposed	infected	removed	susceptible-in-quarantine	exposed-in-quarantine	infected-in-quarantine	removed-in-quarantine	susceptible-in-quarantine-external-1	exposed-in-quarantine-external-1	infected-in-quarantine-external-1	removed-in-quarantine-external-1	susceptible-in-quarantine-external-2	exposed-in-quarantine-external-2	infected-in-quarantine-external-2	removed-in-quarantine-external-2	num-of-screened-agents	num-of-screened-agents-external-1	num-of-screened-agents-external-2	num-of-positive-agents	num-of-positive-agents-external-1	num-of-positive-agents-external-2	num-vaccinated	num-immunized	num-immunized-in-quarantine	num-immunized-in-quarantine-external-1	num-immunized-in-quarantine-external-2	num-infected-outside	classroom-in-quarantine	num-of-classroom-in-quarantine	classroom-with-at-least-one-infected
0	123457057	144	0	0	0	0	0	0	0	0	0	0	0	0	0	0	0	0	0	0	0	0	0	146	146	0	0	0	0	[]	0	0
1	123457057	144	0	0	0	0	0	0	0	0	0	0	0	0	0	0	0	0	2	0	0	0	0	146	146	0	0	0	0	[]	0	0
2	123457057	144	0	0	0	0	0	0	0	0	0	0	0	0	0	0	0	0	7	0	0	0	0	146	146	0	0	0	0	[]	0	0
3	123457057	144	0	0	0	0	0	0	0	0	0	0	0	0	0	0	0	0	9	0	0	0	0	146	146	0	0	0	0	[]	0	0
4	123457057	144	0	0	0	0	0	0	0	0	0	0	0	0	0	0	0	0	12	0	0	0	0	146	146	0	0	0	0	[]	0	0
5	123457057	144	0	0	0	0	0	0	0	0	0	0	0	0	0	0	0	0	13	0	0	0	0	146	146	0	0	0	0	[]	0	0
6	123457057	144	0	0	0	0	0	0	0	0	0	0	0	0	0	0	0	0	14	0	0	0	0	146	146	0	0	0	0	[]	0	0
7	123457057	144	0	0	0	0	0	0	0	0	0	0	0	0	0	0	0	0	17	0	0	0	0	146	146	0	0	0	0	[]	0	0
8	123457057	144	0	0	0	0	0	0	0	0	0	0	0	0	0	0	0	0	17	0	0	0	0	146	146	0	0	0	0	[]	0	0
9	123457057	144	0	0	0	0	0	0	0	0	0	0	0	0	0	0	0	0	18	0	0	0	0	146	146	0	0	0	0	[]	0	0
10	123457057	144	0	0	0	0	0	0	0	0	0	0	0	0	0	0	0	0	20	0	0	0	0	146	146	0	0	0	0	[]	0	0
11	123457057	144	0	0	0	0	0	0	0	0	0	0	0	0	0	0	0	0	21	0	0	0	0	146	146	0	0	0	0	[]	0	0
12	123457057	144	0	0	0	0	0	0	0	0	0	0	0	0	0	0	0	0	22	0	0	0	0	146	146	0	0	0	0	[]	0	0
13	123457057	144	0	0	0	0	0	0	0	0	0	0	0	0	0	0	0	0	25	0	0	0	0	146	146	0	0	0	0	[]	0	0
14	123457057	144	0	0	0	0	0	0	0	0	0	0	0	0	0	0	0	0	27	0	0	0	0	146	146	0	0	0	0	[]	0	0
15	123457057	144	0	0	0	0	0	0	0	0	0	0	0	0	0	0	0	0	29	0	0	0	0	146	146	0	0	0	0	[]	0	0
16	123457057	144	0	0	0	0	0	0	0	0	0	0	0	0	0	0	0	0	32	0	0	0	0	146	146	0	0	0	0	[]	0	0
17	123457057	144	0	0	0	0	0	0	0	0	0	0	0	0	0	0	0	0	32	0	0	0	0	146	146	0	0	0	0	[]	0	0
18	123457057	144	0	0	0	0	0	0	0	0	0	0	0	0	0	0	0	0	33	0	0	0	0	146	146	0	0	0	0	[]	0	0
19	123457057	144	0	0	0	0	0	0	0	0	0	0	0	0	0	0	0	0	34	0	0	0	0	146	146	0	0	0	0	[]	0	0
20	123457057	144	0	0	0	0	0	0	0	0	0	0	0	0	0	0	0	0	37	0	0	0	0	146	146	0	0	0	0	[]	0	0
21	123457057	144	0	0	0	0	0	0	0	0	0	0	0	0	0	0	0	0	39	0	0	0	0	146	146	0	0	0	0	[]	0	0
22	123457057	144	0	0	0	0	0	0	0	0	0	0	0	0	0	0	0	0	40	0	0	0	0	146	146	0	0	0	0	[]	0	0
23	123457057	144	0	0	0	0	0	0	0	0	0	0	0	0	0	0	0	0	45	0	0	0	0	146	146	0	0	0	0	[]	0	0
24	123457057	144	0	0	0	0	0	0	0	0	0	0	0	0	0	0	0	0	46	0	0	0	0	146	146	0	0	0	0	[]	0	0
25	123457057	143	1	0	0	0	0	0	0	0	0	0	0	0	0	0	0	0	47	0	0	0	0	146	146	0	0	0	1	[]	0	0
26	123457057	142	2	0	0	0	0	0	0	0	0	0	0	0	0	0	0	0	52	0	0	0	0	146	146	0	0	0	2	[]	0	0
27	123457057	142	2	0	0	0	0	0	0	0	0	0	0	0	0	0	0	0	53	0	0	0	0	146	146	0	0	0	2	[]	0	0
28	123457057	142	0	2	0	0	0	0	0	0	0	0	0	0	0	0	0	0	54	0	0	0	0	146	146	0	0	0	2	[]	0	2
29	123457057	133	9	2	0	0	0	0	0	0	0	0	0	0	0	0	0	0	57	0	0	0	0	146	146	0	0	0	2	[]	0	2
30	123457057	126	14	4	0	0	0	0	0	0	0	0	0	0	0	0	0	0	60	0	0	0	0	146	146	0	0	0	2	[]	0	2
31	123457057	121	13	10	0	0	0	0	0	0	0	0	0	0	0	0	0	0	63	0	0	0	0	146	146	0	0	0	2	[]	0	2
32	123457057	120	3	9	0	1	3	6	1	0	0	1	0	0	0	0	0	19	65	0	6	1	0	146	138	8	0	0	2	[2A]	1	2
33	123457057	119	3	8	2	1	3	4	3	0	0	1	0	0	0	0	0	19	65	0	6	1	0	146	138	8	0	0	3	[2A]	1	2
34	123457057	119	2	8	3	1	2	4	4	0	0	1	0	0	0	0	0	19	67	0	6	1	0	146	138	8	0	0	3	[2A]	1	3
35	123457057	119	1	9	3	1	1	5	4	0	0	1	0	0	0	0	0	19	68	0	6	1	0	146	138	8	0	0	3	[2A]	1	3
36	123457057	112	8	9	3	1	0	6	4	0	0	1	0	0	0	0	0	19	70	0	6	1	0	146	138	8	0	0	3	[2A]	1	3
37	123457057	109	10	8	5	1	0	4	6	0	0	1	0	0	0	0	0	19	72	0	6	1	0	146	138	8	0	0	3	[2A]	1	3
38	123457057	107	10	8	7	1	0	4	6	0	0	1	0	0	0	0	0	19	74	0	6	1	0	146	138	8	0	0	3	[2A]	1	3
39	123457057	102	12	10	8	1	0	3	7	0	0	1	0	0	0	0	0	19	74	0	6	1	0	146	138	8	0	0	3	[2A]	1	4
40	123457057	95	14	9	10	1	0	6	7	0	0	1	0	0	0	1	0	38	76	1	9	1	1	146	138	8	0	0	3	[2A]	1	4
41	123457057	95	11	10	12	1	0	5	8	0	0	1	0	0	0	1	0	38	78	1	9	1	1	146	138	8	0	0	3	[2A]	1	4
42	123457057	96	8	9	27	0	0	1	2	0	0	0	0	0	0	1	0	38	78	1	9	1	1	146	146	0	0	0	3	[]	0	3
43	123457057	88	10	5	25	1	3	5	5	0	0	0	0	0	0	1	1	57	80	2	13	1	2	146	138	8	0	0	3	[1C]	1	4
44	123457057	83	11	9	25	1	2	6	5	0	0	0	0	0	0	1	1	57	81	2	13	1	2	146	138	8	0	0	3	[1C]	1	4
45	123457057	78	11	12	27	1	1	5	7	0	0	0	0	0	0	1	1	73	83	2	13	1	2	146	138	8	0	0	3	[1C]	1	5
46	123457057	78	9	5	30	1	0	10	7	0	0	1	0	0	0	2	1	111	86	3	17	2	3	146	138	8	0	0	3	[1C]	1	5
47	123457057	78	7	5	32	1	0	10	7	0	0	0	1	0	0	2	1	111	89	3	17	2	3	146	138	8	0	0	3	[1C]	1	5
48	123457057	78	3	9	32	1	0	10	7	0	0	0	1	0	0	2	1	111	93	3	17	2	3	146	138	8	0	0	3	[1C]	1	6
49	123457057	78	2	10	32	1	0	7	10	0	0	0	1	0	0	2	1	111	93	3	17	2	3	146	138	8	0	0	3	[1C]	1	6
50	123457057	71	9	7	39	1	0	4	10	0	0	0	1	0	0	2	0	111	97	3	17	2	3	146	138	8	0	0	4	[1C]	1	4
51	123457057	66	11	8	39	1	0	6	10	0	0	0	1	0	0	2	0	145	97	3	19	2	3	146	138	8	0	0	4	[1C]	1	5
52	123457057	54	20	10	40	1	0	6	10	0	0	0	1	0	0	1	1	145	100	3	19	2	3	146	138	8	0	0	4	[1C]	1	6
53	123457057	51	20	11	51	0	0	6	2	0	0	0	1	0	0	1	1	164	102	4	21	2	4	146	146	0	0	0	4	[]	0	5
54	123457057	48	17	15	53	0	0	6	2	0	0	0	1	0	0	1	1	164	105	4	21	2	4	146	146	0	0	0	4	[]	0	5
55	123457057	48	11	19	55	0	0	6	2	0	0	0	1	0	0	1	1	164	106	4	21	2	4	146	146	0	0	0	4	[]	0	6
56	123457057	48	10	16	65	0	0	4	0	0	0	0	0	0	0	1	0	164	106	4	21	2	4	146	146	0	0	0	4	[]	0	5
57	123457057	41	14	18	66	0	0	4	0	0	0	0	0	0	0	0	1	164	108	4	21	2	4	146	146	0	0	0	4	[]	0	5
58	123457057	36	12	17	65	1	2	8	2	0	0	0	0	0	0	0	1	181	108	4	24	2	4	146	138	8	0	0	4	[3D]	1	5
59	123457057	32	12	19	67	1	1	9	2	0	0	0	0	0	0	0	1	181	112	4	24	2	4	146	138	8	0	0	4	[3D]	1	6
60	123457057	27	14	13	64	1	1	13	8	0	0	0	0	0	0	2	1	217	113	6	29	2	6	146	130	16	0	0	4	[3D 3A]	2	6
