day	seedRun	susceptible	exposed	infected	removed	susceptible-in-quarantine	exposed-in-quarantine	infected-in-quarantine	removed-in-quarantine	susceptible-in-quarantine-external-1	exposed-in-quarantine-external-1	infected-in-quarantine-external-1	removed-in-quarantine-external-1	susceptible-in-quarantine-external-2	exposed-in-quarantine-external-2	infected-in-quarantine-external-2	removed-in-quarantine-external-2	num-of-screened-agents	num-of-screened-agents-external-1	num-of-screened-agents-external-2	num-of-positive-agents	num-of-positive-agents-external-1	num-of-positive-agents-external-2	num-vaccinated	num-immunized	num-immunized-in-quarantine	num-immunized-in-quarantine-external-1	num-immunized-in-quarantine-external-2	num-infected-outside	classroom-in-quarantine	num-of-classroom-in-quarantine	classroom-with-at-least-one-infected
0	123456844	144	0	0	0	0	0	0	0	0	0	0	0	0	0	0	0	0	0	0	0	0	0	146	146	0	0	0	0	[]	0	0
1	123456844	144	0	0	0	0	0	0	0	0	0	0	0	0	0	0	0	0	1	0	0	0	0	146	146	0	0	0	0	[]	0	0
2	123456844	143	1	0	0	0	0	0	0	0	0	0	0	0	0	0	0	0	2	0	0	0	0	146	146	0	0	0	1	[]	0	0
3	123456844	143	1	0	0	0	0	0	0	0	0	0	0	0	0	0	0	0	4	0	0	0	0	146	146	0	0	0	1	[]	0	0
4	123456844	143	1	0	0	0	0	0	0	0	0	0	0	0	0	0	0	0	7	0	0	0	0	146	146	0	0	0	1	[]	0	0
5	123456844	143	1	0	0	0	0	0	0	0	0	0	0	0	0	0	0	0	7	0	0	0	0	146	146	0	0	0	1	[]	0	0
6	123456844	142	2	0	0	0	0	0	0	0	0	0	0	0	0	0	0	0	8	0	0	0	0	146	146	0	0	0	2	[]	0	0
7	123456844	142	2	0	0	0	0	0	0	0	0	0	0	0	0	0	0	0	8	0	0	0	0	146	146	0	0	0	2	[]	0	0
8	123456844	142	2	0	0	0	0	0	0	0	0	0	0	0	0	0	0	0	8	0	0	0	0	146	146	0	0	0	2	[]	0	0
9	123456844	142	2	0	0	0	0	0	0	0	0	0	0	0	0	0	0	0	10	0	0	0	0	146	146	0	0	0	2	[]	0	0
10	123456844	142	2	0	0	0	0	0	0	0	0	0	0	0	0	0	0	0	14	0	0	0	0	146	146	0	0	0	2	[]	0	0
11	123456844	142	2	0	0	0	0	0	0	0	0	0	0	0	0	0	0	0	16	0	0	0	0	146	146	0	0	0	2	[]	0	0
12	123456844	142	2	0	0	0	0	0	0	0	0	0	0	0	0	0	0	0	19	0	0	0	0	146	146	0	0	0	2	[]	0	0
13	123456844	142	0	2	0	0	0	0	0	0	0	0	0	0	0	0	0	0	20	0	0	0	0	146	146	0	0	0	2	[]	0	2
14	123456844	142	0	1	1	0	0	0	0	0	0	0	0	0	0	0	0	0	22	0	0	0	0	146	146	0	0	0	2	[]	0	1
15	123456844	138	4	1	1	0	0	0	0	0	0	0	0	0	0	0	0	0	24	0	0	0	0	146	146	0	0	0	3	[]	0	1
16	123456844	136	5	1	2	0	0	0	0	0	0	0	0	0	0	0	0	0	27	0	0	0	0	146	146	0	0	0	3	[]	0	1
17	123456844	131	9	2	2	0	0	0	0	0	0	0	0	0	0	0	0	0	32	0	0	0	0	146	146	0	0	0	3	[]	0	1
18	123456844	121	16	5	2	0	0	0	0	0	0	0	0	0	0	0	0	0	34	0	0	0	0	146	146	0	0	0	3	[]	0	2
19	123456844	113	16	13	2	0	0	0	0	0	0	0	0	0	0	0	0	0	35	0	0	0	0	146	146	0	0	0	3	[]	0	2
20	123456844	113	14	14	3	0	0	0	0	0	0	0	0	0	0	0	0	0	37	0	0	0	0	146	146	0	0	0	3	[]	0	2
21	123456844	113	8	16	5	0	0	0	0	0	0	1	0	0	0	1	0	38	39	1	0	1	1	146	146	0	0	0	3	[]	0	5
22	123456844	108	10	9	3	0	1	5	5	0	0	1	0	0	0	2	0	57	43	2	5	1	2	146	138	8	0	0	3	[2C]	1	5
23	123456844	102	14	10	4	0	1	5	5	0	0	1	0	0	0	1	1	57	45	2	5	1	2	146	138	8	0	0	3	[2C]	1	4
24	123456844	96	18	11	5	0	0	5	6	0	0	1	0	0	0	1	1	57	48	2	5	1	2	146	138	8	0	0	3	[2C]	1	5
25	123456844	86	23	15	6	0	0	5	6	0	0	1	0	0	0	0	2	57	49	2	5	1	2	146	138	8	0	0	3	[2C]	1	6
26	123456844	82	22	10	3	0	2	9	12	0	0	0	1	0	0	1	2	114	50	3	10	1	3	146	130	16	0	0	3	[2C 3B]	2	5
27	123456844	82	14	7	2	0	6	13	15	0	0	1	1	0	0	1	2	133	51	3	15	2	3	146	122	24	0	0	3	[2C 3B 1C]	3	6
28	123456844	81	10	11	3	0	5	12	17	0	0	1	1	0	0	1	2	133	53	3	15	2	3	146	122	24	0	0	4	[2C 3B 1C]	3	6
29	123456844	74	15	10	6	0	4	10	20	0	0	1	1	0	0	1	2	133	54	3	15	2	3	146	122	24	0	0	4	[2C 3B 1C]	3	6
30	123456844	67	16	6	4	0	4	17	24	0	0	0	2	0	0	2	2	152	57	4	21	2	4	146	114	32	0	0	4	[2C 3B 1C 2B]	4	6
31	123456844	66	16	7	6	0	2	19	24	0	0	0	1	0	0	2	1	152	57	4	21	2	4	146	114	32	0	0	4	[2C 3B 1C 2B]	4	6
32	123456844	66	10	12	19	0	2	15	17	0	0	0	1	0	0	2	0	152	59	4	21	2	4	146	122	24	0	0	4	[3B 1C 2B]	3	5
33	123456844	62	8	6	19	0	5	20	20	0	0	1	1	0	0	1	1	171	62	4	28	3	4	146	114	32	0	0	4	[3B 1C 2B 2D]	4	6
34	123456844	62	6	8	19	0	4	18	23	0	0	1	1	0	0	1	1	171	63	4	28	3	4	146	114	32	0	0	4	[3B 1C 2B 2D]	4	7
35	123456844	62	4	10	19	0	1	18	26	0	0	1	1	0	0	1	1	171	63	4	28	3	4	146	114	32	0	0	4	[3B 1C 2B 2D]	4	7
36	123456844	44	19	12	33	0	1	12	20	0	0	1	1	0	0	1	0	171	64	4	28	3	4	146	122	24	0	0	4	[1C 2B 2D]	3	7
37	123456844	37	23	14	46	0	1	7	14	0	0	1	0	0	0	1	0	171	68	4	28	3	4	146	130	16	0	0	4	[2B 2D]	2	6
38	123456844	31	20	20	49	0	0	7	15	0	0	1	0	0	0	1	0	171	70	4	28	3	4	146	130	16	0	0	4	[2B 2D]	2	7
39	123456844	27	17	15	49	0	2	13	18	0	0	1	0	0	0	2	0	190	72	5	35	3	5	146	122	24	0	0	4	[2B 2D 3C]	3	7
40	123456844	22	16	16	64	0	2	11	10	0	0	1	0	0	0	1	1	209	73	6	36	3	6	146	130	16	0	0	4	[2D 3C]	2	6
41	123456844	22	10	8	66	0	2	18	14	0	0	1	0	0	0	2	1	228	74	7	42	3	7	146	122	24	0	0	4	[2D 3C 1B]	3	6
42	123456844	22	7	7	66	0	2	15	20	0	0	1	0	0	0	3	1	247	75	8	45	3	8	146	122	24	0	0	4	[2D 3C 1B]	3	7
43	123456844	12	15	9	78	0	1	14	11	0	0	0	0	0	0	2	2	247	76	8	45	3	8	146	130	16	0	0	4	[3C 1B]	2	7
44	123456844	3	18	14	79	0	1	8	17	0	0	0	0	0	0	2	2	247	77	8	45	3	8	146	130	16	0	0	4	[3C 1B]	2	6
45	123456844	0	18	15	81	0	0	8	18	0	0	0	0	0	0	2	2	265	80	8	45	3	8	146	130	16	0	0	4	[3C 1B]	2	6
46	123456844	0	12	21	81	0	0	8	18	0	0	0	0	0	0	2	2	265	82	8	45	3	8	146	130	16	0	0	4	[3C 1B]	2	6
47	123456844	0	4	13	77	0	7	12	26	0	0	0	0	0	0	3	2	300	82	9	51	3	9	146	114	32	0	0	4	[3C 1B 1A 1D]	4	5
48	123456844	0	0	5	77	0	5	24	27	0	0	0	0	0	0	4	2	319	82	10	58	3	10	146	106	40	0	0	4	[3C 1B 1A 1D 3D]	5	5
49	123456844	0	0	5	89	0	2	24	19	0	0	0	0	0	0	4	1	319	85	10	58	3	10	146	114	32	0	0	4	[1B 1A 1D 3D]	4	5
50	123456844	0	0	0	92	0	2	22	23	0	0	0	0	0	0	5	0	338	87	11	61	3	11	146	114	32	0	0	4	[1B 1A 1D 3D]	4	5
51	123456844	0	0	0	104	0	2	20	14	0	0	0	0	0	0	3	1	338	88	11	61	3	11	146	122	24	0	0	4	[1A 1D 3D]	3	4
52	123456844	0	0	0	104	0	2	19	15	0	0	0	0	0	0	3	1	338	89	11	61	3	11	146	122	24	0	0	4	[1A 1D 3D]	3	4
53	123456844	0	0	0	104	0	1	17	18	0	0	0	0	0	0	2	2	338	90	11	61	3	11	146	122	24	0	0	4	[1A 1D 3D]	3	4
54	123456844	0	0	0	104	0	1	12	23	0	0	0	0	0	0	2	2	338	90	11	61	3	11	146	122	24	0	0	4	[1A 1D 3D]	3	4
55	123456844	0	0	0	104	0	0	12	24	0	0	0	0	0	0	2	2	354	90	11	61	3	11	146	122	24	0	0	4	[1A 1D 3D]	3	4
56	123456844	0	0	0	104	0	0	12	24	0	0	0	0	0	0	2	2	354	91	11	61	3	11	146	122	24	0	0	4	[1A 1D 3D]	3	4
57	123456844	0	0	0	128	0	0	6	8	0	0	0	0	0	0	0	2	354	94	11	61	3	11	146	138	8	0	0	4	[3D]	1	2
58	123456844	0	0	0	140	0	0	2	1	0	0	0	0	0	0	0	1	354	96	11	61	3	11	146	146	0	0	0	4	[]	0	1
59	123456844	0	0	0	140	0	0	0	3	0	0	0	0	0	0	0	1	354	97	11	61	3	11	146	146	0	0	0	4	[]	0	0
60	123456844	0	0	0	144	0	0	0	0	0	0	0	0	0	0	0	0	354	97	11	61	3	11	146	146	0	0	0	4	[]	0	0
