day	seedRun	susceptible	exposed	infected	removed	susceptible-in-quarantine	exposed-in-quarantine	infected-in-quarantine	removed-in-quarantine	susceptible-in-quarantine-external-1	exposed-in-quarantine-external-1	infected-in-quarantine-external-1	removed-in-quarantine-external-1	susceptible-in-quarantine-external-2	exposed-in-quarantine-external-2	infected-in-quarantine-external-2	removed-in-quarantine-external-2	num-of-screened-agents	num-of-screened-agents-external-1	num-of-screened-agents-external-2	num-of-positive-agents	num-of-positive-agents-external-1	num-of-positive-agents-external-2	num-vaccinated	num-immunized	num-immunized-in-quarantine	num-immunized-in-quarantine-external-1	num-immunized-in-quarantine-external-2	num-infected-outside	classroom-in-quarantine	num-of-classroom-in-quarantine	classroom-with-at-least-one-infected
0	123457260	240	0	0	0	0	0	0	0	0	0	0	0	0	0	0	0	0	0	0	0	0	0	50	50	0	0	0	0	[]	0	0
1	123457260	240	0	0	0	0	0	0	0	0	0	0	0	0	0	0	0	60	0	0	0	0	0	50	50	0	0	0	0	[]	0	0
2	123457260	240	0	0	0	0	0	0	0	0	0	0	0	0	0	0	0	60	0	0	0	0	0	50	50	0	0	0	0	[]	0	0
3	123457260	240	0	0	0	0	0	0	0	0	0	0	0	0	0	0	0	60	0	0	0	0	0	50	50	0	0	0	0	[]	0	0
4	123457260	240	0	0	0	0	0	0	0	0	0	0	0	0	0	0	0	60	0	0	0	0	0	50	50	0	0	0	0	[]	0	0
5	123457260	239	1	0	0	0	0	0	0	0	0	0	0	0	0	0	0	60	0	0	0	0	0	50	50	0	0	0	1	[]	0	0
6	123457260	239	1	0	0	0	0	0	0	0	0	0	0	0	0	0	0	60	1	0	0	0	0	50	50	0	0	0	1	[]	0	0
7	123457260	239	0	1	0	0	0	0	0	0	0	0	0	0	0	0	0	60	2	0	0	0	0	50	50	0	0	0	1	[]	0	1
8	123457260	235	4	1	0	0	0	0	0	0	0	0	0	0	0	0	0	120	3	0	0	0	0	50	50	0	0	0	1	[]	0	1
9	123457260	233	5	2	0	0	0	0	0	0	0	0	0	0	0	0	0	120	4	0	0	0	0	50	50	0	0	0	1	[]	0	1
10	123457260	227	9	4	0	0	0	0	0	0	0	0	0	0	0	0	0	120	4	0	0	0	0	50	50	0	0	0	1	[]	0	1
11	123457260	226	7	7	0	0	0	0	0	0	0	0	0	0	0	0	0	120	4	0	0	0	0	50	50	0	0	0	1	[]	0	1
12	123457260	224	8	8	0	0	0	0	0	0	0	0	0	0	0	0	0	120	5	0	0	0	0	50	50	0	0	0	1	[]	0	1
13	123457260	224	7	7	2	0	0	0	0	0	0	0	0	0	0	0	0	120	7	0	0	0	0	50	50	0	0	0	1	[]	0	1
14	123457260	223	7	7	3	0	0	0	0	0	0	0	0	0	0	0	0	120	7	0	0	0	0	50	50	0	0	0	2	[]	0	1
15	123457260	220	0	0	0	3	4	8	5	0	0	0	0	0	0	0	0	199	8	0	8	0	0	50	50	0	0	0	2	[2B]	1	1
16	123457260	220	0	0	0	3	3	8	6	0	0	0	0	0	0	0	0	199	8	0	8	0	0	50	50	0	0	0	2	[2B]	1	1
17	123457260	220	0	0	0	3	3	8	6	0	0	0	0	0	0	0	0	199	8	0	8	0	0	50	50	0	0	0	2	[2B]	1	1
18	123457260	219	1	0	0	3	2	9	6	0	0	0	0	0	0	0	0	199	8	0	8	0	0	50	50	0	0	0	3	[2B]	1	1
19	123457260	219	1	0	0	3	1	7	9	0	0	0	0	0	0	0	0	199	8	0	8	0	0	50	50	0	0	0	3	[2B]	1	1
20	123457260	219	1	0	0	3	1	5	11	0	0	0	0	0	0	0	0	199	8	0	8	0	0	50	50	0	0	0	3	[2B]	1	1
21	123457260	219	1	0	0	3	0	6	11	0	0	0	0	0	0	0	0	199	11	0	8	0	0	50	50	0	0	0	3	[2B]	1	1
22	123457260	218	2	0	0	3	0	5	12	0	0	0	0	0	0	0	0	254	11	0	8	0	0	50	50	0	0	0	4	[2B]	1	1
23	123457260	218	2	0	0	3	0	5	12	0	0	0	0	0	0	0	0	254	12	0	8	0	0	50	50	0	0	0	4	[2B]	1	1
24	123457260	218	2	0	0	3	0	3	14	0	0	0	0	0	0	0	0	254	12	0	8	0	0	50	50	0	0	0	4	[2B]	1	1
25	123457260	216	3	1	0	3	0	3	14	0	0	0	0	0	0	0	0	254	13	0	8	0	0	50	50	0	0	0	5	[2B]	1	2
26	123457260	213	4	3	0	3	0	3	14	0	0	0	0	0	0	0	0	254	13	0	8	0	0	50	50	0	0	0	5	[2B]	1	4
27	123457260	212	5	3	0	3	0	3	14	0	0	0	0	0	0	0	0	254	15	0	8	0	0	50	50	0	0	0	6	[2B]	1	4
28	123457260	212	5	1	2	3	0	3	14	0	0	0	0	0	0	0	0	254	15	0	8	0	0	50	50	0	0	0	6	[2B]	1	2
29	123457260	198	2	1	19	16	1	3	0	0	0	0	0	0	0	0	0	333	15	0	11	0	0	50	50	0	0	0	6	[2C]	1	2
30	123457260	195	4	2	19	16	1	2	1	0	0	0	0	0	0	0	0	333	15	0	11	0	0	50	50	0	0	0	6	[2C]	1	2
31	123457260	193	4	4	19	16	1	2	1	0	0	0	0	0	0	0	0	333	15	0	11	0	0	50	50	0	0	0	6	[2C]	1	2
32	123457260	191	5	5	19	16	1	2	1	0	0	0	0	0	0	0	0	333	17	0	11	0	0	50	50	0	0	0	6	[2C]	1	2
33	123457260	190	5	5	20	16	1	1	2	0	0	0	0	0	0	0	0	333	17	0	11	0	0	50	50	0	0	0	7	[2C]	1	2
34	123457260	180	2	0	18	25	2	8	4	0	0	0	0	0	0	1	0	352	17	1	18	0	1	50	50	0	0	0	8	[2C 3C]	2	2
35	123457260	180	2	0	18	25	1	8	5	0	0	0	0	0	0	1	0	352	17	1	18	0	1	50	50	0	0	0	8	[2C 3C]	2	2
36	123457260	178	4	0	18	25	1	6	7	0	0	0	0	0	0	1	0	402	17	1	18	0	1	50	50	0	0	0	10	[2C 3C]	2	2
37	123457260	178	4	0	18	25	1	5	8	0	0	0	0	0	0	1	0	402	18	1	18	0	1	50	50	0	0	0	10	[2C 3C]	2	2
38	123457260	178	4	0	18	25	1	5	8	0	0	0	0	0	0	1	0	402	18	1	18	0	1	50	50	0	0	0	10	[2C 3C]	2	2
39	123457260	173	8	1	18	25	1	5	8	0	0	0	0	0	0	1	0	402	18	1	18	0	1	50	50	0	0	0	10	[2C 3C]	2	3
40	123457260	169	8	5	18	25	0	5	9	0	0	0	0	0	0	1	0	402	18	1	18	0	1	50	50	0	0	0	10	[2C 3C]	2	3
41	123457260	169	8	4	19	25	0	4	10	0	0	0	0	0	0	1	0	402	20	1	18	0	1	50	50	0	0	0	10	[2C 3C]	2	3
42	123457260	169	6	6	19	25	0	3	11	0	0	0	0	0	0	1	0	402	20	1	18	0	1	50	50	0	0	0	10	[2C 3C]	2	3
43	123457260	175	3	0	22	19	3	6	11	0	0	0	0	0	0	1	0	476	21	1	23	0	1	50	50	0	0	0	10	[3C 3B]	2	2
44	123457260	174	3	1	22	19	2	4	14	0	0	0	0	0	0	1	0	476	23	1	23	0	1	50	50	0	0	0	10	[3C 3B]	2	3
45	123457260	174	3	0	23	19	2	3	15	0	0	0	0	0	0	1	0	476	24	1	23	0	1	50	50	0	0	0	10	[3C 3B]	2	2
46	123457260	174	3	0	23	19	2	2	16	0	0	0	0	0	0	1	0	476	24	1	23	0	1	50	50	0	0	0	10	[3C 3B]	2	2
47	123457260	174	3	0	23	19	1	3	16	0	0	0	0	0	0	1	0	476	24	1	23	0	1	50	50	0	0	0	10	[3C 3B]	2	2
48	123457260	183	2	1	34	10	1	2	7	0	0	0	0	0	0	0	0	476	26	1	23	0	1	50	50	0	0	0	10	[3B]	1	2
49	123457260	182	2	2	34	10	1	2	7	0	0	0	0	0	0	0	0	476	26	1	23	0	1	50	50	0	0	0	11	[3B]	1	2
50	123457260	177	7	2	34	10	1	2	7	0	0	0	0	0	0	0	0	531	26	1	23	0	1	50	50	0	0	0	12	[3B]	1	2
51	123457260	171	11	4	34	10	1	2	7	0	0	0	0	0	0	0	0	531	26	1	23	0	1	50	50	0	0	0	12	[3B]	1	4
52	123457260	155	8	3	34	22	4	5	8	0	0	1	0	0	0	0	0	550	29	1	27	1	1	50	50	0	0	0	13	[3B 1C]	2	4
53	123457260	150	12	4	34	22	2	7	8	0	0	1	0	0	0	0	0	550	29	1	27	1	1	50	50	0	0	0	13	[3B 1C]	2	4
54	123457260	147	15	3	35	22	2	6	9	0	0	0	1	0	0	0	0	550	30	1	27	1	1	50	50	0	0	0	13	[3B 1C]	2	4
55	123457260	147	11	7	35	22	0	8	9	0	0	0	1	0	0	0	0	550	31	1	27	1	1	50	50	0	0	0	13	[3B 1C]	2	5
56	123457260	147	9	6	38	22	0	8	9	0	0	0	1	0	0	0	0	550	32	1	27	1	1	50	50	0	0	0	13	[3B 1C]	2	5
57	123457260	143	7	3	47	24	2	8	5	0	0	0	1	0	0	0	0	624	32	1	31	1	1	50	50	0	0	0	13	[1C 3A]	2	5
58	123457260	141	8	3	48	24	0	9	6	0	0	0	1	0	0	0	0	624	32	1	31	1	1	50	50	0	0	0	13	[1C 3A]	2	4
59	123457260	138	9	5	48	24	0	8	7	0	0	0	1	0	0	0	0	624	32	1	31	1	1	50	50	0	0	0	13	[1C 3A]	2	5
60	123457260	131	13	8	48	24	0	6	9	0	0	0	1	0	0	0	0	624	32	1	31	1	1	50	50	0	0	0	13	[1C 3A]	2	5
