day	seedRun	susceptible	exposed	infected	removed	susceptible-in-quarantine	exposed-in-quarantine	infected-in-quarantine	removed-in-quarantine	susceptible-in-quarantine-external-1	exposed-in-quarantine-external-1	infected-in-quarantine-external-1	removed-in-quarantine-external-1	susceptible-in-quarantine-external-2	exposed-in-quarantine-external-2	infected-in-quarantine-external-2	removed-in-quarantine-external-2	num-of-screened-agents	num-of-screened-agents-external-1	num-of-screened-agents-external-2	num-of-positive-agents	num-of-positive-agents-external-1	num-of-positive-agents-external-2	num-vaccinated	num-immunized	num-immunized-in-quarantine	num-immunized-in-quarantine-external-1	num-immunized-in-quarantine-external-2	num-infected-outside	classroom-in-quarantine	num-of-classroom-in-quarantine	classroom-with-at-least-one-infected
0	123457068	240	0	0	0	0	0	0	0	0	0	0	0	0	0	0	0	0	0	0	0	0	0	74	50	0	0	0	0	[]	0	0
1	123457068	230	10	0	0	0	0	0	0	0	0	0	0	0	0	0	0	0	3	0	0	0	0	74	50	0	0	0	10	[]	0	0
2	123457068	188	48	4	0	0	0	0	0	0	0	0	0	0	0	0	0	0	6	0	0	0	0	74	50	0	0	0	22	[]	0	3
3	123457068	162	63	13	0	0	0	1	0	0	0	0	0	0	0	1	0	19	8	1	1	0	1	74	50	0	0	0	31	[]	0	4
4	123457068	85	123	26	4	0	0	1	0	0	0	0	0	0	0	1	0	19	9	1	1	0	1	74	50	0	0	0	35	[]	0	9
5	123457068	18	136	42	5	6	17	11	2	0	0	1	0	0	0	2	0	57	11	2	12	1	2	74	47	3	0	0	40	[3B 3D]	2	12
6	123457068	13	88	55	6	11	23	33	6	0	0	1	0	0	0	4	0	95	11	4	30	1	4	74	46	4	0	0	40	[3B 3D 2B 1C]	4	12
7	123457068	8	37	40	6	16	44	66	14	0	0	1	0	0	0	7	1	169	11	8	60	1	8	74	39	11	0	0	40	[3B 3D 2B 1C 2A 3C 1B 3A]	8	12
8	123457068	2	15	27	10	20	50	75	30	0	0	1	0	0	0	8	2	207	11	10	72	1	10	74	36	14	0	0	41	[3B 3D 2B 1C 2A 3C 1B 3A 1A 2D]	10	12
9	123457068	2	9	15	9	20	45	86	42	0	0	1	0	0	0	7	4	226	11	11	80	1	11	74	35	15	0	0	41	[3B 3D 2B 1C 2A 3C 1B 3A 1A 2D 2C]	11	12
10	123457068	1	5	18	11	20	28	96	49	0	0	1	0	0	0	6	5	226	11	11	80	1	11	74	35	15	0	0	42	[3B 3D 2B 1C 2A 3C 1B 3A 1A 2D 2C]	11	12
11	123457068	1	4	18	12	20	19	93	61	0	0	1	0	0	0	5	6	226	11	11	80	1	11	74	35	15	0	0	42	[3B 3D 2B 1C 2A 3C 1B 3A 1A 2D 2C]	11	12
12	123457068	1	3	16	15	20	12	90	71	0	0	1	0	0	0	3	8	226	11	11	80	1	11	74	35	15	0	0	42	[3B 3D 2B 1C 2A 3C 1B 3A 1A 2D 2C]	11	12
13	123457068	1	2	14	18	20	8	80	85	0	0	1	0	0	0	3	8	226	11	11	80	1	11	74	35	15	0	0	42	[3B 3D 2B 1C 2A 3C 1B 3A 1A 2D 2C]	11	12
14	123457068	1	1	13	20	20	5	74	94	0	0	1	0	0	0	3	8	226	11	11	80	1	11	74	35	15	0	0	42	[3B 3D 2B 1C 2A 3C 1B 3A 1A 2D 2C]	11	12
15	123457068	7	1	11	53	14	0	62	82	0	0	0	0	0	0	2	8	226	11	11	80	1	11	74	38	12	0	0	42	[2B 1C 2A 3C 1B 3A 1A 2D 2C]	9	10
16	123457068	11	1	10	89	9	0	42	70	0	0	0	0	0	0	1	7	226	11	11	80	1	11	74	39	11	0	0	43	[2A 3C 1B 3A 1A 2D 2C]	7	8
17	123457068	13	3	6	159	4	0	19	32	0	0	0	0	0	0	1	3	245	14	12	82	1	12	74	46	4	0	0	43	[1A 2D 2C]	3	5
18	123457068	16	4	5	193	0	0	8	12	0	0	0	0	0	0	1	1	245	18	12	82	1	12	74	49	1	0	0	44	[2C]	1	2
19	123457068	15	3	7	212	0	0	2	0	0	0	0	0	0	0	0	1	245	21	12	82	1	12	74	50	0	0	0	44	[]	0	2
20	123457068	15	2	6	214	0	0	2	0	0	0	0	0	0	0	0	1	245	24	12	82	1	12	74	50	0	0	0	44	[]	0	2
21	123457068	15	1	6	215	0	0	2	0	0	0	0	0	0	0	0	1	245	24	12	82	1	12	74	50	0	0	0	44	[]	0	3
22	123457068	13	3	6	215	0	0	2	0	0	0	0	0	0	0	0	1	262	25	12	82	1	12	74	50	0	0	0	45	[]	0	3
23	123457068	9	7	6	215	0	0	2	0	0	0	0	0	0	0	0	1	262	28	12	82	1	12	74	50	0	0	0	49	[]	0	3
24	123457068	7	8	7	215	0	0	1	1	0	0	0	0	0	0	0	1	262	28	12	82	1	12	74	50	0	0	0	51	[]	0	3
25	123457068	7	7	7	216	0	0	1	1	0	0	0	0	0	0	0	1	262	30	12	82	1	12	74	50	0	0	0	51	[]	0	4
26	123457068	7	4	7	216	0	0	2	1	0	0	0	0	0	0	2	1	300	30	14	83	1	14	74	50	0	0	0	51	[]	0	6
27	123457068	7	2	8	220	0	0	1	0	0	0	0	0	0	0	2	0	300	32	14	83	1	14	74	50	0	0	0	51	[]	0	4
28	123457068	7	2	7	221	0	0	1	0	0	0	0	0	0	0	2	0	300	35	14	83	1	14	74	50	0	0	0	51	[]	0	4
29	123457068	6	3	3	223	0	0	2	0	0	0	0	0	0	0	3	0	319	35	15	84	1	15	74	50	0	0	0	52	[]	0	4
30	123457068	6	2	4	223	0	0	1	1	0	0	0	0	0	0	3	0	319	36	15	84	1	15	74	50	0	0	0	52	[]	0	4
31	123457068	5	3	4	223	0	0	1	1	0	0	0	0	0	0	3	0	337	40	15	84	1	15	74	50	0	0	0	53	[]	0	4
32	123457068	5	2	3	223	0	0	2	1	0	0	0	0	0	0	4	0	356	42	16	85	1	16	74	50	0	0	0	53	[]	0	5
33	123457068	3	4	3	223	0	0	2	1	0	0	0	0	0	0	4	0	356	42	16	85	1	16	74	50	0	0	0	53	[]	0	5
34	123457068	2	3	5	223	0	0	2	1	0	0	0	0	0	0	3	1	374	46	16	85	1	16	74	50	0	0	0	54	[]	0	5
35	123457068	2	3	4	224	0	0	2	1	0	0	0	0	0	0	2	2	374	48	16	85	1	16	74	50	0	0	0	54	[]	0	4
36	123457068	2	2	4	228	0	0	1	1	0	0	0	0	0	0	1	1	374	49	16	85	1	16	74	50	0	0	0	54	[]	0	2
37	123457068	2	1	4	228	0	0	2	1	0	0	0	0	0	0	1	1	392	51	16	86	1	16	74	50	0	0	0	54	[]	0	2
38	123457068	2	1	3	229	0	0	2	1	0	0	0	0	0	0	1	1	392	51	16	86	1	16	74	50	0	0	0	54	[]	0	2
39	123457068	2	1	3	231	0	0	2	0	0	0	0	0	0	0	1	0	392	53	16	86	1	16	74	50	0	0	0	54	[]	0	2
40	123457068	2	1	3	231	0	0	2	0	0	0	0	0	0	0	1	0	392	55	16	86	1	16	74	50	0	0	0	54	[]	0	2
41	123457068	2	1	2	232	0	0	1	1	0	0	0	0	0	0	1	0	392	58	16	86	1	16	74	50	0	0	0	54	[]	0	2
42	123457068	2	0	1	236	0	0	1	0	0	0	0	0	0	0	0	0	392	61	16	86	1	16	74	50	0	0	0	54	[]	0	1
43	123457068	2	0	1	236	0	0	1	0	0	0	0	0	0	0	0	0	392	65	16	86	1	16	74	50	0	0	0	54	[]	0	1
44	123457068	2	0	1	236	0	0	1	0	0	0	0	0	0	0	0	0	392	68	16	86	1	16	74	50	0	0	0	54	[]	0	1
45	123457068	2	0	0	237	0	0	1	0	0	0	0	0	0	0	0	0	392	69	16	86	1	16	74	50	0	0	0	54	[]	0	1
46	123457068	2	0	0	237	0	0	1	0	0	0	0	0	0	0	0	0	392	70	16	86	1	16	74	50	0	0	0	54	[]	0	1
47	123457068	2	0	0	238	0	0	0	0	0	0	0	0	0	0	0	0	392	72	16	86	1	16	74	50	0	0	0	54	[]	0	0
48	123457068	1	1	0	238	0	0	0	0	0	0	0	0	0	0	0	0	392	73	16	86	1	16	74	50	0	0	0	55	[]	0	0
49	123457068	1	1	0	238	0	0	0	0	0	0	0	0	0	0	0	0	392	75	16	86	1	16	74	50	0	0	0	55	[]	0	0
50	123457068	1	0	1	238	0	0	0	0	0	0	0	0	0	0	0	0	392	76	16	86	1	16	74	50	0	0	0	55	[]	0	1
51	123457068	1	0	1	238	0	0	0	0	0	0	0	0	0	0	0	0	392	77	16	86	1	16	74	50	0	0	0	55	[]	0	1
52	123457068	1	0	1	238	0	0	0	0	0	0	0	0	0	0	0	0	392	80	16	86	1	16	74	50	0	0	0	55	[]	0	1
53	123457068	0	1	1	238	0	0	0	0	0	0	0	0	0	0	0	0	392	81	16	86	1	16	74	50	0	0	0	55	[]	0	1
54	123457068	0	1	1	238	0	0	0	0	0	0	0	0	0	0	0	0	392	83	16	86	1	16	74	50	0	0	0	55	[]	0	1
55	123457068	0	0	2	238	0	0	0	0	0	0	0	0	0	0	0	0	392	87	16	86	1	16	74	50	0	0	0	55	[]	0	1
56	123457068	0	0	2	238	0	0	0	0	0	0	0	0	0	0	0	0	392	89	16	86	1	16	74	50	0	0	0	55	[]	0	1
57	123457068	0	0	2	238	0	0	0	0	0	0	0	0	0	0	0	0	392	91	16	86	1	16	74	50	0	0	0	55	[]	0	1
58	123457068	0	0	2	238	0	0	0	0	0	0	0	0	0	0	0	0	392	92	16	86	1	16	74	50	0	0	0	55	[]	0	1
59	123457068	0	0	2	238	0	0	0	0	0	0	0	0	0	0	0	0	392	94	16	86	1	16	74	50	0	0	0	55	[]	0	1
60	123457068	0	0	0	240	0	0	0	0	0	0	0	0	0	0	0	0	392	94	16	86	1	16	74	50	0	0	0	55	[]	0	0
