day	seedRun	susceptible	exposed	infected	removed	susceptible-in-quarantine	exposed-in-quarantine	infected-in-quarantine	removed-in-quarantine	susceptible-in-quarantine-external-1	exposed-in-quarantine-external-1	infected-in-quarantine-external-1	removed-in-quarantine-external-1	susceptible-in-quarantine-external-2	exposed-in-quarantine-external-2	infected-in-quarantine-external-2	removed-in-quarantine-external-2	num-of-screened-agents	num-of-screened-agents-external-1	num-of-screened-agents-external-2	num-of-positive-agents	num-of-positive-agents-external-1	num-of-positive-agents-external-2	num-vaccinated	num-immunized	num-immunized-in-quarantine	num-immunized-in-quarantine-external-1	num-immunized-in-quarantine-external-2	num-infected-outside	classroom-in-quarantine	num-of-classroom-in-quarantine	classroom-with-at-least-one-infected
0	123456886	216	0	0	0	0	0	0	0	0	0	0	0	0	0	0	0	0	0	0	0	0	0	74	74	0	0	0	0	[]	0	0
1	123456886	204	12	0	0	0	0	0	0	0	0	0	0	0	0	0	0	0	1	0	0	0	0	74	74	0	0	0	12	[]	0	0
2	123456886	177	37	2	0	0	0	0	0	0	0	0	0	0	0	0	0	0	3	0	0	0	0	74	74	0	0	0	25	[]	0	2
3	123456886	107	93	16	0	0	0	0	0	0	0	0	0	0	0	0	0	0	6	1	0	1	1	74	74	0	0	0	29	[]	0	7
4	123456886	56	113	45	2	0	0	0	0	0	0	0	0	0	0	0	0	0	8	3	0	2	3	74	74	0	0	0	33	[]	0	10
5	123456886	38	101	67	10	0	0	0	0	0	0	0	0	0	0	0	0	0	10	4	0	2	4	74	74	0	0	0	34	[]	0	10
6	123456886	35	72	92	17	0	0	0	0	0	0	0	0	0	0	0	0	0	13	7	0	4	7	74	74	0	0	0	37	[]	0	11
7	123456886	34	51	108	23	0	0	0	0	0	0	0	0	0	0	0	0	0	15	10	0	5	10	74	74	0	0	0	38	[]	0	12
8	123456886	6	63	101	46	0	0	0	0	0	0	0	0	0	0	0	0	0	16	17	0	5	17	74	74	0	0	0	40	[]	0	12
9	123456886	0	49	107	60	0	0	0	0	0	0	0	0	0	0	0	0	0	19	20	0	7	20	74	74	0	0	0	40	[]	0	12
10	123456886	0	31	113	72	0	0	0	0	0	0	0	0	0	0	0	0	0	23	23	0	8	23	74	74	0	0	0	40	[]	0	12
11	123456886	0	28	96	92	0	0	0	0	0	0	0	0	0	0	0	0	0	24	27	0	9	27	74	74	0	0	0	40	[]	0	12
12	123456886	0	22	92	102	0	0	0	0	0	0	0	0	0	0	0	0	0	26	29	0	11	29	74	74	0	0	0	40	[]	0	12
13	123456886	0	16	77	123	0	0	0	0	0	0	0	0	0	0	0	0	0	29	34	0	12	34	74	74	0	0	0	40	[]	0	12
14	123456886	0	12	76	128	0	0	0	0	0	0	0	0	0	0	0	0	0	31	36	0	12	36	74	74	0	0	0	40	[]	0	12
15	123456886	0	8	71	137	0	0	0	0	0	0	0	0	0	0	0	0	0	32	39	0	12	39	74	74	0	0	0	40	[]	0	12
16	123456886	0	5	64	147	0	0	0	0	0	0	0	0	0	0	0	0	0	33	41	0	13	41	74	74	0	0	0	40	[]	0	12
17	123456886	0	5	54	157	0	0	0	0	0	0	0	0	0	0	0	0	0	33	42	0	13	42	74	74	0	0	0	40	[]	0	11
18	123456886	0	5	47	164	0	0	0	0	0	0	0	0	0	0	0	0	0	34	43	0	13	43	74	74	0	0	0	40	[]	0	11
19	123456886	0	4	42	170	0	0	0	0	0	0	0	0	0	0	0	0	0	36	43	0	13	43	74	74	0	0	0	40	[]	0	11
20	123456886	0	1	39	176	0	0	0	0	0	0	0	0	0	0	0	0	0	38	43	0	13	43	74	74	0	0	0	40	[]	0	11
21	123456886	0	1	31	184	0	0	0	0	0	0	0	0	0	0	0	0	0	38	44	0	13	44	74	74	0	0	0	40	[]	0	10
22	123456886	0	1	28	187	0	0	0	0	0	0	0	0	0	0	0	0	0	43	44	0	13	44	74	74	0	0	0	40	[]	0	10
23	123456886	0	1	26	189	0	0	0	0	0	0	0	0	0	0	0	0	0	46	44	0	13	44	74	74	0	0	0	40	[]	0	10
24	123456886	0	1	25	190	0	0	0	0	0	0	0	0	0	0	0	0	0	47	46	0	13	46	74	74	0	0	0	40	[]	0	9
25	123456886	0	1	20	195	0	0	0	0	0	0	0	0	0	0	0	0	0	48	46	0	14	46	74	74	0	0	0	40	[]	0	9
26	123456886	0	1	17	198	0	0	0	0	0	0	0	0	0	0	0	0	0	49	46	0	14	46	74	74	0	0	0	40	[]	0	9
27	123456886	0	1	14	201	0	0	0	0	0	0	0	0	0	0	0	0	0	51	46	0	14	46	74	74	0	0	0	40	[]	0	7
28	123456886	0	1	12	203	0	0	0	0	0	0	0	0	0	0	0	0	0	51	46	0	14	46	74	74	0	0	0	40	[]	0	6
29	123456886	0	1	10	205	0	0	0	0	0	0	0	0	0	0	0	0	0	54	47	0	14	47	74	74	0	0	0	40	[]	0	6
30	123456886	0	1	9	206	0	0	0	0	0	0	0	0	0	0	0	0	0	56	48	0	14	48	74	74	0	0	0	40	[]	0	6
31	123456886	0	1	8	207	0	0	0	0	0	0	0	0	0	0	0	0	0	57	48	0	14	48	74	74	0	0	0	40	[]	0	6
32	123456886	0	1	8	207	0	0	0	0	0	0	0	0	0	0	0	0	0	61	48	0	15	48	74	74	0	0	0	40	[]	0	6
33	123456886	0	1	6	209	0	0	0	0	0	0	0	0	0	0	0	0	0	64	48	0	15	48	74	74	0	0	0	40	[]	0	4
34	123456886	0	0	7	209	0	0	0	0	0	0	0	0	0	0	0	0	0	64	48	0	15	48	74	74	0	0	0	40	[]	0	5
35	123456886	0	0	5	211	0	0	0	0	0	0	0	0	0	0	0	0	0	65	48	0	15	48	74	74	0	0	0	40	[]	0	4
36	123456886	0	0	5	211	0	0	0	0	0	0	0	0	0	0	0	0	0	66	48	0	15	48	74	74	0	0	0	40	[]	0	4
37	123456886	0	0	5	211	0	0	0	0	0	0	0	0	0	0	0	0	0	69	48	0	15	48	74	74	0	0	0	40	[]	0	4
38	123456886	0	0	4	212	0	0	0	0	0	0	0	0	0	0	0	0	0	72	48	0	15	48	74	74	0	0	0	40	[]	0	3
39	123456886	0	0	3	213	0	0	0	0	0	0	0	0	0	0	0	0	0	76	48	0	15	48	74	74	0	0	0	40	[]	0	2
40	123456886	0	0	3	213	0	0	0	0	0	0	0	0	0	0	0	0	0	80	48	0	15	48	74	74	0	0	0	40	[]	0	2
41	123456886	0	0	3	213	0	0	0	0	0	0	0	0	0	0	0	0	0	80	48	0	15	48	74	74	0	0	0	40	[]	0	2
42	123456886	0	0	2	214	0	0	0	0	0	0	0	0	0	0	0	0	0	84	48	0	15	48	74	74	0	0	0	40	[]	0	2
43	123456886	0	0	2	214	0	0	0	0	0	0	0	0	0	0	0	0	0	86	48	0	15	48	74	74	0	0	0	40	[]	0	2
44	123456886	0	0	2	214	0	0	0	0	0	0	0	0	0	0	0	0	0	88	48	0	15	48	74	74	0	0	0	40	[]	0	2
45	123456886	0	0	2	214	0	0	0	0	0	0	0	0	0	0	0	0	0	88	48	0	15	48	74	74	0	0	0	40	[]	0	2
46	123456886	0	0	1	215	0	0	0	0	0	0	0	0	0	0	0	0	0	90	48	0	15	48	74	74	0	0	0	40	[]	0	1
47	123456886	0	0	1	215	0	0	0	0	0	0	0	0	0	0	0	0	0	94	48	0	15	48	74	74	0	0	0	40	[]	0	1
48	123456886	0	0	1	215	0	0	0	0	0	0	0	0	0	0	0	0	0	96	48	0	15	48	74	74	0	0	0	40	[]	0	1
49	123456886	0	0	1	215	0	0	0	0	0	0	0	0	0	0	0	0	0	96	48	0	15	48	74	74	0	0	0	40	[]	0	1
50	123456886	0	0	1	215	0	0	0	0	0	0	0	0	0	0	0	0	0	97	48	0	15	48	74	74	0	0	0	40	[]	0	1
51	123456886	0	0	1	215	0	0	0	0	0	0	0	0	0	0	0	0	0	101	48	0	15	48	74	74	0	0	0	40	[]	0	1
52	123456886	0	0	1	215	0	0	0	0	0	0	0	0	0	0	0	0	0	101	48	0	15	48	74	74	0	0	0	40	[]	0	1
53	123456886	0	0	1	215	0	0	0	0	0	0	0	0	0	0	0	0	0	103	48	0	15	48	74	74	0	0	0	40	[]	0	1
54	123456886	0	0	1	215	0	0	0	0	0	0	0	0	0	0	0	0	0	105	48	0	15	48	74	74	0	0	0	40	[]	0	1
55	123456886	0	0	1	215	0	0	0	0	0	0	0	0	0	0	0	0	0	106	48	0	15	48	74	74	0	0	0	40	[]	0	1
56	123456886	0	0	1	215	0	0	0	0	0	0	0	0	0	0	0	0	0	109	48	0	15	48	74	74	0	0	0	40	[]	0	1
57	123456886	0	0	1	215	0	0	0	0	0	0	0	0	0	0	0	0	0	110	48	0	15	48	74	74	0	0	0	40	[]	0	1
58	123456886	0	0	0	216	0	0	0	0	0	0	0	0	0	0	0	0	0	113	48	0	15	48	74	74	0	0	0	40	[]	0	0
59	123456886	0	0	0	216	0	0	0	0	0	0	0	0	0	0	0	0	0	113	48	0	15	48	74	74	0	0	0	40	[]	0	0
60	123456886	0	0	0	216	0	0	0	0	0	0	0	0	0	0	0	0	0	115	48	0	15	48	74	74	0	0	0	40	[]	0	0
