day	seedRun	susceptible	exposed	infected	removed	susceptible-in-quarantine	exposed-in-quarantine	infected-in-quarantine	removed-in-quarantine	susceptible-in-quarantine-external-1	exposed-in-quarantine-external-1	infected-in-quarantine-external-1	removed-in-quarantine-external-1	susceptible-in-quarantine-external-2	exposed-in-quarantine-external-2	infected-in-quarantine-external-2	removed-in-quarantine-external-2	num-of-screened-agents	num-of-screened-agents-external-1	num-of-screened-agents-external-2	num-of-positive-agents	num-of-positive-agents-external-1	num-of-positive-agents-external-2	num-vaccinated	num-immunized	num-immunized-in-quarantine	num-immunized-in-quarantine-external-1	num-immunized-in-quarantine-external-2	num-infected-outside	classroom-in-quarantine	num-of-classroom-in-quarantine	classroom-with-at-least-one-infected
0	123457000	259	0	0	0	0	0	0	0	0	0	0	0	0	0	0	0	0	0	0	0	0	0	50	31	0	0	0	0	[]	0	0
1	123457000	244	15	0	0	0	0	0	0	0	0	0	0	0	0	0	0	0	1	0	0	0	0	50	31	0	0	0	15	[]	0	0
2	123457000	213	42	4	0	0	0	0	0	0	0	0	0	0	0	0	0	0	2	0	0	0	0	50	31	0	0	0	23	[]	0	2
3	123457000	152	90	14	2	0	0	0	0	0	0	0	0	0	0	1	0	0	2	1	0	0	1	50	31	0	0	0	29	[]	0	6
4	123457000	68	146	38	3	0	0	0	0	0	0	0	0	0	0	4	0	0	3	4	0	0	4	50	31	0	0	0	33	[]	0	10
5	123457000	27	148	71	8	0	0	0	0	0	0	0	0	0	0	5	0	0	4	5	0	0	5	50	31	0	0	0	36	[]	0	11
6	123457000	27	113	96	16	0	0	0	0	0	0	1	0	0	0	5	1	0	5	6	0	1	6	50	31	0	0	0	36	[]	0	12
7	123457000	24	82	112	28	0	0	0	0	0	0	3	0	0	0	9	1	0	9	10	0	3	10	50	31	0	0	0	39	[]	0	12
8	123457000	2	82	111	43	0	0	0	0	0	0	4	0	0	0	13	4	0	12	17	0	4	17	50	31	0	0	0	40	[]	0	12
9	123457000	1	53	124	57	0	0	0	0	0	0	1	3	0	0	11	9	0	12	20	0	4	20	50	31	0	0	0	40	[]	0	12
10	123457000	1	37	118	72	0	0	0	0	0	0	3	3	0	0	15	10	0	14	25	0	6	25	50	31	0	0	0	40	[]	0	12
11	123457000	0	29	112	83	0	0	0	0	0	0	3	3	0	0	17	12	0	15	29	0	6	29	50	31	0	0	0	41	[]	0	12
12	123457000	0	19	92	109	0	0	0	0	0	0	4	3	0	0	18	14	0	16	32	0	7	32	50	31	0	0	0	41	[]	0	12
13	123457000	0	12	74	132	0	0	0	0	0	0	3	4	0	0	17	17	0	17	35	0	7	35	50	31	0	0	0	41	[]	0	12
14	123457000	0	8	66	147	0	0	0	0	0	0	3	4	0	0	14	17	0	17	35	0	7	35	50	31	0	0	0	41	[]	0	12
15	123457000	0	3	63	155	0	0	0	0	0	0	2	5	0	0	14	17	0	18	36	0	7	36	50	31	0	0	0	41	[]	0	12
16	123457000	0	2	53	167	0	0	0	0	0	0	2	4	0	0	13	18	0	21	37	0	7	37	50	31	0	0	0	41	[]	0	12
17	123457000	0	1	40	187	0	0	0	0	0	0	2	2	0	0	11	16	0	22	37	0	7	37	50	31	0	0	0	41	[]	0	12
18	123457000	0	0	35	201	0	0	0	0	0	0	2	1	0	0	8	12	0	25	37	0	7	37	50	31	0	0	0	41	[]	0	12
19	123457000	0	0	30	209	0	0	0	0	0	0	2	1	0	0	7	10	0	27	37	0	7	37	50	31	0	0	0	41	[]	0	12
20	123457000	0	0	24	220	0	0	0	0	0	0	2	0	0	0	5	8	0	29	38	0	8	38	50	31	0	0	0	41	[]	0	11
21	123457000	0	0	20	226	0	0	0	0	0	0	3	0	0	0	3	7	0	32	39	0	9	39	50	31	0	0	0	41	[]	0	10
22	123457000	0	0	14	234	0	0	0	0	0	0	2	0	0	0	5	4	0	32	41	0	9	41	50	31	0	0	0	41	[]	0	9
23	123457000	0	0	13	237	0	0	0	0	0	0	2	0	0	0	6	1	0	34	42	0	9	42	50	31	0	0	0	41	[]	0	9
24	123457000	0	0	11	239	0	0	0	0	0	0	1	1	0	0	6	1	0	36	42	0	9	42	50	31	0	0	0	41	[]	0	9
25	123457000	0	0	10	241	0	0	0	0	0	0	1	1	0	0	4	2	0	39	42	0	9	42	50	31	0	0	0	41	[]	0	8
26	123457000	0	0	9	243	0	0	0	0	0	0	1	1	0	0	3	2	0	39	42	0	9	42	50	31	0	0	0	41	[]	0	8
27	123457000	0	0	8	243	0	0	0	0	0	0	1	1	0	0	3	3	0	43	43	0	9	43	50	31	0	0	0	41	[]	0	7
28	123457000	0	0	7	244	0	0	0	0	0	0	1	1	0	0	3	3	0	48	43	0	9	43	50	31	0	0	0	41	[]	0	7
29	123457000	0	0	7	244	0	0	0	0	0	0	1	1	0	0	3	3	0	50	43	0	9	43	50	31	0	0	0	41	[]	0	7
30	123457000	0	0	6	246	0	0	0	0	0	0	0	1	0	0	4	2	0	50	44	0	9	44	50	31	0	0	0	41	[]	0	6
31	123457000	0	0	3	250	0	0	0	0	0	0	0	0	0	0	5	1	0	51	45	0	9	45	50	31	0	0	0	41	[]	0	6
32	123457000	0	0	3	252	0	0	0	0	0	0	0	0	0	0	3	1	0	53	45	0	9	45	50	31	0	0	0	41	[]	0	5
33	123457000	0	0	3	253	0	0	0	0	0	0	0	0	0	0	2	1	0	53	45	0	9	45	50	31	0	0	0	41	[]	0	4
34	123457000	0	0	3	253	0	0	0	0	0	0	0	0	0	0	2	1	0	55	45	0	9	45	50	31	0	0	0	41	[]	0	4
35	123457000	0	0	3	253	0	0	0	0	0	0	0	0	0	0	2	1	0	60	45	0	9	45	50	31	0	0	0	41	[]	0	4
36	123457000	0	0	2	254	0	0	0	0	0	0	0	0	0	0	2	1	0	63	45	0	9	45	50	31	0	0	0	41	[]	0	3
37	123457000	0	0	1	256	0	0	0	0	0	0	0	0	0	0	1	1	0	65	45	0	9	45	50	31	0	0	0	41	[]	0	2
38	123457000	0	0	1	256	0	0	0	0	0	0	0	0	0	0	1	1	0	66	45	0	9	45	50	31	0	0	0	41	[]	0	2
39	123457000	0	0	1	256	0	0	0	0	0	0	0	0	0	0	1	1	0	66	45	0	9	45	50	31	0	0	0	41	[]	0	2
40	123457000	0	0	1	257	0	0	0	0	0	0	0	0	0	0	1	0	0	70	45	0	9	45	50	31	0	0	0	41	[]	0	2
41	123457000	0	0	1	258	0	0	0	0	0	0	0	0	0	0	0	0	0	71	45	0	9	45	50	31	0	0	0	41	[]	0	1
42	123457000	0	0	1	258	0	0	0	0	0	0	0	0	0	0	0	0	0	72	45	0	9	45	50	31	0	0	0	41	[]	0	1
43	123457000	0	0	1	258	0	0	0	0	0	0	0	0	0	0	0	0	0	72	45	0	9	45	50	31	0	0	0	41	[]	0	1
44	123457000	0	0	1	258	0	0	0	0	0	0	0	0	0	0	0	0	0	74	45	0	9	45	50	31	0	0	0	41	[]	0	1
45	123457000	0	0	1	258	0	0	0	0	0	0	0	0	0	0	0	0	0	76	45	0	9	45	50	31	0	0	0	41	[]	0	1
46	123457000	0	0	1	258	0	0	0	0	0	0	0	0	0	0	0	0	0	76	45	0	9	45	50	31	0	0	0	41	[]	0	1
47	123457000	0	0	1	258	0	0	0	0	0	0	0	0	0	0	0	0	0	77	45	0	9	45	50	31	0	0	0	41	[]	0	1
48	123457000	0	0	1	258	0	0	0	0	0	0	0	0	0	0	0	0	0	80	45	0	9	45	50	31	0	0	0	41	[]	0	1
49	123457000	0	0	0	258	0	0	0	0	0	0	0	0	0	0	1	0	0	83	46	0	9	46	50	31	0	0	0	41	[]	0	1
50	123457000	0	0	0	258	0	0	0	0	0	0	0	0	0	0	1	0	0	83	46	0	9	46	50	31	0	0	0	41	[]	0	1
51	123457000	0	0	0	258	0	0	0	0	0	0	0	0	0	0	1	0	0	85	46	0	9	46	50	31	0	0	0	41	[]	0	1
52	123457000	0	0	0	258	0	0	0	0	0	0	0	0	0	0	1	0	0	86	46	0	9	46	50	31	0	0	0	41	[]	0	1
53	123457000	0	0	0	258	0	0	0	0	0	0	0	0	0	0	1	0	0	87	46	0	9	46	50	31	0	0	0	41	[]	0	1
54	123457000	0	0	0	258	0	0	0	0	0	0	0	0	0	0	0	1	0	89	46	0	9	46	50	31	0	0	0	41	[]	0	0
55	123457000	0	0	0	258	0	0	0	0	0	0	0	0	0	0	0	1	0	92	46	0	9	46	50	31	0	0	0	41	[]	0	0
56	123457000	0	0	0	258	0	0	0	0	0	0	0	0	0	0	0	1	0	94	46	0	9	46	50	31	0	0	0	41	[]	0	0
57	123457000	0	0	0	258	0	0	0	0	0	0	0	0	0	0	0	1	0	95	46	0	9	46	50	31	0	0	0	41	[]	0	0
58	123457000	0	0	0	258	0	0	0	0	0	0	0	0	0	0	0	1	0	100	46	0	9	46	50	31	0	0	0	41	[]	0	0
59	123457000	0	0	0	259	0	0	0	0	0	0	0	0	0	0	0	0	0	101	46	0	9	46	50	31	0	0	0	41	[]	0	0
60	123457000	0	0	0	259	0	0	0	0	0	0	0	0	0	0	0	0	0	101	46	0	9	46	50	31	0	0	0	41	[]	0	0
