day	seedRun	susceptible	exposed	infected	removed	susceptible-in-quarantine	exposed-in-quarantine	infected-in-quarantine	removed-in-quarantine	susceptible-in-quarantine-external-1	exposed-in-quarantine-external-1	infected-in-quarantine-external-1	removed-in-quarantine-external-1	susceptible-in-quarantine-external-2	exposed-in-quarantine-external-2	infected-in-quarantine-external-2	removed-in-quarantine-external-2	num-of-screened-agents	num-of-screened-agents-external-1	num-of-screened-agents-external-2	num-of-positive-agents	num-of-positive-agents-external-1	num-of-positive-agents-external-2	num-vaccinated	num-immunized	num-immunized-in-quarantine	num-immunized-in-quarantine-external-1	num-immunized-in-quarantine-external-2	num-infected-outside	classroom-in-quarantine	num-of-classroom-in-quarantine	classroom-with-at-least-one-infected
0	123456868	217	0	0	0	0	0	0	0	0	0	0	0	0	0	0	0	0	0	0	0	0	0	146	73	0	0	0	0	[]	0	0
1	123456868	212	5	0	0	0	0	0	0	0	0	0	0	0	0	0	0	0	0	0	0	0	0	146	73	0	0	0	5	[]	0	0
2	123456868	202	12	3	0	0	0	0	0	0	0	0	0	0	0	0	0	0	2	0	0	0	0	146	73	0	0	0	10	[]	0	1
3	123456868	190	21	5	1	0	0	0	0	0	0	0	0	0	0	0	0	0	2	0	0	0	0	146	73	0	0	0	12	[]	0	2
4	123456868	164	41	8	4	0	0	0	0	0	0	0	0	0	0	0	0	0	4	0	0	0	0	146	73	0	0	0	13	[]	0	3
5	123456868	131	62	15	7	0	0	0	0	0	0	0	0	0	0	2	0	0	4	2	0	0	2	146	73	0	0	0	15	[]	0	5
6	123456868	128	52	22	12	0	0	0	0	0	0	1	0	0	0	2	0	0	5	2	0	1	2	146	73	0	0	0	18	[]	0	7
7	123456868	126	40	35	13	0	0	0	0	0	0	1	0	0	0	2	0	0	8	2	0	1	2	146	73	0	0	0	20	[]	0	8
8	123456868	81	76	39	18	0	0	0	0	0	0	0	1	0	0	2	0	0	9	2	0	1	2	146	73	0	0	0	21	[]	0	8
9	123456868	63	76	49	24	0	0	0	0	0	0	0	1	0	0	3	1	0	9	4	0	1	4	146	73	0	0	0	23	[]	0	8
10	123456868	47	71	64	30	0	0	0	0	0	0	0	1	0	0	3	1	0	12	4	0	1	4	146	73	0	0	0	25	[]	0	9
11	123456868	28	69	76	38	0	0	0	0	0	0	0	1	0	0	4	1	0	15	5	0	1	5	146	73	0	0	0	26	[]	0	11
12	123456868	10	65	81	52	0	0	0	0	0	0	1	1	0	0	3	4	0	17	7	0	2	7	146	73	0	0	0	27	[]	0	11
13	123456868	10	44	82	68	0	0	0	0	0	0	0	2	0	0	6	5	0	17	11	0	2	11	146	73	0	0	0	27	[]	0	12
14	123456868	10	30	84	79	0	0	0	0	0	0	0	2	0	0	6	6	0	17	12	0	2	12	146	73	0	0	0	27	[]	0	12
15	123456868	2	29	75	94	0	0	0	0	0	0	4	2	0	0	7	4	0	22	13	0	6	13	146	73	0	0	0	27	[]	0	12
16	123456868	1	22	71	107	0	0	0	0	0	0	4	1	0	0	6	5	0	24	13	0	6	13	146	73	0	0	0	27	[]	0	12
17	123456868	0	15	72	112	0	0	0	0	0	0	3	2	0	0	6	7	0	25	15	0	6	15	146	73	0	0	0	27	[]	0	12
18	123456868	0	7	68	122	0	0	0	0	0	0	3	2	0	0	6	9	0	26	17	0	6	17	146	73	0	0	0	27	[]	0	12
19	123456868	0	6	56	134	0	0	0	0	0	0	5	2	0	0	7	7	0	28	18	0	8	18	146	73	0	0	0	27	[]	0	12
20	123456868	0	5	47	141	0	0	0	0	0	0	4	3	0	0	10	7	0	33	21	0	8	21	146	73	0	0	0	27	[]	0	12
21	123456868	0	5	37	150	0	0	0	0	0	0	5	3	0	0	10	7	0	36	22	0	9	22	146	73	0	0	0	27	[]	0	11
22	123456868	0	5	32	157	0	0	0	0	0	0	3	5	0	0	7	8	0	39	22	0	10	22	146	73	0	0	0	27	[]	0	10
23	123456868	0	4	29	163	0	0	0	0	0	0	3	5	0	0	8	5	0	43	24	0	10	24	146	73	0	0	0	27	[]	0	9
24	123456868	0	2	28	167	0	0	0	0	0	0	3	5	0	0	8	4	0	44	24	0	10	24	146	73	0	0	0	27	[]	0	9
25	123456868	0	1	23	178	0	0	0	0	0	0	2	2	0	0	7	4	0	49	24	0	10	24	146	73	0	0	0	27	[]	0	9
26	123456868	0	1	20	181	0	0	0	0	0	0	2	2	0	0	6	5	0	50	24	0	10	24	146	73	0	0	0	27	[]	0	8
27	123456868	0	1	18	184	0	0	0	0	0	0	3	2	0	0	5	4	0	51	24	0	11	24	146	73	0	0	0	27	[]	0	8
28	123456868	0	1	18	186	0	0	0	0	0	0	3	2	0	0	4	3	0	52	24	0	11	24	146	73	0	0	0	27	[]	0	8
29	123456868	0	1	16	191	0	0	0	0	0	0	2	1	0	0	3	3	0	56	24	0	11	24	146	73	0	0	0	27	[]	0	6
30	123456868	0	1	9	200	0	0	0	0	0	0	1	2	0	0	3	1	0	57	25	0	11	25	146	73	0	0	0	27	[]	0	5
31	123456868	0	1	7	204	0	0	0	0	0	0	1	1	0	0	1	2	0	57	25	0	11	25	146	73	0	0	0	27	[]	0	5
32	123456868	0	0	8	205	0	0	0	0	0	0	0	1	0	0	0	3	0	58	25	0	11	25	146	73	0	0	0	27	[]	0	5
33	123456868	0	0	8	207	0	0	0	0	0	0	0	1	0	0	0	1	0	59	25	0	11	25	146	73	0	0	0	27	[]	0	5
34	123456868	0	0	6	209	0	0	0	0	0	0	0	1	0	0	0	1	0	62	25	0	11	25	146	73	0	0	0	27	[]	0	4
35	123456868	0	0	5	210	0	0	0	0	0	0	0	1	0	0	0	1	0	68	25	0	11	25	146	73	0	0	0	27	[]	0	3
36	123456868	0	0	5	210	0	0	0	0	0	0	0	1	0	0	0	1	0	72	25	0	11	25	146	73	0	0	0	27	[]	0	3
37	123456868	0	0	4	212	0	0	0	0	0	0	0	0	0	0	0	1	0	72	25	0	11	25	146	73	0	0	0	27	[]	0	3
38	123456868	0	0	4	212	0	0	0	0	0	0	0	0	0	0	0	1	0	73	25	0	11	25	146	73	0	0	0	27	[]	0	3
39	123456868	0	0	4	212	0	0	0	0	0	0	0	0	0	0	0	1	0	76	25	0	11	25	146	73	0	0	0	27	[]	0	3
40	123456868	0	0	2	215	0	0	0	0	0	0	0	0	0	0	0	0	0	77	25	0	11	25	146	73	0	0	0	27	[]	0	1
41	123456868	0	0	1	216	0	0	0	0	0	0	0	0	0	0	0	0	0	80	25	0	11	25	146	73	0	0	0	27	[]	0	1
42	123456868	0	0	1	216	0	0	0	0	0	0	0	0	0	0	0	0	0	81	25	0	11	25	146	73	0	0	0	27	[]	0	1
43	123456868	0	0	1	216	0	0	0	0	0	0	0	0	0	0	0	0	0	82	25	0	11	25	146	73	0	0	0	27	[]	0	1
44	123456868	0	0	1	216	0	0	0	0	0	0	0	0	0	0	0	0	0	83	25	0	11	25	146	73	0	0	0	27	[]	0	1
45	123456868	0	0	1	216	0	0	0	0	0	0	0	0	0	0	0	0	0	86	25	0	11	25	146	73	0	0	0	27	[]	0	1
46	123456868	0	0	1	216	0	0	0	0	0	0	0	0	0	0	0	0	0	87	25	0	11	25	146	73	0	0	0	27	[]	0	1
47	123456868	0	0	1	216	0	0	0	0	0	0	0	0	0	0	0	0	0	88	25	0	11	25	146	73	0	0	0	27	[]	0	1
48	123456868	0	0	1	216	0	0	0	0	0	0	0	0	0	0	0	0	0	90	25	0	11	25	146	73	0	0	0	27	[]	0	1
49	123456868	0	0	0	217	0	0	0	0	0	0	0	0	0	0	0	0	0	93	25	0	11	25	146	73	0	0	0	27	[]	0	0
50	123456868	0	0	0	217	0	0	0	0	0	0	0	0	0	0	0	0	0	94	25	0	11	25	146	73	0	0	0	27	[]	0	0
51	123456868	0	0	0	217	0	0	0	0	0	0	0	0	0	0	0	0	0	95	25	0	11	25	146	73	0	0	0	27	[]	0	0
52	123456868	0	0	0	217	0	0	0	0	0	0	0	0	0	0	0	0	0	95	25	0	11	25	146	73	0	0	0	27	[]	0	0
53	123456868	0	0	0	217	0	0	0	0	0	0	0	0	0	0	0	0	0	96	25	0	11	25	146	73	0	0	0	27	[]	0	0
54	123456868	0	0	0	217	0	0	0	0	0	0	0	0	0	0	0	0	0	100	25	0	11	25	146	73	0	0	0	27	[]	0	0
55	123456868	0	0	0	217	0	0	0	0	0	0	0	0	0	0	0	0	0	105	25	0	11	25	146	73	0	0	0	27	[]	0	0
56	123456868	0	0	0	217	0	0	0	0	0	0	0	0	0	0	0	0	0	107	25	0	11	25	146	73	0	0	0	27	[]	0	0
57	123456868	0	0	0	217	0	0	0	0	0	0	0	0	0	0	0	0	0	107	25	0	11	25	146	73	0	0	0	27	[]	0	0
58	123456868	0	0	0	217	0	0	0	0	0	0	0	0	0	0	0	0	0	108	25	0	11	25	146	73	0	0	0	27	[]	0	0
59	123456868	0	0	0	217	0	0	0	0	0	0	0	0	0	0	0	0	0	110	25	0	11	25	146	73	0	0	0	27	[]	0	0
60	123456868	0	0	0	217	0	0	0	0	0	0	0	0	0	0	0	0	0	111	25	0	11	25	146	73	0	0	0	27	[]	0	0
