day	seedRun	susceptible	exposed	infected	removed	susceptible-in-quarantine	exposed-in-quarantine	infected-in-quarantine	removed-in-quarantine	susceptible-in-quarantine-external-1	exposed-in-quarantine-external-1	infected-in-quarantine-external-1	removed-in-quarantine-external-1	susceptible-in-quarantine-external-2	exposed-in-quarantine-external-2	infected-in-quarantine-external-2	removed-in-quarantine-external-2	num-of-screened-agents	num-of-screened-agents-external-1	num-of-screened-agents-external-2	num-of-positive-agents	num-of-positive-agents-external-1	num-of-positive-agents-external-2	num-vaccinated-susceptible	num-vaccinated-exposed	num-vaccinated-infected	num-vaccinated-removed	num-vaccinated-susceptible-in-quarantine	num-vaccinated-exposed-in-quarantine	num-vaccinated-infected-in-quarantine	num-vaccinated-removed-in-quarantine	num-vaccinated-susceptible-in-quarantine-external-1	num-vaccinated-exposed-in-quarantine-external-1	num-vaccinated-infected-in-quarantine-external-1	num-vaccinated-removed-in-quarantine-external-1	num-vaccinated-susceptible-in-quarantine-external-2	num-vaccinated-exposed-in-quarantine-external-2	num-vaccinated-infected-in-quarantine-external-2	num-vaccinated-removed-in-quarantine-external-2	num-infected-outside	classroom-in-quarantine	num-of-classroom-in-quarantine	classroom-with-at-least-one-infected
0	123457150	240	0	0	0	0	0	0	0	0	0	0	0	0	0	0	0	0	0	0	0	0	0	50	0	0	0	0	0	0	0	0	0	0	0	0	0	0	0	0	[]	0	0
1	123457150	240	0	0	0	0	0	0	0	0	0	0	0	0	0	0	0	60	1	0	0	0	0	50	0	0	0	0	0	0	0	0	0	0	0	0	0	0	0	0	[]	0	0
2	123457150	240	0	0	0	0	0	0	0	0	0	0	0	0	0	0	0	60	3	0	0	0	0	50	0	0	0	0	0	0	0	0	0	0	0	0	0	0	0	0	[]	0	0
3	123457150	239	1	0	0	0	0	0	0	0	0	0	0	0	0	0	0	60	4	0	0	0	0	50	0	0	0	0	0	0	0	0	0	0	0	0	0	0	0	1	[]	0	0
4	123457150	239	1	0	0	0	0	0	0	0	0	0	0	0	0	0	0	60	4	0	0	0	0	50	0	0	0	0	0	0	0	0	0	0	0	0	0	0	0	1	[]	0	0
5	123457150	239	1	0	0	0	0	0	0	0	0	0	0	0	0	0	0	60	4	0	0	0	0	50	0	0	0	0	0	0	0	0	0	0	0	0	0	0	0	1	[]	0	0
6	123457150	239	0	1	0	0	0	0	0	0	0	0	0	0	0	0	0	60	4	0	0	0	0	50	0	0	0	0	0	0	0	0	0	0	0	0	0	0	0	1	[]	0	1
7	123457150	239	0	1	0	0	0	0	0	0	0	0	0	0	0	0	0	60	4	0	0	0	0	50	0	0	0	0	0	0	0	0	0	0	0	0	0	0	0	1	[]	0	1
8	123457150	237	2	1	0	0	0	0	0	0	0	0	0	0	0	0	0	120	5	0	0	0	0	50	0	0	0	0	0	0	0	0	0	0	0	0	0	0	0	1	[]	0	1
9	123457150	233	4	3	0	0	0	0	0	0	0	0	0	0	0	0	0	120	5	0	0	0	0	49	1	0	0	0	0	0	0	0	0	0	0	0	0	0	0	1	[]	0	1
10	123457150	219	1	0	0	13	3	3	0	0	0	0	0	0	0	1	0	139	7	1	3	0	1	49	0	1	0	0	0	0	0	0	0	0	0	0	0	0	0	1	[2D]	1	1
11	123457150	218	1	1	0	13	1	4	1	0	0	0	0	0	0	1	0	139	7	1	3	0	1	49	0	1	0	0	0	0	0	0	0	0	0	0	0	0	0	1	[2D]	1	2
12	123457150	216	3	1	0	13	1	4	1	0	0	0	0	0	0	1	0	139	7	1	3	0	1	49	0	1	0	0	0	0	0	0	0	0	0	0	0	0	0	2	[2D]	1	2
13	123457150	216	3	1	0	13	0	5	1	0	0	0	0	0	0	1	0	139	7	1	3	0	1	49	0	1	0	0	0	0	0	0	0	0	0	0	0	0	0	2	[2D]	1	2
14	123457150	216	2	2	0	13	0	5	1	0	0	0	0	0	0	1	0	139	8	1	3	0	1	49	0	1	0	0	0	0	0	0	0	0	0	0	0	0	0	2	[2D]	1	2
15	123457150	208	10	2	0	13	0	5	1	0	0	0	0	0	0	0	1	194	9	1	3	0	1	49	0	1	0	0	0	0	0	0	0	0	0	0	0	0	0	4	[2D]	1	2
16	123457150	201	14	5	0	13	0	4	2	0	0	0	0	0	0	0	1	194	10	1	3	0	1	49	0	1	0	0	0	0	0	0	0	0	0	0	0	0	0	4	[2D]	1	4
17	123457150	190	22	8	0	13	0	3	3	0	0	0	0	0	0	0	1	194	10	1	3	0	1	48	1	1	0	0	0	0	0	0	0	0	0	0	0	0	0	4	[2D]	1	4
18	123457150	173	19	8	0	17	8	10	3	0	0	0	0	0	0	1	1	213	11	2	10	0	2	47	1	1	1	0	0	0	0	0	0	0	0	0	0	0	0	4	[2D 1D]	2	4
19	123457150	166	20	14	0	17	5	9	7	0	0	0	0	0	0	1	1	213	12	2	10	0	2	47	1	1	1	0	0	0	0	0	0	0	0	0	0	0	0	4	[2D 1D]	2	4
20	123457150	166	13	16	5	17	2	12	7	0	0	0	0	0	0	1	1	213	12	2	10	0	2	47	1	1	1	0	0	0	0	0	0	0	0	0	0	0	0	4	[2D 1D]	2	5
21	123457150	166	11	17	6	17	1	12	8	0	0	0	0	0	0	0	2	213	12	2	10	0	2	47	0	2	1	0	0	0	0	0	0	0	0	0	0	0	0	4	[2D 1D]	2	5
22	123457150	137	3	0	0	45	10	25	18	0	0	0	0	0	0	0	2	320	14	2	24	0	2	47	0	2	1	0	0	0	0	0	0	0	0	0	0	0	0	5	[2D 1D 1A 2B 3A]	5	5
23	123457150	134	5	1	0	45	5	26	22	0	0	0	0	0	0	0	2	320	14	2	24	0	2	46	1	0	3	0	0	0	0	0	0	0	0	0	0	0	0	6	[2D 1D 1A 2B 3A]	5	6
24	123457150	144	5	4	7	32	3	23	21	0	0	0	0	0	0	0	1	320	14	2	24	0	2	46	0	1	3	0	0	0	0	0	0	0	0	0	0	0	0	7	[1D 1A 2B 3A]	4	6
25	123457150	137	10	6	7	32	1	23	23	0	0	0	0	0	0	0	1	320	14	2	24	0	2	46	0	0	4	0	0	0	0	0	0	0	0	0	0	0	0	8	[1D 1A 2B 3A]	4	7
26	123457150	127	16	9	8	32	1	21	25	0	0	0	0	0	0	0	1	320	16	2	24	0	2	46	0	0	4	0	0	0	0	0	0	0	0	0	0	0	0	8	[1D 1A 2B 3A]	4	8
27	123457150	127	15	10	8	32	0	18	29	0	0	0	0	0	0	0	1	320	17	2	24	0	2	46	0	0	4	0	0	0	0	0	0	0	0	0	0	0	0	8	[1D 1A 2B 3A]	4	8
28	123457150	127	9	15	9	32	0	17	30	0	0	0	0	0	0	0	1	320	18	2	24	0	2	46	0	0	4	0	0	0	0	0	0	0	0	0	0	0	0	8	[1D 1A 2B 3A]	4	8
29	123457150	89	1	2	8	69	5	32	33	0	0	0	0	0	0	0	1	398	19	2	35	0	2	46	0	0	4	0	0	0	0	0	0	0	0	0	0	0	0	8	[1D 1A 2B 3A 2A 2C 3C]	7	8
30	123457150	80	9	3	8	69	4	29	37	0	0	0	0	0	0	0	1	398	19	2	35	0	2	46	0	0	4	0	0	0	0	0	0	0	0	0	0	0	0	8	[1D 1A 2B 3A 2A 2C 3C]	7	7
31	123457150	78	9	4	9	69	4	26	40	0	0	0	0	0	0	0	1	398	19	2	35	0	2	46	0	0	4	0	0	0	0	0	0	0	0	0	0	0	0	8	[1D 1A 2B 3A 2A 2C 3C]	7	7
32	123457150	82	7	4	27	65	3	20	32	0	0	0	0	0	0	0	0	398	20	2	35	0	2	46	0	0	4	0	0	0	0	0	0	0	0	0	0	0	0	8	[1A 2B 3A 2A 2C 3C]	6	6
33	123457150	81	6	5	28	65	2	18	35	0	0	0	0	0	0	0	0	398	21	2	35	0	2	46	0	0	4	0	0	0	0	0	0	0	0	0	0	0	0	8	[1A 2B 3A 2A 2C 3C]	6	6
34	123457150	81	5	5	29	65	0	16	39	0	0	0	0	0	0	0	0	398	22	2	35	0	2	46	0	0	4	0	0	0	0	0	0	0	0	0	0	0	0	8	[1A 2B 3A 2A 2C 3C]	6	6
35	123457150	80	5	5	30	65	0	15	40	0	0	0	0	0	0	0	0	398	23	2	35	0	2	46	0	0	4	0	0	0	0	0	0	0	0	0	0	0	0	9	[1A 2B 3A 2A 2C 3C]	6	6
36	123457150	104	0	1	55	41	3	15	21	0	0	0	0	0	0	0	0	462	24	2	41	0	2	46	0	0	4	0	0	0	0	0	0	0	0	0	0	0	0	9	[2A 2C 3C 1B]	4	5
37	123457150	104	0	1	55	41	1	12	26	0	0	0	0	0	0	0	0	462	25	2	41	0	2	46	0	0	4	0	0	0	0	0	0	0	0	0	0	0	0	9	[2A 2C 3C 1B]	4	5
38	123457150	103	1	1	55	41	1	11	27	0	0	0	0	0	0	0	0	462	25	2	41	0	2	46	0	0	4	0	0	0	0	0	0	0	0	0	0	0	0	9	[2A 2C 3C 1B]	4	5
39	123457150	103	1	0	56	41	0	10	29	0	0	0	0	0	0	0	0	462	25	2	41	0	2	46	0	0	4	0	0	0	0	0	0	0	0	0	0	0	0	9	[2A 2C 3C 1B]	4	4
40	123457150	102	2	0	56	41	0	10	29	0	0	0	0	0	0	0	0	462	25	2	41	0	2	46	0	0	4	0	0	0	0	0	0	0	0	0	0	0	0	10	[2A 2C 3C 1B]	4	4
41	123457150	102	1	1	56	41	0	9	30	0	0	0	0	0	0	0	0	462	28	2	41	0	2	46	0	0	4	0	0	0	0	0	0	0	0	0	0	0	0	10	[2A 2C 3C 1B]	4	5
42	123457150	102	1	1	56	41	0	7	32	0	0	0	0	0	0	0	0	462	28	2	41	0	2	46	0	0	4	0	0	0	0	0	0	0	0	0	0	0	0	10	[2A 2C 3C 1B]	4	5
43	123457150	129	0	0	71	14	0	6	20	0	0	0	0	0	0	0	0	536	28	2	43	0	2	46	0	0	4	0	0	0	0	0	0	0	0	0	0	0	0	10	[1B 2D]	2	2
44	123457150	128	1	0	71	14	0	4	22	0	0	0	0	0	0	0	0	536	30	2	43	0	2	46	0	0	4	0	0	0	0	0	0	0	0	0	0	0	0	11	[1B 2D]	2	2
45	123457150	128	1	0	71	14	0	3	23	0	0	0	0	0	0	0	0	536	32	2	43	0	2	46	0	0	4	0	0	0	0	0	0	0	0	0	0	0	0	11	[1B 2D]	2	2
46	123457150	128	1	0	71	14	0	3	23	0	0	0	0	0	0	0	0	536	32	2	43	0	2	46	0	0	4	0	0	0	0	0	0	0	0	0	0	0	0	11	[1B 2D]	2	2
47	123457150	128	1	0	71	14	0	3	23	0	0	0	0	0	0	0	0	536	33	2	43	0	2	46	0	0	4	0	0	0	0	0	0	0	0	0	0	0	0	11	[1B 2D]	2	2
48	123457150	128	1	0	71	14	0	3	23	0	0	0	0	0	0	0	0	536	36	2	43	0	2	46	0	0	4	0	0	0	0	0	0	0	0	0	0	0	0	11	[1B 2D]	2	2
49	123457150	128	0	1	71	14	0	2	24	0	0	0	0	0	0	0	0	536	37	2	43	0	2	46	0	0	4	0	0	0	0	0	0	0	0	0	0	0	0	11	[1B 2D]	2	2
50	123457150	127	5	1	87	10	0	2	8	0	0	0	0	0	0	0	0	591	37	2	43	0	2	46	0	0	4	0	0	0	0	0	0	0	0	0	0	0	0	11	[2D]	1	2
51	123457150	125	7	1	87	10	0	2	8	0	0	0	0	0	0	0	0	591	38	2	43	0	2	46	0	0	4	0	0	0	0	0	0	0	0	0	0	0	0	11	[2D]	1	2
52	123457150	115	14	4	87	10	0	2	8	0	0	0	0	0	0	0	0	591	42	2	43	0	2	46	0	0	4	0	0	0	0	0	0	0	0	0	0	0	0	12	[2D]	1	2
53	123457150	112	13	8	87	10	0	2	8	0	0	0	0	0	0	0	0	591	43	2	43	0	2	46	0	0	4	0	0	0	0	0	0	0	0	0	0	0	0	12	[2D]	1	3
54	123457150	111	10	10	89	10	0	1	9	0	0	0	0	0	0	0	0	591	44	2	43	0	2	46	0	0	4	0	0	0	0	0	0	0	0	0	0	0	0	12	[2D]	1	3
55	123457150	111	5	15	89	10	0	1	9	0	0	0	0	0	0	0	0	591	44	2	43	0	2	46	0	0	4	0	0	0	0	0	0	0	0	0	0	0	0	12	[2D]	1	3
56	123457150	111	3	14	92	10	0	1	9	0	0	0	0	0	0	0	0	591	44	2	43	0	2	46	0	0	4	0	0	0	0	0	0	0	0	0	0	0	0	12	[2D]	1	3
57	123457150	120	1	1	98	1	1	12	6	0	0	0	0	0	0	0	0	651	44	2	47	0	2	46	0	0	4	0	0	0	0	0	0	0	0	0	0	0	0	12	[3D]	1	2
58	123457150	118	2	2	98	1	1	10	8	0	0	0	0	0	0	0	0	651	44	2	47	0	2	46	0	0	4	0	0	0	0	0	0	0	0	0	0	0	0	12	[3D]	1	2
59	123457150	117	3	2	98	1	1	8	10	0	0	0	0	0	0	0	0	651	44	2	47	0	2	46	0	0	4	0	0	0	0	0	0	0	0	0	0	0	0	12	[3D]	1	2
60	123457150	112	7	3	98	1	1	8	10	0	0	0	0	0	0	0	0	651	44	2	47	0	2	46	0	0	4	0	0	0	0	0	0	0	0	0	0	0	0	12	[3D]	1	2
