day	seedRun	susceptible	exposed	infected	removed	susceptible-in-quarantine	exposed-in-quarantine	infected-in-quarantine	removed-in-quarantine	susceptible-in-quarantine-external-1	exposed-in-quarantine-external-1	infected-in-quarantine-external-1	removed-in-quarantine-external-1	susceptible-in-quarantine-external-2	exposed-in-quarantine-external-2	infected-in-quarantine-external-2	removed-in-quarantine-external-2	num-of-screened-agents	num-of-screened-agents-external-1	num-of-screened-agents-external-2	num-of-positive-agents	num-of-positive-agents-external-1	num-of-positive-agents-external-2	num-vaccinated	num-immunized	num-immunized-in-quarantine	num-immunized-in-quarantine-external-1	num-immunized-in-quarantine-external-2	num-infected-outside	classroom-in-quarantine	num-of-classroom-in-quarantine	classroom-with-at-least-one-infected
0	123457103	216	0	0	0	0	0	0	0	0	0	0	0	0	0	0	0	0	0	0	0	0	0	74	74	0	0	0	0	[]	0	0
1	123457103	215	1	0	0	0	0	0	0	0	0	0	0	0	0	0	0	0	2	0	0	0	0	74	74	0	0	0	1	[]	0	0
2	123457103	215	1	0	0	0	0	0	0	0	0	0	0	0	0	0	0	0	3	0	0	0	0	74	74	0	0	0	1	[]	0	0
3	123457103	215	1	0	0	0	0	0	0	0	0	0	0	0	0	0	0	0	4	0	0	0	0	74	74	0	0	0	1	[]	0	0
4	123457103	215	1	0	0	0	0	0	0	0	0	0	0	0	0	0	0	0	5	0	0	0	0	74	74	0	0	0	1	[]	0	0
5	123457103	215	1	0	0	0	0	0	0	0	0	0	0	0	0	0	0	0	7	0	0	0	0	74	74	0	0	0	1	[]	0	0
6	123457103	215	1	0	0	0	0	0	0	0	0	0	0	0	0	0	0	0	7	0	0	0	0	74	74	0	0	0	1	[]	0	0
7	123457103	215	1	0	0	0	0	0	0	0	0	0	0	0	0	0	0	0	8	0	0	0	0	74	74	0	0	0	1	[]	0	0
8	123457103	215	1	0	0	0	0	0	0	0	0	0	0	0	0	0	0	0	10	0	0	0	0	74	74	0	0	0	1	[]	0	0
9	123457103	215	1	0	0	0	0	0	0	0	0	0	0	0	0	0	0	0	11	0	0	0	0	74	74	0	0	0	1	[]	0	0
10	123457103	207	8	1	0	0	0	0	0	0	0	0	0	0	0	0	0	0	15	0	0	0	0	74	74	0	0	0	1	[]	0	1
11	123457103	197	15	4	0	0	0	0	0	0	0	0	0	0	0	0	0	0	17	0	0	0	0	74	74	0	0	0	1	[]	0	1
12	123457103	196	14	5	0	0	0	0	0	0	0	0	0	0	0	1	0	19	17	1	0	0	1	74	74	0	0	0	2	[]	0	2
13	123457103	196	10	9	0	0	0	0	0	0	0	0	0	0	0	1	0	19	19	1	0	0	1	74	74	0	0	0	2	[]	0	2
14	123457103	196	8	8	3	0	0	0	0	0	0	0	0	0	0	1	0	19	20	1	0	0	1	74	74	0	0	0	2	[]	0	2
15	123457103	195	2	0	0	0	4	8	5	0	0	0	0	0	0	2	0	38	24	2	8	0	2	74	72	2	0	0	3	[3C]	1	2
16	123457103	185	11	1	0	0	2	7	8	0	0	0	0	0	0	1	1	38	27	2	8	0	2	74	72	2	0	0	3	[3C]	1	3
17	123457103	175	19	3	0	0	0	9	8	0	0	0	0	0	0	1	1	57	30	2	8	0	2	74	72	2	0	0	3	[3C]	1	4
18	123457103	163	28	6	0	0	0	7	10	0	0	0	0	0	0	0	2	57	33	2	8	0	2	74	72	2	0	0	4	[3C]	1	3
19	123457103	149	33	14	1	0	0	7	10	0	0	0	0	0	0	0	2	57	34	2	8	0	2	74	72	2	0	0	4	[3C]	1	5
20	123457103	149	27	17	1	0	0	7	12	0	0	0	0	0	0	1	2	76	35	3	10	0	3	74	72	2	0	0	4	[3C]	1	5
21	123457103	149	16	23	6	0	0	5	14	0	0	0	0	0	0	1	2	76	35	3	10	0	3	74	72	2	0	0	4	[3C]	1	5
22	123457103	144	16	11	6	0	3	13	20	0	0	0	0	0	0	2	1	95	37	4	18	0	4	74	70	4	0	0	4	[3C 3A]	2	5
23	123457103	128	26	15	8	0	2	13	21	0	0	0	0	0	0	1	2	95	38	4	18	0	4	74	70	4	0	0	5	[3C 3A]	2	6
24	123457103	111	38	19	9	0	2	11	23	0	0	0	0	0	0	1	2	95	40	4	18	0	4	74	70	4	0	0	5	[3C 3A]	2	7
25	123457103	92	45	18	21	0	2	15	20	0	0	0	0	0	0	1	2	131	44	5	25	0	5	74	70	4	0	0	5	[3A 1D]	2	7
26	123457103	82	26	12	20	0	18	27	26	0	0	0	0	0	0	3	2	169	45	7	37	0	7	74	66	8	0	0	5	[3A 1D 1B 3D]	4	7
27	123457103	79	10	10	21	3	20	34	32	0	0	1	0	0	0	4	2	207	47	8	44	1	8	74	64	10	0	0	5	[3A 1D 1B 3D 2D]	5	8
28	123457103	79	6	13	22	3	12	39	35	0	0	1	0	0	0	4	2	207	47	8	44	1	8	74	64	10	0	0	5	[3A 1D 1B 3D 2D]	5	8
29	123457103	72	10	14	24	3	6	41	39	0	0	1	0	0	0	4	2	207	47	8	44	1	8	74	64	10	0	0	5	[3A 1D 1B 3D 2D]	5	9
30	123457103	63	16	2	24	3	6	44	51	0	0	1	0	0	0	5	1	226	48	9	54	1	9	74	62	12	0	0	5	[3A 1D 1B 3D 2D 1C]	6	8
31	123457103	56	18	7	24	3	3	42	56	0	0	1	0	0	0	4	2	226	49	9	54	1	9	74	62	12	0	0	5	[3A 1D 1B 3D 2D 1C]	6	9
32	123457103	50	20	9	43	3	1	36	48	0	0	0	1	0	0	3	2	244	49	9	55	1	9	74	64	10	0	0	5	[1D 1B 3D 2D 1C]	5	8
33	123457103	48	16	14	44	3	1	32	52	0	0	0	1	0	0	3	2	244	49	9	55	1	9	74	64	10	0	0	5	[1D 1B 3D 2D 1C]	5	8
34	123457103	48	15	9	47	3	1	30	56	0	0	0	1	0	0	4	2	262	50	10	57	1	10	74	64	10	0	0	5	[1D 1B 3D 2D 1C]	5	8
35	123457103	48	12	11	67	3	0	25	44	0	0	0	1	0	0	4	1	262	52	10	57	1	10	74	66	8	0	0	5	[1B 3D 2D 1C]	4	7
36	123457103	42	15	12	105	3	0	10	25	0	0	0	1	0	0	1	2	262	54	10	57	1	10	74	70	4	0	0	5	[2D 1C]	2	6
37	123457103	28	29	13	124	0	0	6	14	0	0	0	0	0	0	0	2	262	55	10	57	1	10	74	72	2	0	0	5	[1C]	1	5
38	123457103	24	23	20	127	0	0	5	15	0	0	0	0	0	0	0	2	262	55	10	57	1	10	74	72	2	0	0	5	[1C]	1	5
39	123457103	20	20	25	128	0	0	5	16	0	0	0	0	0	0	0	2	279	56	10	58	1	10	74	72	2	0	0	5	[1C]	1	5
40	123457103	20	5	20	149	0	6	11	3	0	0	0	0	0	0	1	1	297	59	11	66	1	11	74	72	2	0	0	5	[2C]	1	4
41	123457103	20	3	22	149	0	3	13	4	0	0	0	0	0	0	1	1	297	62	11	66	1	11	74	72	2	0	0	5	[2C]	1	4
42	123457103	20	2	7	147	0	2	25	10	0	0	0	0	0	0	2	1	316	62	12	79	1	12	74	70	4	0	0	5	[2C 2A]	2	4
43	123457103	19	3	7	147	0	1	24	12	0	0	0	0	0	0	2	1	316	64	12	79	1	12	74	70	4	0	0	6	[2C 2A]	2	4
44	123457103	19	2	7	151	0	1	21	13	0	0	0	0	0	0	1	1	316	65	12	79	1	12	74	70	4	0	0	6	[2C 2A]	2	4
45	123457103	19	2	6	152	0	1	16	18	0	0	0	0	0	0	1	1	316	65	12	79	1	12	74	70	4	0	0	6	[2C 2A]	2	4
46	123457103	16	4	6	153	0	1	16	18	0	0	0	0	0	0	0	2	316	67	12	79	1	12	74	70	4	0	0	6	[2C 2A]	2	5
47	123457103	11	8	5	155	0	1	13	21	0	0	0	0	0	0	0	2	316	67	12	79	1	12	74	70	4	0	0	6	[2C 2A]	2	5
48	123457103	11	5	7	156	0	1	12	22	0	0	0	0	0	0	0	2	316	68	12	79	1	12	74	70	4	0	0	6	[2C 2A]	2	5
49	123457103	11	2	10	157	0	0	12	22	0	0	0	0	0	0	0	2	316	71	12	79	1	12	74	70	4	0	0	6	[2C 2A]	2	4
50	123457103	3	10	8	177	0	0	5	12	0	0	0	0	0	0	0	1	316	72	12	79	1	12	74	72	2	0	0	6	[2A]	1	3
51	123457103	3	6	11	178	0	0	4	13	0	0	0	0	0	0	0	1	316	75	12	79	1	12	74	72	2	0	0	6	[2A]	1	3
52	123457103	3	6	10	197	0	0	0	0	0	0	0	0	0	0	0	0	316	76	12	79	1	12	74	74	0	0	0	6	[]	0	2
53	123457103	3	2	13	198	0	0	0	0	0	0	0	0	0	0	0	0	316	77	12	79	1	12	74	74	0	0	0	6	[]	0	2
54	123457103	3	2	10	201	0	0	0	0	0	0	0	0	0	0	0	0	316	78	12	79	1	12	74	74	0	0	0	6	[]	0	1
55	123457103	3	1	10	202	0	0	0	0	0	0	0	0	0	0	0	0	316	80	12	79	1	12	74	74	0	0	0	6	[]	0	2
56	123457103	3	0	1	194	0	1	8	8	0	0	1	0	0	0	0	0	335	84	12	87	2	12	74	72	2	0	0	6	[3B]	1	2
57	123457103	3	0	0	195	0	0	9	8	0	0	1	0	0	0	0	0	335	86	12	87	2	12	74	72	2	0	0	6	[3B]	1	1
58	123457103	3	0	0	195	0	0	8	9	0	0	1	0	0	0	0	0	335	87	12	87	2	12	74	72	2	0	0	6	[3B]	1	1
59	123457103	3	0	0	195	0	0	8	9	0	0	1	0	0	0	0	0	335	88	12	87	2	12	74	72	2	0	0	6	[3B]	1	1
60	123457103	3	0	0	195	0	0	7	10	0	0	1	0	0	0	0	0	335	90	12	87	2	12	74	72	2	0	0	6	[3B]	1	1
