day	seedRun	susceptible	exposed	infected	removed	susceptible-in-quarantine	exposed-in-quarantine	infected-in-quarantine	removed-in-quarantine	susceptible-in-quarantine-external-1	exposed-in-quarantine-external-1	infected-in-quarantine-external-1	removed-in-quarantine-external-1	susceptible-in-quarantine-external-2	exposed-in-quarantine-external-2	infected-in-quarantine-external-2	removed-in-quarantine-external-2	num-of-screened-agents	num-of-screened-agents-external-1	num-of-screened-agents-external-2	num-of-positive-agents	num-of-positive-agents-external-1	num-of-positive-agents-external-2	num-vaccinated	num-immunized	num-immunized-in-quarantine	num-immunized-in-quarantine-external-1	num-immunized-in-quarantine-external-2	num-infected-outside	classroom-in-quarantine	num-of-classroom-in-quarantine	classroom-with-at-least-one-infected
0	123456802	216	0	0	0	0	0	0	0	0	0	0	0	0	0	0	0	0	0	0	0	0	0	74	74	0	0	0	0	[]	0	0
1	123456802	215	1	0	0	0	0	0	0	0	0	0	0	0	0	0	0	0	4	0	0	0	0	74	74	0	0	0	1	[]	0	0
2	123456802	209	6	1	0	0	0	0	0	0	0	0	0	0	0	0	0	0	6	0	0	0	0	74	74	0	0	0	1	[]	0	1
3	123456802	199	14	2	1	0	0	0	0	0	0	0	0	0	0	0	0	0	7	0	0	0	0	74	74	0	0	0	1	[]	0	1
4	123456802	198	0	0	0	1	7	8	1	0	0	0	0	0	0	1	0	19	8	1	8	0	1	74	72	2	0	0	1	[2B]	1	1
5	123456802	197	1	0	0	1	5	10	1	0	0	0	0	0	0	1	0	19	9	1	8	0	1	74	72	2	0	0	2	[2B]	1	1
6	123456802	197	1	0	0	1	3	11	2	0	0	0	0	0	0	1	0	19	9	1	8	0	1	74	72	2	0	0	2	[2B]	1	1
7	123456802	197	0	1	0	1	3	9	4	0	0	0	0	0	0	1	0	19	10	1	8	0	1	74	72	2	0	0	2	[2B]	1	2
8	123456802	194	3	1	0	1	2	10	4	0	0	0	0	0	0	1	0	19	13	1	8	0	1	74	72	2	0	0	2	[2B]	1	2
9	123456802	194	3	0	1	1	1	11	4	0	0	0	0	0	0	1	0	19	13	1	8	0	1	74	72	2	0	0	2	[2B]	1	1
10	123456802	186	10	1	1	1	1	8	7	0	0	0	0	0	0	1	0	19	14	1	8	0	1	74	72	2	0	0	2	[2B]	1	2
11	123456802	181	13	3	1	1	0	7	9	0	0	0	0	0	0	1	0	19	18	1	8	0	1	74	72	2	0	0	2	[2B]	1	2
12	123456802	180	13	4	1	1	0	7	9	0	0	0	0	0	0	1	0	19	19	1	8	0	1	74	72	2	0	0	3	[2B]	1	2
13	123456802	179	1	0	0	2	9	12	11	0	0	0	0	0	0	2	0	38	20	2	13	0	2	74	70	4	0	0	3	[2B 1B]	2	2
14	123456802	179	2	0	17	1	5	9	2	0	0	0	0	0	0	1	0	38	22	2	13	0	2	74	72	2	0	0	4	[1B]	1	1
15	123456802	179	1	0	17	1	2	10	4	0	0	0	0	0	0	2	0	57	28	3	13	0	3	74	72	2	0	0	4	[1B]	1	2
16	123456802	178	2	0	17	1	0	12	4	0	0	0	0	0	0	2	0	57	31	3	13	0	3	74	72	2	0	0	5	[1B]	1	2
17	123456802	178	1	0	17	1	0	10	6	0	0	0	0	0	0	3	0	76	32	4	13	0	4	74	72	2	0	0	5	[1B]	1	3
18	123456802	178	1	0	17	1	0	7	9	0	0	0	0	0	0	3	0	76	32	4	13	0	4	74	72	2	0	0	5	[1B]	1	3
19	123456802	178	0	1	17	1	0	5	11	0	0	0	0	0	0	3	0	76	33	4	13	0	4	74	72	2	0	0	5	[1B]	1	3
20	123456802	178	0	0	17	1	0	6	11	0	0	0	0	0	0	3	0	95	35	4	14	0	4	74	72	2	0	0	5	[1B]	1	3
21	123456802	177	1	0	17	1	0	6	11	0	0	0	0	0	0	2	1	95	36	4	14	0	4	74	72	2	0	0	6	[1B]	1	3
22	123456802	177	1	0	17	1	0	4	13	0	0	0	0	0	0	2	1	114	38	4	14	0	4	74	72	2	0	0	6	[1B]	1	3
23	123456802	169	9	1	34	0	0	1	0	0	0	0	0	0	0	1	1	114	40	4	14	0	4	74	74	0	0	0	6	[]	0	3
24	123456802	154	22	3	34	0	0	1	0	0	0	0	0	0	0	0	2	114	41	4	14	0	4	74	74	0	0	0	6	[]	0	3
25	123456802	145	9	6	36	7	6	5	0	0	0	0	0	0	0	1	1	133	45	5	18	0	5	74	72	2	0	0	6	[3B]	1	3
26	123456802	141	9	9	37	7	5	5	1	0	0	0	0	0	0	1	1	133	45	5	18	0	5	74	72	2	0	0	6	[3B]	1	3
27	123456802	141	6	12	38	7	4	6	1	0	0	0	0	0	0	1	0	133	46	5	18	0	5	74	72	2	0	0	6	[3B]	1	4
28	123456802	141	3	11	42	7	2	7	2	0	0	0	0	0	0	1	0	133	48	5	18	0	5	74	72	2	0	0	6	[3B]	1	4
29	123456802	127	17	9	44	7	1	6	4	0	0	0	0	0	0	1	0	133	52	5	18	0	5	74	72	2	0	0	6	[3B]	1	4
30	123456802	113	26	4	37	7	2	13	12	0	0	1	0	0	0	1	0	152	55	5	25	1	5	74	70	4	0	0	6	[3B 2C]	2	4
31	123456802	109	13	5	35	7	8	19	17	0	0	1	0	0	0	2	0	171	56	6	31	1	6	74	68	6	0	0	6	[3B 2C 2A]	3	4
32	123456802	109	8	10	35	7	4	17	23	0	0	1	0	0	0	2	0	171	56	6	31	1	6	74	68	6	0	0	6	[3B 2C 2A]	3	4
33	123456802	109	0	0	35	7	11	23	27	0	0	2	0	0	0	2	0	190	58	6	40	2	6	74	66	8	0	0	6	[3B 2C 2A 3C]	4	4
34	123456802	109	0	0	35	7	7	23	31	0	0	2	0	0	0	2	0	190	59	6	40	2	6	74	66	8	0	0	6	[3B 2C 2A 3C]	4	4
35	123456802	116	0	0	46	0	4	20	27	0	0	2	0	0	0	1	0	190	60	6	40	2	6	74	68	6	0	0	6	[2C 2A 3C]	3	3
36	123456802	116	0	0	46	0	3	20	28	0	0	2	0	0	0	1	0	190	61	6	40	2	6	74	68	6	0	0	6	[2C 2A 3C]	3	3
37	123456802	116	0	0	46	0	3	19	29	0	0	2	0	0	0	1	0	190	62	6	40	2	6	74	68	6	0	0	6	[2C 2A 3C]	3	3
38	123456802	116	0	0	46	0	1	21	29	0	0	1	1	0	0	1	0	190	63	6	40	2	6	74	68	6	0	0	6	[2C 2A 3C]	3	3
39	123456802	116	0	0	46	0	1	17	33	0	0	1	1	0	0	1	0	190	65	6	40	2	6	74	68	6	0	0	6	[2C 2A 3C]	3	3
40	123456802	116	0	0	64	0	1	11	22	0	0	1	0	0	0	1	0	190	67	6	40	2	6	74	70	4	0	0	6	[2A 3C]	2	2
41	123456802	115	1	0	82	0	1	4	12	0	0	1	0	0	0	0	0	190	69	6	40	2	6	74	72	2	0	0	7	[3C]	1	1
42	123456802	115	1	0	82	0	0	4	13	0	0	1	0	0	0	0	0	190	70	6	40	2	6	74	72	2	0	0	7	[3C]	1	1
43	123456802	114	2	0	100	0	0	0	0	0	0	0	0	0	0	0	0	190	75	6	40	2	6	74	74	0	0	0	8	[]	0	0
44	123456802	110	5	1	100	0	0	0	0	0	0	0	0	0	0	0	0	190	77	6	40	2	6	74	74	0	0	0	8	[]	0	1
45	123456802	108	5	3	100	0	0	0	0	0	0	0	0	0	0	0	0	190	78	6	40	2	6	74	74	0	0	0	8	[]	0	1
46	123456802	102	9	1	100	0	0	3	0	0	0	0	0	0	0	1	0	209	79	7	43	2	7	74	74	0	0	0	8	[]	0	2
47	123456802	83	24	5	100	0	0	3	0	0	0	0	0	0	0	1	0	209	83	7	43	2	7	74	74	0	0	0	8	[]	0	3
48	123456802	83	17	11	101	0	0	3	0	0	0	0	0	0	0	1	0	209	84	7	43	2	7	74	74	0	0	0	8	[]	0	3
49	123456802	83	14	11	104	0	0	1	2	0	0	0	0	0	0	1	0	209	84	7	43	2	7	74	74	0	0	0	8	[]	0	3
50	123456802	73	22	13	104	0	0	1	2	0	0	0	0	0	0	1	0	209	86	7	43	2	7	74	74	0	0	0	9	[]	0	3
51	123456802	70	10	7	93	2	8	9	15	0	0	0	0	0	0	2	0	244	89	8	50	2	8	74	70	4	0	0	9	[3B 3A]	2	3
52	123456802	62	13	11	94	2	7	7	18	0	0	0	0	0	0	2	0	244	90	8	50	2	8	74	70	4	0	0	9	[3B 3A]	2	5
53	123456802	52	15	5	90	2	9	16	24	0	0	1	0	0	0	2	0	263	92	8	58	3	8	74	68	6	0	0	9	[3B 3A 1C]	3	4
54	123456802	52	2	0	90	2	11	28	27	0	0	1	0	0	0	3	0	282	94	9	68	3	9	74	66	8	0	0	9	[3B 3A 1C 1D]	4	4
55	123456802	52	0	2	90	2	11	23	32	0	0	1	0	0	0	3	0	282	94	9	68	3	9	74	66	8	0	0	9	[3B 3A 1C 1D]	4	5
56	123456802	52	0	2	90	2	6	25	35	0	0	1	0	0	0	3	0	282	95	9	68	3	9	74	66	8	0	0	9	[3B 3A 1C 1D]	4	5
57	123456802	46	6	2	90	2	4	23	39	0	0	1	0	0	0	3	0	282	96	9	68	3	9	74	66	8	0	0	9	[3B 3A 1C 1D]	4	5
58	123456802	36	13	5	90	2	3	22	41	0	0	1	0	0	0	3	0	282	97	9	68	3	9	74	66	8	0	0	9	[3B 3A 1C 1D]	4	5
59	123456802	36	8	9	91	2	2	21	43	0	0	1	0	0	0	2	1	282	97	9	68	3	9	74	66	8	0	0	9	[3B 3A 1C 1D]	4	5
60	123456802	36	6	11	91	2	1	22	43	0	0	1	0	0	0	1	2	282	98	9	68	3	9	74	66	8	0	0	9	[3B 3A 1C 1D]	4	4
