day	seedRun	susceptible	exposed	infected	removed	susceptible-in-quarantine	exposed-in-quarantine	infected-in-quarantine	removed-in-quarantine	susceptible-in-quarantine-external-1	exposed-in-quarantine-external-1	infected-in-quarantine-external-1	removed-in-quarantine-external-1	susceptible-in-quarantine-external-2	exposed-in-quarantine-external-2	infected-in-quarantine-external-2	removed-in-quarantine-external-2	num-of-screened-students	num-of-screened-students-external-1	num-of-screened-students-external-2	num-of-positive-students	num-of-positive-students-external-1	num-of-positive-students-external-2	num-vaccinated-susceptible	num-vaccinated-exposed	num-vaccinated-infected	num-vaccinated-removed	num-infected-outside	classroom-in-quarantine	num-of-classroom-in-quarantine	classroom-with-at-least-one-infected
0	123456958	240	0	0	0	0	0	0	0	0	0	0	0	0	0	0	0	0	0	0	0	0	0	0	0	0	50	0	[]	0	0
1	123456958	240	0	0	0	0	0	0	0	0	0	0	0	0	0	0	0	24	2	0	0	0	0	0	0	0	50	0	[]	0	0
2	123456958	240	0	0	0	0	0	0	0	0	0	0	0	0	0	0	0	24	3	0	0	0	0	0	0	0	50	0	[]	0	0
3	123456958	240	0	0	0	0	0	0	0	0	0	0	0	0	0	0	0	24	5	0	0	0	0	0	0	0	50	0	[]	0	0
4	123456958	240	0	0	0	0	0	0	0	0	0	0	0	0	0	0	0	24	5	0	0	0	0	0	0	0	50	0	[]	0	0
5	123456958	240	0	0	0	0	0	0	0	0	0	0	0	0	0	0	0	24	6	0	0	0	0	0	0	0	50	0	[]	0	0
6	123456958	238	2	0	0	0	0	0	0	0	0	0	0	0	0	0	0	24	8	0	0	0	0	0	0	0	50	2	[]	0	0
7	123456958	237	2	1	0	0	0	0	0	0	0	0	0	0	0	0	0	24	8	0	0	0	0	0	0	0	50	3	[]	0	1
8	123456958	237	1	2	0	0	0	0	0	0	0	0	0	0	0	0	0	48	9	0	0	0	0	0	0	0	50	3	[]	0	2
9	123456958	237	1	2	0	0	0	0	0	0	0	0	0	0	0	0	0	48	11	0	0	0	0	0	0	0	50	3	[]	0	2
10	123456958	234	4	2	0	0	0	0	0	0	0	0	0	0	0	0	0	48	11	0	0	0	0	0	0	0	50	3	[]	0	2
11	123456958	229	8	3	0	0	0	0	0	0	0	0	0	0	0	0	0	48	11	0	0	0	0	0	0	0	50	3	[]	0	2
12	123456958	226	10	2	2	0	0	0	0	0	0	0	0	0	0	0	0	48	11	0	0	0	0	0	0	0	50	3	[]	0	2
13	123456958	226	5	7	2	0	0	0	0	0	0	0	0	0	0	0	0	48	13	0	0	0	0	0	0	0	50	3	[]	0	4
14	123456958	226	3	9	2	0	0	0	0	0	0	0	0	0	0	0	0	48	14	0	0	0	0	0	0	0	50	3	[]	0	4
15	123456958	221	7	10	2	0	0	0	0	0	0	0	0	0	0	0	0	72	15	0	0	0	0	0	0	0	50	3	[]	0	4
16	123456958	214	12	12	2	0	0	0	0	0	0	0	0	0	0	0	0	72	16	0	0	0	0	0	0	0	50	3	[]	0	4
17	123456958	207	15	14	4	0	0	0	0	0	0	0	0	0	0	0	0	72	16	0	0	0	0	0	0	0	50	3	[]	0	5
18	123456958	198	19	15	8	0	0	0	0	0	0	0	0	0	0	0	0	72	16	0	0	0	0	0	0	0	50	3	[]	0	5
19	123456958	195	16	17	12	0	0	0	0	0	0	0	0	0	0	0	0	72	18	0	0	0	0	0	0	0	50	3	[]	0	5
20	123456958	195	12	17	16	0	0	0	0	0	0	0	0	0	0	0	0	72	19	0	0	0	0	0	0	0	50	3	[]	0	4
21	123456958	194	10	19	17	0	0	0	0	0	0	0	0	0	0	0	0	72	21	0	0	0	0	0	0	0	50	4	[]	0	5
22	123456958	186	11	13	10	4	1	7	8	0	0	0	0	0	0	0	0	96	22	0	1	0	0	0	0	0	50	4	[2D]	1	5
23	123456958	177	17	15	11	4	0	8	8	0	0	0	0	0	0	0	0	96	24	0	1	0	0	0	0	0	50	4	[2D]	1	5
24	123456958	151	22	16	11	4	0	8	8	0	0	0	0	16	1	1	2	96	26	1	1	0	1	0	0	0	50	4	[2D 1C]	2	7
25	123456958	147	16	24	13	4	0	5	11	0	0	0	0	16	0	2	2	96	26	1	1	0	1	0	0	0	50	4	[2D 1C]	2	7
26	123456958	142	18	22	18	4	0	5	11	0	0	0	0	16	0	2	2	96	28	1	1	0	1	0	0	0	50	4	[2D 1C]	2	7
27	123456958	142	14	24	20	4	0	4	12	0	0	0	0	16	0	1	3	96	28	1	1	0	1	0	0	0	50	4	[2D 1C]	2	7
28	123456958	133	10	16	21	4	0	3	13	8	4	6	2	16	0	1	3	96	30	1	1	1	1	0	0	0	50	5	[2D 1C 2C]	3	7
29	123456958	130	13	13	24	4	0	3	13	8	4	6	2	16	0	1	3	114	31	1	1	1	1	0	0	0	50	5	[2D 1C 2C]	3	7
30	123456958	127	13	14	26	4	0	2	14	8	2	7	3	16	0	1	3	114	32	1	1	1	1	0	0	0	50	5	[2D 1C 2C]	3	7
31	123456958	119	16	18	27	4	0	2	14	8	1	7	4	16	0	1	3	114	32	1	1	1	1	0	0	0	50	5	[2D 1C 2C]	3	9
32	123456958	110	21	20	29	4	0	2	14	8	1	7	4	16	0	1	3	114	32	1	1	1	1	0	0	0	50	5	[2D 1C 2C]	3	9
33	123456958	102	25	22	31	4	0	1	15	8	0	7	5	16	0	1	3	114	32	1	1	1	1	0	0	0	50	5	[2D 1C 2C]	3	9
34	123456958	101	15	17	27	4	0	1	15	9	2	13	16	16	0	1	3	114	33	1	1	2	1	0	0	0	50	5	[2D 1C 2C 3D]	4	10
35	123456958	101	12	20	27	4	0	1	15	9	2	12	17	16	0	1	3	114	33	1	1	2	1	0	0	0	50	5	[2D 1C 2C 3D]	4	10
