day	seedRun	susceptible	exposed	infected	removed	susceptible-in-quarantine	exposed-in-quarantine	infected-in-quarantine	removed-in-quarantine	susceptible-in-quarantine-external-1	exposed-in-quarantine-external-1	infected-in-quarantine-external-1	removed-in-quarantine-external-1	susceptible-in-quarantine-external-2	exposed-in-quarantine-external-2	infected-in-quarantine-external-2	removed-in-quarantine-external-2	num-of-screened-agents	num-of-screened-agents-external-1	num-of-screened-agents-external-2	num-of-positive-agents	num-of-positive-agents-external-1	num-of-positive-agents-external-2	num-vaccinated-susceptible	num-vaccinated-exposed	num-vaccinated-infected	num-vaccinated-removed	num-vaccinated-susceptible-in-quarantine	num-vaccinated-exposed-in-quarantine	num-vaccinated-infected-in-quarantine	num-vaccinated-removed-in-quarantine	num-vaccinated-susceptible-in-quarantine-external-1	num-vaccinated-exposed-in-quarantine-external-1	num-vaccinated-infected-in-quarantine-external-1	num-vaccinated-removed-in-quarantine-external-1	num-vaccinated-susceptible-in-quarantine-external-2	num-vaccinated-exposed-in-quarantine-external-2	num-vaccinated-infected-in-quarantine-external-2	num-vaccinated-removed-in-quarantine-external-2	num-infected-outside	classroom-in-quarantine	num-of-classroom-in-quarantine	classroom-with-at-least-one-infected
0	123456964	144	0	0	0	0	0	0	0	0	0	0	0	0	0	0	0	0	0	0	0	0	0	0	0	0	146	0	0	0	0	0	0	0	0	0	0	0	0	0	[]	0	0
1	123456964	142	2	0	0	0	0	0	0	0	0	0	0	0	0	0	0	60	0	0	0	0	0	0	0	0	146	0	0	0	0	0	0	0	0	0	0	0	0	2	[]	0	0
2	123456964	137	7	0	0	0	0	0	0	0	0	0	0	0	0	0	0	60	2	0	0	0	0	0	0	0	146	0	0	0	0	0	0	0	0	0	0	0	0	7	[]	0	0
3	123456964	133	8	3	0	0	0	0	0	0	0	0	0	0	0	0	0	60	4	0	0	0	0	0	0	0	146	0	0	0	0	0	0	0	0	0	0	0	0	9	[]	0	3
4	123456964	127	13	4	0	0	0	0	0	0	0	0	0	0	0	0	0	60	4	0	0	0	0	0	0	0	146	0	0	0	0	0	0	0	0	0	0	0	0	11	[]	0	3
5	123456964	118	19	7	0	0	0	0	0	0	0	0	0	0	0	0	0	60	5	0	0	0	0	0	0	0	146	0	0	0	0	0	0	0	0	0	0	0	0	14	[]	0	5
6	123456964	116	14	12	2	0	0	0	0	0	0	0	0	0	0	0	0	60	5	0	0	0	0	0	0	0	146	0	0	0	0	0	0	0	0	0	0	0	0	16	[]	0	5
7	123456964	115	13	12	4	0	0	0	0	0	0	0	0	0	0	0	0	60	5	0	0	0	0	0	0	0	146	0	0	0	0	0	0	0	0	0	0	0	0	17	[]	0	6
8	123456964	91	11	4	2	19	3	10	4	0	0	0	0	0	0	0	0	158	5	0	7	0	0	0	0	0	122	0	0	0	24	0	0	0	0	0	0	0	0	18	[2B 3A 3C]	3	7
9	123456964	84	16	5	3	19	2	10	5	0	0	0	0	0	0	0	0	158	7	0	7	0	0	0	0	0	122	0	0	0	24	0	0	0	0	0	0	0	0	20	[2B 3A 3C]	3	7
10	123456964	78	19	7	4	19	2	10	5	0	0	0	0	0	0	0	0	158	7	0	7	0	0	0	0	0	122	0	0	0	24	0	0	0	0	0	0	0	0	23	[2B 3A 3C]	3	9
11	123456964	69	22	13	4	19	1	10	6	0	0	0	0	0	0	0	0	158	7	0	7	0	0	0	0	0	122	0	0	0	24	0	0	0	0	0	0	0	0	26	[2B 3A 3C]	3	9
12	123456964	60	21	21	6	19	1	8	8	0	0	0	0	0	0	0	0	158	9	0	7	0	0	0	0	0	122	0	0	0	24	0	0	0	0	0	0	0	0	27	[2B 3A 3C]	3	9
13	123456964	59	19	19	11	19	1	7	9	0	0	0	0	0	0	0	0	158	10	0	7	0	0	0	0	0	122	0	0	0	24	0	0	0	0	0	0	0	0	28	[2B 3A 3C]	3	9
14	123456964	58	13	24	13	19	1	7	9	0	0	0	0	0	0	0	0	158	11	0	7	0	0	0	0	0	122	0	0	0	24	0	0	0	0	0	0	0	0	29	[2B 3A 3C]	3	9
15	123456964	42	10	4	4	32	6	21	25	0	0	0	0	0	0	0	0	260	11	0	17	0	0	0	0	0	90	0	0	0	56	0	0	0	0	0	0	0	0	30	[2B 3A 3C 1C 1D 3B 3D]	7	9
16	123456964	41	10	5	4	32	5	20	27	0	0	0	0	0	0	0	0	260	11	0	17	0	0	0	0	0	90	0	0	0	56	0	0	0	0	0	0	0	0	31	[2B 3A 3C 1C 1D 3B 3D]	7	9
17	123456964	38	6	1	3	33	8	24	30	0	0	0	0	0	0	1	0	279	11	1	21	0	1	0	0	0	82	0	0	0	64	0	0	0	0	0	0	0	0	32	[2B 3A 3C 1C 1D 3B 3D 1B]	8	9
18	123456964	38	4	2	4	33	5	24	33	0	0	0	0	0	0	1	0	279	11	1	21	0	1	0	0	0	82	0	0	0	64	0	0	0	0	0	0	0	0	32	[2B 3A 3C 1C 1D 3B 3D 1B]	8	10
19	123456964	34	6	4	4	33	4	24	34	0	0	0	0	0	0	1	0	279	11	1	21	0	1	0	0	0	82	0	0	0	64	0	0	0	0	0	0	0	0	33	[2B 3A 3C 1C 1D 3B 3D 1B]	8	11
20	123456964	32	5	6	5	33	1	26	35	0	0	0	0	0	0	1	0	279	11	1	21	0	1	0	0	0	82	0	0	0	64	0	0	0	0	0	0	0	0	35	[2B 3A 3C 1C 1D 3B 3D 1B]	8	12
21	123456964	31	3	9	5	33	1	22	39	0	0	0	0	0	0	1	0	279	11	1	21	0	1	0	0	0	82	0	0	0	64	0	0	0	0	0	0	0	0	36	[2B 3A 3C 1C 1D 3B 3D 1B]	8	12
22	123456964	18	1	0	17	45	2	25	35	0	0	0	0	0	0	1	0	371	12	1	30	0	1	0	0	0	74	0	0	0	72	0	0	0	0	0	0	0	0	37	[1C 1D 3B 3D 1B 1A 2A 2C 2D]	9	9
23	123456964	18	1	0	17	45	2	23	37	0	0	0	0	0	0	1	0	371	12	1	30	0	1	0	0	0	74	0	0	0	72	0	0	0	0	0	0	0	0	37	[1C 1D 3B 3D 1B 1A 2A 2C 2D]	9	9
24	123456964	18	1	0	17	45	1	19	42	0	0	0	0	0	0	1	0	371	12	1	30	0	1	0	0	0	74	0	0	0	72	0	0	0	0	0	0	0	0	37	[1C 1D 3B 3D 1B 1A 2A 2C 2D]	9	8
25	123456964	18	1	0	17	45	0	19	43	0	0	0	0	0	0	1	0	371	12	1	30	0	1	0	0	0	74	0	0	0	72	0	0	0	0	0	0	0	0	37	[1C 1D 3B 3D 1B 1A 2A 2C 2D]	9	8
26	123456964	18	1	0	17	45	0	16	46	0	0	0	0	0	0	1	0	371	12	1	30	0	1	0	0	0	74	0	0	0	72	0	0	0	0	0	0	0	0	37	[1C 1D 3B 3D 1B 1A 2A 2C 2D]	9	7
27	123456964	17	2	0	17	45	0	14	48	0	0	0	0	0	0	1	0	371	12	1	30	0	1	0	0	0	74	0	0	0	72	0	0	0	0	0	0	0	0	38	[1C 1D 3B 3D 1B 1A 2A 2C 2D]	9	7
28	123456964	17	2	0	17	45	0	13	49	0	0	0	0	0	0	1	0	371	12	1	30	0	1	0	0	0	74	0	0	0	72	0	0	0	0	0	0	0	0	38	[1C 1D 3B 3D 1B 1A 2A 2C 2D]	9	7
29	123456964	28	3	1	52	32	0	11	16	0	0	0	0	0	0	1	0	406	12	1	30	0	1	0	0	0	106	0	0	0	40	0	0	0	0	0	0	0	0	39	[1B 1A 2A 2C 2D]	5	6
30	123456964	27	2	3	52	32	0	9	18	0	0	0	0	0	0	1	0	406	12	1	30	0	1	0	0	0	106	0	0	0	40	0	0	0	0	0	0	0	0	39	[1B 1A 2A 2C 2D]	5	6
31	123456964	27	2	4	63	31	0	5	12	0	0	0	0	0	0	0	0	406	12	1	30	0	1	0	0	0	114	0	0	0	32	0	0	0	0	0	0	0	0	40	[1A 2A 2C 2D]	4	5
32	123456964	27	0	5	64	31	0	3	14	0	0	0	0	0	0	0	0	406	14	1	30	0	1	0	0	0	114	0	0	0	32	0	0	0	0	0	0	0	0	40	[1A 2A 2C 2D]	4	6
33	123456964	25	2	5	64	31	0	3	14	0	0	0	0	0	0	0	0	406	14	1	30	0	1	0	0	0	114	0	0	0	32	0	0	0	0	0	0	0	0	41	[1A 2A 2C 2D]	4	6
34	123456964	24	3	5	64	31	0	3	14	0	0	0	0	0	0	0	0	406	16	1	30	0	1	0	0	0	114	0	0	0	32	0	0	0	0	0	0	0	0	42	[1A 2A 2C 2D]	4	6
35	123456964	23	3	5	65	31	0	3	14	0	0	0	0	0	0	0	0	406	16	1	30	0	1	0	0	0	114	0	0	0	32	0	0	0	0	0	0	0	0	43	[1A 2A 2C 2D]	4	6
36	123456964	50	7	4	83	0	0	0	0	0	0	0	0	0	0	0	0	466	16	1	30	0	1	0	0	0	146	0	0	0	0	0	0	0	0	0	0	0	0	46	[]	0	3
37	123456964	48	9	4	83	0	0	0	0	0	0	0	0	0	0	0	0	466	16	1	30	0	1	0	0	0	146	0	0	0	0	0	0	0	0	0	0	0	0	48	[]	0	3
38	123456964	45	11	5	83	0	0	0	0	0	0	0	0	0	0	0	0	466	16	1	30	0	1	0	0	0	146	0	0	0	0	0	0	0	0	0	0	0	0	49	[]	0	3
39	123456964	43	11	7	83	0	0	0	0	0	0	0	0	0	0	0	0	466	16	1	30	0	1	0	0	0	146	0	0	0	0	0	0	0	0	0	0	0	0	49	[]	0	5
40	123456964	43	8	8	85	0	0	0	0	0	0	0	0	0	0	0	0	466	16	1	30	0	1	0	0	0	146	0	0	0	0	0	0	0	0	0	0	0	0	49	[]	0	5
41	123456964	42	6	10	86	0	0	0	0	0	0	0	0	0	0	0	0	466	17	1	30	0	1	0	0	0	146	0	0	0	0	0	0	0	0	0	0	0	0	50	[]	0	5
42	123456964	42	3	12	87	0	0	0	0	0	0	0	0	0	0	0	0	466	20	1	30	0	1	0	0	0	146	0	0	0	0	0	0	0	0	0	0	0	0	50	[]	0	8
43	123456964	32	9	11	80	2	0	3	7	0	0	0	0	0	0	0	0	545	20	1	33	0	1	0	0	0	138	0	0	0	8	0	0	0	0	0	0	0	0	53	[3C]	1	10
44	123456964	28	12	11	81	2	0	3	7	0	0	0	0	0	0	0	0	545	21	1	33	0	1	0	0	0	138	0	0	0	8	0	0	0	0	0	0	0	0	55	[3C]	1	10
45	123456964	28	8	13	83	2	0	1	9	0	0	0	0	0	0	0	0	545	23	1	33	0	1	0	0	0	138	0	0	0	8	0	0	0	0	0	0	0	0	55	[3C]	1	9
46	123456964	27	5	16	84	2	0	1	9	0	0	0	0	0	0	0	0	545	23	1	33	0	1	0	0	0	138	0	0	0	8	0	0	0	0	0	0	0	0	55	[3C]	1	9
47	123456964	23	7	15	75	2	0	2	19	0	0	0	0	0	0	1	0	564	24	2	34	0	2	0	0	0	130	0	0	0	16	0	0	0	0	0	0	0	0	55	[3C 3A]	2	9
48	123456964	23	6	14	77	2	0	2	19	0	0	0	0	0	0	0	1	564	24	2	34	0	2	0	0	0	130	0	0	0	16	0	0	0	0	0	0	0	0	55	[3C 3A]	2	10
49	123456964	23	4	16	77	2	0	2	19	0	0	0	0	0	0	0	1	564	24	2	34	0	2	0	0	0	130	0	0	0	16	0	0	0	0	0	0	0	0	55	[3C 3A]	2	10
50	123456964	17	4	11	64	5	2	7	33	0	0	0	0	0	0	0	1	652	24	2	39	0	2	0	0	0	114	0	0	0	32	0	0	0	0	0	0	0	0	56	[3C 3A 1D 2B]	4	10
51	123456964	14	4	8	58	6	2	10	40	0	0	1	0	0	0	0	1	671	25	2	42	1	2	0	0	0	106	0	0	0	40	0	0	0	0	0	0	0	0	57	[3C 3A 1D 2B 2D]	5	10
52	123456964	13	4	9	58	6	2	6	44	0	0	1	0	0	0	0	1	671	25	2	42	1	2	0	0	0	106	0	0	0	40	0	0	0	0	0	0	0	0	57	[3C 3A 1D 2B 2D]	5	8
53	123456964	13	3	9	59	6	2	5	45	0	0	1	0	0	0	0	1	671	25	2	42	1	2	0	0	0	106	0	0	0	40	0	0	0	0	0	0	0	0	57	[3C 3A 1D 2B 2D]	5	8
54	123456964	12	2	10	60	6	2	5	45	0	0	0	1	0	0	0	1	671	25	2	42	1	2	0	0	0	106	0	0	0	40	0	0	0	0	0	0	0	0	57	[3C 3A 1D 2B 2D]	5	8
55	123456964	12	2	8	62	6	1	6	45	0	0	0	1	0	0	0	1	671	26	2	42	1	2	0	0	0	106	0	0	0	40	0	0	0	0	0	0	0	0	57	[3C 3A 1D 2B 2D]	5	8
56	123456964	12	1	9	62	6	1	4	47	0	0	0	1	0	0	0	1	671	26	2	42	1	2	0	0	0	106	0	0	0	40	0	0	0	0	0	0	0	0	57	[3C 3A 1D 2B 2D]	5	8
57	123456964	11	1	4	67	7	1	5	46	0	0	0	1	0	0	0	1	749	26	2	45	1	2	0	0	0	106	0	0	0	40	0	0	0	0	0	0	0	0	57	[3A 1D 2B 2D 2C]	5	7
58	123456964	11	1	3	68	7	1	4	47	0	0	0	1	0	0	0	1	749	26	2	45	1	2	0	0	0	106	0	0	0	40	0	0	0	0	0	0	0	0	57	[3A 1D 2B 2D 2C]	5	5
59	123456964	11	1	3	68	7	0	5	47	0	0	0	1	0	0	0	1	749	26	2	45	1	2	0	0	0	106	0	0	0	40	0	0	0	0	0	0	0	0	57	[3A 1D 2B 2D 2C]	5	6
60	123456964	11	1	3	68	7	0	2	50	0	0	0	1	0	0	0	1	749	26	2	45	1	2	0	0	0	106	0	0	0	40	0	0	0	0	0	0	0	0	57	[3A 1D 2B 2D 2C]	5	4
