day	seedRun	susceptible	exposed	infected	removed	susceptible-in-quarantine	exposed-in-quarantine	infected-in-quarantine	removed-in-quarantine	susceptible-in-quarantine-external-1	exposed-in-quarantine-external-1	infected-in-quarantine-external-1	removed-in-quarantine-external-1	susceptible-in-quarantine-external-2	exposed-in-quarantine-external-2	infected-in-quarantine-external-2	removed-in-quarantine-external-2	num-of-screened-agents	num-of-screened-agents-external-1	num-of-screened-agents-external-2	num-of-positive-agents	num-of-positive-agents-external-1	num-of-positive-agents-external-2	num-vaccinated	num-immunized	num-immunized-in-quarantine	num-immunized-in-quarantine-external-1	num-immunized-in-quarantine-external-2	num-infected-outside	classroom-in-quarantine	num-of-classroom-in-quarantine	classroom-with-at-least-one-infected
0	123457210	215	0	0	0	0	0	0	0	0	0	0	0	0	0	0	0	0	0	0	0	0	0	146	75	0	0	0	0	[]	0	0
1	123457210	208	7	0	0	0	0	0	0	0	0	0	0	0	0	0	0	0	4	0	0	0	0	146	75	0	0	0	7	[]	0	0
2	123457210	194	19	2	0	0	0	0	0	0	0	0	0	0	0	0	0	0	7	0	0	0	0	146	75	0	0	0	10	[]	0	2
3	123457210	159	48	8	0	0	0	0	0	0	0	0	0	0	0	0	0	0	9	0	0	0	0	146	75	0	0	0	14	[]	0	4
4	123457210	119	72	23	1	0	0	0	0	0	0	0	0	0	0	0	0	0	10	0	0	0	0	146	75	0	0	0	16	[]	0	5
5	123457210	90	67	39	2	0	6	8	2	0	0	0	0	0	0	1	0	19	11	1	8	0	1	146	72	3	0	0	18	[1B]	1	8
6	123457210	90	40	34	2	0	13	24	9	0	0	1	0	0	0	2	0	57	15	2	25	1	2	146	64	11	0	0	18	[1B 2A 1C]	3	10
7	123457210	84	28	32	5	0	15	34	12	0	0	1	0	0	0	4	0	95	17	4	35	1	4	146	58	17	0	0	24	[1B 2A 1C 1D]	4	10
8	123457210	43	47	25	3	7	17	49	16	0	0	2	0	0	0	5	1	152	20	6	48	2	6	146	48	27	0	0	27	[1B 2A 1C 1D 2D 3D]	6	12
9	123457210	27	49	34	8	7	12	48	22	0	0	2	0	0	0	4	2	152	21	6	48	2	6	146	48	27	0	0	27	[1B 2A 1C 1D 2D 3D]	6	12
10	123457210	16	31	30	10	14	15	59	30	0	0	2	2	0	0	3	3	187	25	6	57	4	6	146	42	33	0	0	27	[1B 2A 1C 1D 2D 3D 3A 3B]	8	12
11	123457210	13	27	29	18	14	10	54	40	0	0	1	3	0	0	2	4	187	25	6	57	4	6	146	42	33	0	0	28	[1B 2A 1C 1D 2D 3D 3A 3B]	8	12
12	123457210	13	17	36	21	14	6	51	47	0	0	0	4	0	0	2	4	187	26	6	57	4	6	146	42	33	0	0	28	[1B 2A 1C 1D 2D 3D 3A 3B]	8	12
13	123457210	13	13	34	26	14	5	44	56	0	0	0	4	0	0	2	4	206	26	6	58	4	6	146	42	33	0	0	28	[1B 2A 1C 1D 2D 3D 3A 3B]	8	12
14	123457210	3	6	27	19	23	6	48	71	0	0	0	4	0	0	3	5	242	26	8	65	4	8	146	35	40	0	0	29	[1B 2A 1C 1D 2D 3D 3A 3B 2C 3C]	10	12
15	123457210	3	6	17	30	23	4	43	77	0	0	0	4	0	0	4	4	261	26	9	70	4	9	146	34	41	0	0	29	[2A 1C 1D 2D 3D 3A 3B 2C 3C 2B]	10	11
16	123457210	3	5	14	66	23	4	30	60	0	0	0	3	0	0	4	3	261	27	9	70	4	9	146	42	33	0	0	29	[1D 2D 3D 3A 3B 2C 3C 2B]	8	9
17	123457210	3	4	14	81	23	3	27	51	0	0	0	3	0	0	3	3	261	28	9	70	4	9	146	48	27	0	0	29	[2D 3D 3A 3B 2C 3C 2B]	7	8
18	123457210	10	3	14	105	16	2	17	41	0	0	0	2	0	0	3	2	261	29	9	70	4	9	146	58	17	0	0	29	[3A 3B 2C 3C 2B]	5	6
19	123457210	10	3	11	108	16	0	16	44	0	0	0	2	0	0	3	2	261	30	9	70	4	9	146	58	17	0	0	29	[3A 3B 2C 3C 2B]	5	6
20	123457210	17	1	13	135	9	0	9	27	0	0	0	0	0	0	2	2	261	31	9	70	4	9	146	64	11	0	0	29	[2C 3C 2B]	3	4
21	123457210	17	1	13	135	9	0	6	30	0	0	0	0	0	0	2	2	261	32	9	70	4	9	146	64	11	0	0	29	[2C 3C 2B]	3	3
22	123457210	17	1	11	137	9	0	6	30	0	0	0	0	0	0	2	2	261	32	9	70	4	9	146	64	11	0	0	29	[2C 3C 2B]	3	3
23	123457210	17	1	10	138	9	0	5	31	0	0	0	0	0	0	2	2	261	34	9	70	4	9	146	64	11	0	0	29	[2C 3C 2B]	3	3
24	123457210	25	2	8	164	0	0	0	15	0	0	0	0	0	0	1	0	261	36	9	70	4	9	146	71	4	0	0	30	[2B]	1	2
25	123457210	22	5	6	182	0	0	0	0	0	0	0	0	0	0	0	0	261	37	9	70	4	9	146	75	0	0	0	30	[]	0	1
26	123457210	21	4	7	183	0	0	0	0	0	0	0	0	0	0	0	0	261	39	9	70	4	9	146	75	0	0	0	30	[]	0	2
27	123457210	21	2	7	185	0	0	0	0	0	0	0	0	0	0	0	0	261	40	9	70	4	9	146	75	0	0	0	30	[]	0	2
28	123457210	21	2	6	186	0	0	0	0	0	0	0	0	0	0	0	0	261	42	9	70	4	9	146	75	0	0	0	30	[]	0	2
29	123457210	18	3	4	188	0	0	1	0	0	0	0	0	0	0	1	0	280	45	10	71	4	10	146	75	0	0	0	31	[]	0	2
30	123457210	16	4	3	190	0	0	1	0	0	0	0	0	0	0	1	0	280	47	10	71	4	10	146	75	0	0	0	31	[]	0	3
31	123457210	14	6	2	190	0	0	1	0	0	0	0	0	0	0	2	0	299	47	11	71	4	11	146	75	0	0	0	31	[]	0	3
32	123457210	12	7	3	190	0	0	1	0	0	0	0	0	0	0	2	0	299	48	11	71	4	11	146	75	0	0	0	32	[]	0	3
33	123457210	11	5	5	191	0	0	1	0	0	0	0	0	0	0	2	0	299	51	11	71	4	11	146	75	0	0	0	32	[]	0	4
34	123457210	11	1	8	192	0	0	1	0	0	0	0	0	0	0	1	1	317	53	11	71	4	11	146	75	0	0	0	32	[]	0	4
35	123457210	11	1	8	192	0	0	1	0	0	0	0	0	0	0	1	1	317	54	11	71	4	11	146	75	0	0	0	32	[]	0	4
36	123457210	5	7	7	192	0	0	2	0	0	0	0	0	0	0	1	1	336	54	11	72	4	11	146	75	0	0	0	32	[]	0	4
37	123457210	5	5	2	185	0	0	8	7	0	0	0	0	0	0	2	1	355	56	12	78	4	12	146	69	6	0	0	32	[2D]	1	4
38	123457210	4	6	1	186	0	0	6	9	0	0	0	0	0	0	2	1	355	58	12	78	4	12	146	69	6	0	0	32	[2D]	1	4
39	123457210	2	8	1	188	0	0	5	9	0	0	0	0	0	0	1	1	355	60	12	78	4	12	146	69	6	0	0	32	[2D]	1	3
40	123457210	2	7	2	188	0	0	4	10	0	0	0	0	0	0	0	2	355	62	12	78	4	12	146	69	6	0	0	32	[2D]	1	3
41	123457210	2	6	2	190	0	0	4	10	0	0	0	0	0	0	0	1	355	63	12	78	4	12	146	69	6	0	0	32	[2D]	1	3
42	123457210	1	4	1	190	0	0	7	10	0	0	1	0	0	0	0	1	374	65	12	81	5	12	146	69	6	0	0	33	[2D]	1	3
43	123457210	1	2	3	190	0	0	7	10	0	0	1	0	0	0	0	1	374	66	12	81	5	12	146	69	6	0	0	33	[2D]	1	3
44	123457210	1	1	4	190	0	0	5	12	0	0	1	0	0	0	0	1	374	67	12	81	5	12	146	69	6	0	0	33	[2D]	1	3
45	123457210	1	1	4	190	0	0	5	12	0	0	1	0	0	0	0	1	374	68	12	81	5	12	146	69	6	0	0	33	[2D]	1	3
46	123457210	1	1	2	193	0	0	2	14	0	0	1	0	0	0	0	1	374	69	12	81	5	12	146	69	6	0	0	33	[2D]	1	2
47	123457210	1	1	2	207	0	0	1	2	0	0	1	0	0	0	0	0	374	71	12	81	5	12	146	75	0	0	0	33	[]	0	1
48	123457210	1	1	2	207	0	0	1	2	0	0	1	0	0	0	0	0	374	72	12	81	5	12	146	75	0	0	0	33	[]	0	1
49	123457210	1	1	2	207	0	0	1	2	0	0	1	0	0	0	0	0	374	77	12	81	5	12	146	75	0	0	0	33	[]	0	1
50	123457210	0	2	2	207	0	0	1	2	0	0	1	0	0	0	0	0	374	77	12	81	5	12	146	75	0	0	0	34	[]	0	1
51	123457210	0	2	2	207	0	0	0	3	0	0	1	0	0	0	0	0	374	79	12	81	5	12	146	75	0	0	0	34	[]	0	1
52	123457210	0	1	1	211	0	0	1	0	0	0	0	0	0	0	1	0	393	80	13	82	5	13	146	75	0	0	0	34	[]	0	1
53	123457210	0	1	1	211	0	0	1	0	0	0	0	0	0	0	1	0	393	80	13	82	5	13	146	75	0	0	0	34	[]	0	1
54	123457210	0	1	1	211	0	0	1	0	0	0	0	0	0	0	1	0	393	82	13	82	5	13	146	75	0	0	0	34	[]	0	1
55	123457210	0	1	1	211	0	0	1	0	0	0	0	0	0	0	1	0	393	87	13	82	5	13	146	75	0	0	0	34	[]	0	1
56	123457210	0	1	1	211	0	0	1	0	0	0	0	0	0	0	1	0	393	89	13	82	5	13	146	75	0	0	0	34	[]	0	1
57	123457210	0	1	1	211	0	0	1	0	0	0	0	0	0	0	1	0	393	90	13	82	5	13	146	75	0	0	0	34	[]	0	1
58	123457210	0	0	2	211	0	0	1	0	0	0	0	0	0	0	1	0	393	92	13	82	5	13	146	75	0	0	0	34	[]	0	1
59	123457210	0	0	2	211	0	0	1	0	0	0	0	0	0	0	1	0	393	93	13	82	5	13	146	75	0	0	0	34	[]	0	1
60	123457210	0	0	2	211	0	0	1	0	0	0	0	0	0	0	0	1	393	95	13	82	5	13	146	75	0	0	0	34	[]	0	1
