day	seedRun	susceptible	exposed	infected	removed	susceptible-in-quarantine	exposed-in-quarantine	infected-in-quarantine	removed-in-quarantine	susceptible-in-quarantine-external-1	exposed-in-quarantine-external-1	infected-in-quarantine-external-1	removed-in-quarantine-external-1	susceptible-in-quarantine-external-2	exposed-in-quarantine-external-2	infected-in-quarantine-external-2	removed-in-quarantine-external-2	num-of-screened-agents	num-of-screened-agents-external-1	num-of-screened-agents-external-2	num-of-positive-agents	num-of-positive-agents-external-1	num-of-positive-agents-external-2	num-vaccinated	num-immunized	num-immunized-in-quarantine	num-immunized-in-quarantine-external-1	num-immunized-in-quarantine-external-2	num-infected-outside	classroom-in-quarantine	num-of-classroom-in-quarantine	classroom-with-at-least-one-infected
0	123456851	226	0	0	0	0	0	0	0	0	0	0	0	0	0	0	0	0	0	0	0	0	0	146	64	0	0	0	0	[]	0	0
1	123456851	224	2	0	0	0	0	0	0	0	0	0	0	0	0	0	0	0	0	0	0	0	0	146	64	0	0	0	2	[]	0	0
2	123456851	208	17	1	0	0	0	0	0	0	0	0	0	0	0	0	0	0	4	0	0	0	0	146	64	0	0	0	11	[]	0	1
3	123456851	181	38	7	0	0	0	0	0	0	0	0	0	0	0	0	0	0	4	0	0	0	0	146	64	0	0	0	18	[]	0	3
4	123456851	148	61	15	2	0	0	0	0	0	0	0	0	0	0	0	0	0	6	0	0	0	0	146	64	0	0	0	22	[]	0	4
5	123456851	123	66	21	0	0	3	8	3	0	0	2	0	0	0	0	0	38	11	0	8	2	0	146	59	5	0	0	25	[2B]	1	7
6	123456851	119	36	20	2	0	21	20	4	0	0	2	0	0	0	2	0	76	12	2	20	2	2	146	52	12	0	0	29	[2B 3B 2A]	3	9
7	123456851	115	22	22	0	0	23	30	8	0	0	1	1	0	0	3	1	113	15	4	27	2	4	146	49	15	0	0	33	[2B 3B 2A 3D]	4	11
8	123456851	81	51	18	4	0	14	36	14	0	0	1	2	0	0	4	1	151	18	5	30	3	5	146	49	15	0	0	36	[2B 3B 2A 3D]	4	11
9	123456851	67	52	28	7	0	11	38	15	0	0	1	2	0	0	3	2	151	19	5	30	3	5	146	49	15	0	0	39	[2B 3B 2A 3D]	4	11
10	123456851	62	37	26	8	0	13	53	18	0	0	1	2	0	0	4	2	188	20	6	43	3	6	146	48	16	0	0	40	[2B 3B 2A 3D 1A]	5	11
11	123456851	55	28	41	9	0	5	51	28	0	0	1	2	0	0	3	3	188	20	6	43	3	6	146	48	16	0	0	41	[2B 3B 2A 3D 1A]	5	11
12	123456851	51	22	37	6	0	7	46	47	0	0	2	2	0	0	3	3	207	21	6	50	4	6	146	45	19	0	0	41	[2B 3B 2A 3D 1A 3C]	6	11
13	123456851	45	10	11	4	6	9	65	64	0	0	2	2	0	0	5	3	280	22	8	71	4	8	146	33	31	0	0	41	[2B 3B 2A 3D 1A 3C 3A 1C 2C]	9	12
14	123456851	45	6	11	5	6	6	63	71	0	0	2	2	0	0	6	3	299	22	9	73	4	9	146	33	31	0	0	41	[2B 3B 2A 3D 1A 3C 3A 1C 2C]	9	12
15	123456851	35	14	12	22	6	3	55	68	0	0	1	1	0	0	6	3	299	22	9	73	4	9	146	38	26	0	0	43	[3B 2A 3D 1A 3C 3A 1C 2C]	8	11
16	123456851	33	13	15	55	6	2	43	50	0	0	0	2	0	0	6	1	299	22	9	73	4	9	146	45	19	0	0	43	[3D 1A 3C 3A 1C 2C]	6	9
17	123456851	29	13	18	74	6	2	34	43	0	0	0	2	0	0	5	0	299	23	9	73	4	9	146	48	16	0	0	44	[1A 3C 3A 1C 2C]	5	8
18	123456851	21	17	22	76	6	0	35	43	0	0	0	2	0	0	3	1	299	26	9	73	4	9	146	48	16	0	0	45	[1A 3C 3A 1C 2C]	5	8
19	123456851	7	12	15	75	15	0	47	48	0	0	0	2	0	0	3	2	333	27	10	85	4	10	146	40	24	0	0	45	[1A 3C 3A 1C 2C 1B 2D]	7	8
20	123456851	7	1	9	93	15	9	39	46	0	0	0	2	0	0	4	1	351	29	11	89	4	11	146	40	24	0	0	45	[3C 3A 1C 2C 1B 2D 1D]	7	7
21	123456851	7	0	9	94	15	8	35	51	0	0	0	2	0	0	4	1	351	29	11	89	4	11	146	40	24	0	0	45	[3C 3A 1C 2C 1B 2D 1D]	7	7
22	123456851	7	0	9	111	15	5	32	41	0	0	0	1	0	0	3	2	351	30	11	89	4	11	146	43	21	0	0	45	[3A 1C 2C 1B 2D 1D]	6	6
23	123456851	13	0	9	153	9	2	19	18	0	0	0	0	0	0	0	3	351	31	11	89	4	11	146	55	9	0	0	45	[1B 2D 1D]	3	3
24	123456851	13	0	8	154	9	2	19	18	0	0	0	0	0	0	0	3	351	33	11	89	4	11	146	55	9	0	0	45	[1B 2D 1D]	3	3
25	123456851	12	1	7	155	9	1	14	24	0	0	0	0	0	0	0	3	351	34	11	89	4	11	146	55	9	0	0	46	[1B 2D 1D]	3	3
26	123456851	10	2	3	160	9	1	11	27	0	0	0	0	0	0	0	3	351	35	11	89	4	11	146	55	9	0	0	46	[1B 2D 1D]	3	4
27	123456851	10	1	3	161	9	1	10	28	0	0	0	0	0	0	0	3	351	35	11	89	4	11	146	55	9	0	0	46	[1B 2D 1D]	3	4
28	123456851	10	1	2	162	9	1	10	28	0	0	0	0	0	0	0	3	351	36	11	89	4	11	146	55	9	0	0	46	[1B 2D 1D]	3	4
29	123456851	16	4	2	185	0	0	4	14	0	0	0	0	0	0	0	1	351	38	11	89	4	11	146	63	1	0	0	48	[1D]	1	2
30	123456851	11	6	3	206	0	0	0	0	0	0	0	0	0	0	0	0	351	42	11	89	4	11	146	64	0	0	0	48	[]	0	2
31	123456851	8	7	5	206	0	0	0	0	0	0	0	0	0	0	0	0	351	45	11	89	4	11	146	64	0	0	0	49	[]	0	2
32	123456851	6	8	6	206	0	0	0	0	0	0	0	0	0	0	0	0	351	48	11	89	4	11	146	64	0	0	0	49	[]	0	2
33	123456851	6	6	4	207	0	0	2	0	0	0	0	0	0	0	1	0	370	48	12	91	4	12	146	64	0	0	0	49	[]	0	2
34	123456851	5	5	5	208	0	0	1	1	0	0	0	0	0	0	1	0	370	53	12	91	4	12	146	64	0	0	0	50	[]	0	2
35	123456851	3	6	5	209	0	0	0	2	0	0	0	0	0	0	1	0	370	58	12	91	4	12	146	64	0	0	0	52	[]	0	2
36	123456851	3	4	6	210	0	0	0	2	0	0	0	0	0	0	0	1	370	59	12	91	4	12	146	64	0	0	0	52	[]	0	2
37	123456851	3	3	7	210	0	0	0	2	0	0	0	0	0	0	0	1	370	61	12	91	4	12	146	64	0	0	0	52	[]	0	2
38	123456851	3	1	4	202	0	1	3	11	0	0	0	0	0	0	0	1	387	63	12	93	4	12	146	60	4	0	0	52	[1B]	1	2
39	123456851	3	1	4	202	0	1	3	11	0	0	0	0	0	0	0	1	387	65	12	93	4	12	146	60	4	0	0	52	[1B]	1	2
40	123456851	3	0	5	202	0	1	2	12	0	0	0	0	0	0	0	1	387	67	12	93	4	12	146	60	4	0	0	52	[1B]	1	2
41	123456851	2	1	4	203	0	0	3	12	0	0	0	0	0	0	0	1	387	70	12	93	4	12	146	60	4	0	0	53	[1B]	1	2
42	123456851	2	1	3	204	0	0	2	13	0	0	0	0	0	0	0	1	387	70	12	93	4	12	146	60	4	0	0	53	[1B]	1	2
43	123456851	2	1	3	204	0	0	1	14	0	0	0	0	0	0	0	1	387	74	12	93	4	12	146	60	4	0	0	53	[1B]	1	2
44	123456851	2	1	3	204	0	0	1	14	0	0	0	0	0	0	0	1	387	76	12	93	4	12	146	60	4	0	0	53	[1B]	1	2
45	123456851	1	2	3	204	0	0	1	14	0	0	0	0	0	0	0	1	387	77	12	93	4	12	146	60	4	0	0	53	[1B]	1	2
46	123456851	1	0	5	204	0	0	1	14	0	0	0	0	0	0	0	1	387	79	12	93	4	12	146	60	4	0	0	53	[1B]	1	2
47	123456851	1	0	4	205	0	0	0	15	0	0	0	0	0	0	0	1	387	80	12	93	4	12	146	60	4	0	0	53	[1B]	1	1
48	123456851	1	0	2	223	0	0	0	0	0	0	0	0	0	0	0	0	387	82	12	93	4	12	146	64	0	0	0	53	[]	0	0
49	123456851	1	0	1	224	0	0	0	0	0	0	0	0	0	0	0	0	387	83	12	93	4	12	146	64	0	0	0	53	[]	0	0
50	123456851	1	0	0	225	0	0	0	0	0	0	0	0	0	0	0	0	387	85	12	93	4	12	146	64	0	0	0	53	[]	0	0
51	123456851	1	0	0	225	0	0	0	0	0	0	0	0	0	0	0	0	387	86	12	93	4	12	146	64	0	0	0	53	[]	0	0
52	123456851	1	0	0	225	0	0	0	0	0	0	0	0	0	0	0	0	387	88	12	93	4	12	146	64	0	0	0	53	[]	0	0
53	123456851	1	0	0	225	0	0	0	0	0	0	0	0	0	0	0	0	387	90	12	93	4	12	146	64	0	0	0	53	[]	0	0
54	123456851	1	0	0	225	0	0	0	0	0	0	0	0	0	0	0	0	387	92	12	93	4	12	146	64	0	0	0	53	[]	0	0
55	123456851	1	0	0	225	0	0	0	0	0	0	0	0	0	0	0	0	387	94	12	93	4	12	146	64	0	0	0	53	[]	0	0
56	123456851	1	0	0	225	0	0	0	0	0	0	0	0	0	0	0	0	387	95	12	93	4	12	146	64	0	0	0	53	[]	0	0
57	123456851	1	0	0	225	0	0	0	0	0	0	0	0	0	0	0	0	387	95	12	93	4	12	146	64	0	0	0	53	[]	0	0
58	123456851	1	0	0	225	0	0	0	0	0	0	0	0	0	0	0	0	387	97	12	93	4	12	146	64	0	0	0	53	[]	0	0
59	123456851	1	0	0	225	0	0	0	0	0	0	0	0	0	0	0	0	387	98	12	93	4	12	146	64	0	0	0	53	[]	0	0
60	123456851	1	0	0	225	0	0	0	0	0	0	0	0	0	0	0	0	387	99	12	93	4	12	146	64	0	0	0	53	[]	0	0
