day	seedRun	susceptible	exposed	infected	removed	susceptible-in-quarantine	exposed-in-quarantine	infected-in-quarantine	removed-in-quarantine	susceptible-in-quarantine-external-1	exposed-in-quarantine-external-1	infected-in-quarantine-external-1	removed-in-quarantine-external-1	susceptible-in-quarantine-external-2	exposed-in-quarantine-external-2	infected-in-quarantine-external-2	removed-in-quarantine-external-2	num-of-screened-agents	num-of-screened-agents-external-1	num-of-screened-agents-external-2	num-of-positive-agents	num-of-positive-agents-external-1	num-of-positive-agents-external-2	num-vaccinated-susceptible	num-vaccinated-exposed	num-vaccinated-infected	num-vaccinated-removed	num-vaccinated-susceptible-in-quarantine	num-vaccinated-exposed-in-quarantine	num-vaccinated-infected-in-quarantine	num-vaccinated-removed-in-quarantine	num-vaccinated-susceptible-in-quarantine-external-1	num-vaccinated-exposed-in-quarantine-external-1	num-vaccinated-infected-in-quarantine-external-1	num-vaccinated-removed-in-quarantine-external-1	num-vaccinated-susceptible-in-quarantine-external-2	num-vaccinated-exposed-in-quarantine-external-2	num-vaccinated-infected-in-quarantine-external-2	num-vaccinated-removed-in-quarantine-external-2	num-infected-outside	classroom-in-quarantine	num-of-classroom-in-quarantine	classroom-with-at-least-one-infected
0	123457084	72	0	0	0	0	0	0	0	0	0	0	0	0	0	0	0	0	0	0	0	0	0	0	0	0	218	0	0	0	0	0	0	0	0	0	0	0	0	0	[]	0	0
1	123457084	68	4	0	0	0	0	0	0	0	0	0	0	0	0	0	0	60	0	0	0	0	0	0	0	0	218	0	0	0	0	0	0	0	0	0	0	0	0	4	[]	0	0
2	123457084	63	7	2	0	0	0	0	0	0	0	0	0	0	0	0	0	60	1	0	0	0	0	0	0	0	218	0	0	0	0	0	0	0	0	0	0	0	0	9	[]	0	2
3	123457084	59	9	4	0	0	0	0	0	0	0	0	0	0	0	0	0	60	2	0	0	0	0	0	0	0	218	0	0	0	0	0	0	0	0	0	0	0	0	10	[]	0	4
4	123457084	54	10	8	0	0	0	0	0	0	0	0	0	0	0	0	0	60	3	0	0	0	0	0	0	0	218	0	0	0	0	0	0	0	0	0	0	0	0	13	[]	0	7
5	123457084	46	16	10	0	0	0	0	0	0	0	0	0	0	0	0	0	60	4	0	0	0	0	0	0	0	218	0	0	0	0	0	0	0	0	0	0	0	0	15	[]	0	8
6	123457084	39	13	12	2	4	0	1	0	0	0	1	0	0	0	0	0	79	5	0	1	1	0	0	0	0	204	0	0	0	14	0	0	0	0	0	0	0	0	18	[3B]	1	8
7	123457084	38	12	13	3	4	0	1	0	0	0	1	0	0	0	0	0	79	5	0	1	1	0	0	0	0	204	0	0	0	14	0	0	0	0	0	0	0	0	19	[3B]	1	8
8	123457084	29	11	9	3	8	2	9	0	0	0	1	0	0	0	0	0	210	5	0	9	1	0	0	0	0	176	0	0	0	42	0	0	0	0	0	0	0	0	21	[3B 1D 3D]	3	10
9	123457084	26	10	11	5	8	2	7	2	0	0	1	0	0	0	0	0	210	5	0	9	1	0	0	0	0	176	0	0	0	42	0	0	0	0	0	0	0	0	23	[3B 1D 3D]	3	9
10	123457084	23	9	13	7	8	2	7	2	0	0	1	0	0	0	0	0	210	5	0	9	1	0	0	0	0	176	0	0	0	42	0	0	0	0	0	0	0	0	23	[3B 1D 3D]	3	10
11	123457084	20	11	13	8	8	2	5	4	0	0	1	0	0	0	0	0	210	5	0	9	1	0	0	0	0	176	0	0	0	42	0	0	0	0	0	0	0	0	23	[3B 1D 3D]	3	10
12	123457084	19	10	13	10	8	2	5	4	0	0	1	0	0	0	0	0	210	6	0	9	1	0	0	0	0	176	0	0	0	42	0	0	0	0	0	0	0	0	24	[3B 1D 3D]	3	10
13	123457084	13	9	12	8	12	2	9	6	0	0	1	0	0	0	0	0	248	6	0	12	1	0	0	0	0	148	0	0	0	70	0	0	0	0	0	0	0	0	26	[3B 1D 3D 2D 3C]	5	10
14	123457084	12	7	14	9	12	2	8	7	0	0	1	0	0	0	0	0	248	6	0	12	1	0	0	0	0	148	0	0	0	70	0	0	0	0	0	0	0	0	27	[3B 1D 3D 2D 3C]	5	12
15	123457084	11	4	7	7	13	2	14	13	0	0	1	0	0	0	0	0	340	6	0	19	1	0	0	0	0	120	0	0	0	98	0	0	0	0	0	0	0	0	27	[3B 1D 3D 2D 3C 2A 2C]	7	12
16	123457084	8	5	9	7	13	2	11	16	0	0	1	0	0	0	0	0	340	6	0	19	1	0	0	0	0	120	0	0	0	98	0	0	0	0	0	0	0	0	27	[3B 1D 3D 2D 3C 2A 2C]	7	12
17	123457084	6	6	9	8	13	2	8	19	0	0	1	0	0	0	0	0	340	7	0	19	1	0	0	0	0	120	0	0	0	98	0	0	0	0	0	0	0	0	27	[3B 1D 3D 2D 3C 2A 2C]	7	11
18	123457084	6	6	7	10	13	2	6	21	0	0	1	0	0	0	0	0	340	7	0	19	1	0	0	0	0	120	0	0	0	98	0	0	0	0	0	0	0	0	27	[3B 1D 3D 2D 3C 2A 2C]	7	10
19	123457084	5	5	8	11	13	2	5	22	0	0	1	0	0	0	0	0	340	9	0	19	1	0	0	0	0	120	0	0	0	98	0	0	0	0	0	0	0	0	27	[3B 1D 3D 2D 3C 2A 2C]	7	9
20	123457084	6	4	6	14	12	2	6	22	0	0	0	0	0	0	0	0	359	9	0	20	1	0	0	0	0	120	0	0	0	98	0	0	0	0	0	0	0	0	27	[1D 3D 2D 3C 2A 2C 3A]	7	7
21	123457084	6	3	7	14	12	2	6	22	0	0	0	0	0	0	0	0	359	10	0	20	1	0	0	0	0	120	0	0	0	98	0	0	0	0	0	0	0	0	27	[1D 3D 2D 3C 2A 2C 3A]	7	7
22	123457084	10	3	5	24	8	2	4	16	0	0	0	0	0	0	0	0	394	10	0	20	1	0	0	0	0	148	0	0	0	70	0	0	0	0	0	0	0	0	27	[2D 3C 2A 2C 3A]	5	6
23	123457084	7	4	6	25	8	0	5	17	0	0	0	0	0	0	0	0	394	10	0	20	1	0	0	0	0	148	0	0	0	70	0	0	0	0	0	0	0	0	30	[2D 3C 2A 2C 3A]	5	7
24	123457084	7	4	6	25	8	0	4	18	0	0	0	0	0	0	0	0	394	10	0	20	1	0	0	0	0	148	0	0	0	70	0	0	0	0	0	0	0	0	30	[2D 3C 2A 2C 3A]	5	6
25	123457084	7	3	7	25	8	0	4	18	0	0	0	0	0	0	0	0	394	10	0	20	1	0	0	0	0	148	0	0	0	70	0	0	0	0	0	0	0	0	30	[2D 3C 2A 2C 3A]	5	7
26	123457084	6	3	7	26	8	0	3	19	0	0	0	0	0	0	0	0	394	11	0	20	1	0	0	0	0	148	0	0	0	70	0	0	0	0	0	0	0	0	30	[2D 3C 2A 2C 3A]	5	6
27	123457084	10	2	7	35	4	0	1	13	0	0	0	0	0	0	0	0	394	11	0	20	1	0	0	0	0	176	0	0	0	42	0	0	0	0	0	0	0	0	30	[2A 2C 3A]	3	4
28	123457084	10	1	8	35	4	0	1	13	0	0	0	0	0	0	0	0	394	11	0	20	1	0	0	0	0	176	0	0	0	42	0	0	0	0	0	0	0	0	30	[2A 2C 3A]	3	5
29	123457084	9	0	1	38	5	1	5	11	0	0	1	0	0	0	1	0	477	13	1	25	2	1	0	0	0	162	0	0	0	56	0	0	0	0	0	0	0	0	30	[3A 1A 1C 3B]	4	4
30	123457084	9	0	1	38	5	1	5	11	0	0	1	0	0	0	1	0	477	13	1	25	2	1	0	0	0	162	0	0	0	56	0	0	0	0	0	0	0	0	30	[3A 1A 1C 3B]	4	4
31	123457084	7	2	1	38	5	1	5	11	0	0	1	0	0	0	1	0	477	14	1	25	2	1	0	0	0	162	0	0	0	56	0	0	0	0	0	0	0	0	31	[3A 1A 1C 3B]	4	4
32	123457084	5	4	1	38	5	1	5	11	0	0	1	0	0	0	1	0	477	14	1	25	2	1	0	0	0	162	0	0	0	56	0	0	0	0	0	0	0	0	33	[3A 1A 1C 3B]	4	4
33	123457084	4	5	1	38	5	1	4	12	0	0	1	0	0	0	1	0	477	14	1	25	2	1	0	0	0	162	0	0	0	56	0	0	0	0	0	0	0	0	34	[3A 1A 1C 3B]	4	4
34	123457084	6	5	2	41	2	0	4	10	0	0	1	0	0	0	1	0	477	18	1	25	2	1	0	0	0	176	0	0	0	42	0	0	0	0	0	0	0	0	35	[1A 1C 3B]	3	5
35	123457084	6	5	2	41	2	0	4	10	0	0	1	0	0	0	1	0	477	20	1	25	2	1	0	0	0	176	0	0	0	42	0	0	0	0	0	0	0	0	35	[1A 1C 3B]	3	5
36	123457084	6	2	2	41	2	0	7	10	0	0	1	0	0	0	0	1	579	22	1	28	2	1	0	0	0	176	0	0	0	42	0	0	0	0	0	0	0	0	35	[1A 1C 3B]	3	8
37	123457084	6	2	2	41	2	0	7	10	0	0	1	0	0	0	0	1	579	22	1	28	2	1	0	0	0	176	0	0	0	42	0	0	0	0	0	0	0	0	35	[1A 1C 3B]	3	8
38	123457084	6	2	2	41	2	0	7	10	0	0	1	0	0	0	0	1	579	23	1	28	2	1	0	0	0	176	0	0	0	42	0	0	0	0	0	0	0	0	35	[1A 1C 3B]	3	8
39	123457084	6	0	4	41	2	0	4	13	0	0	1	0	0	0	0	1	579	23	1	28	2	1	0	0	0	176	0	0	0	42	0	0	0	0	0	0	0	0	35	[1A 1C 3B]	3	6
40	123457084	5	1	3	42	2	0	3	14	0	0	1	0	0	0	0	1	579	24	1	28	2	1	0	0	0	176	0	0	0	42	0	0	0	0	0	0	0	0	36	[1A 1C 3B]	3	6
41	123457084	5	1	3	42	2	0	3	14	0	0	1	0	0	0	0	1	598	25	1	28	2	1	0	0	0	176	0	0	0	42	0	0	0	0	0	0	0	0	36	[1A 1C 3B]	3	6
42	123457084	4	2	3	42	2	0	1	16	0	0	1	0	0	0	0	1	598	25	1	28	2	1	0	0	0	176	0	0	0	42	0	0	0	0	0	0	0	0	37	[1A 1C 3B]	3	4
43	123457084	6	2	2	59	0	0	1	2	0	0	0	0	0	0	0	0	655	26	1	28	2	1	0	0	0	218	0	0	0	0	0	0	0	0	0	0	0	0	37	[]	0	2
44	123457084	4	3	1	55	0	0	2	6	0	0	0	0	0	0	1	0	674	26	2	29	2	2	0	0	0	204	0	0	0	14	0	0	0	0	0	0	0	0	39	[1D]	1	2
45	123457084	4	1	3	55	0	0	2	6	0	0	0	0	0	0	1	0	674	27	2	29	2	2	0	0	0	204	0	0	0	14	0	0	0	0	0	0	0	0	39	[1D]	1	4
46	123457084	4	1	3	55	0	0	1	7	0	0	0	0	0	0	1	0	674	28	2	29	2	2	0	0	0	204	0	0	0	14	0	0	0	0	0	0	0	0	39	[1D]	1	4
47	123457084	4	1	3	55	0	0	1	7	0	0	0	0	0	0	1	0	674	28	2	29	2	2	0	0	0	204	0	0	0	14	0	0	0	0	0	0	0	0	39	[1D]	1	4
48	123457084	4	1	2	56	0	0	1	7	0	0	0	0	0	0	1	0	674	29	2	29	2	2	0	0	0	204	0	0	0	14	0	0	0	0	0	0	0	0	39	[1D]	1	3
49	123457084	3	1	3	56	0	0	1	7	0	0	0	0	0	0	1	0	674	29	2	29	2	2	0	0	0	204	0	0	0	14	0	0	0	0	0	0	0	0	40	[1D]	1	4
50	123457084	3	1	0	61	0	0	2	4	0	0	0	0	0	0	1	0	748	30	2	30	2	2	0	0	0	204	0	0	0	14	0	0	0	0	0	0	0	0	40	[1D]	1	2
51	123457084	3	0	1	61	0	0	2	4	0	0	0	0	0	0	1	0	748	31	2	30	2	2	0	0	0	204	0	0	0	14	0	0	0	0	0	0	0	0	40	[1D]	1	3
52	123457084	3	0	1	61	0	0	2	4	0	0	0	0	0	0	1	0	748	31	2	30	2	2	0	0	0	204	0	0	0	14	0	0	0	0	0	0	0	0	40	[1D]	1	3
53	123457084	3	0	1	61	0	0	2	4	0	0	0	0	0	0	1	0	748	32	2	30	2	2	0	0	0	204	0	0	0	14	0	0	0	0	0	0	0	0	40	[1D]	1	3
54	123457084	3	0	1	61	0	0	2	4	0	0	0	0	0	0	1	0	748	32	2	30	2	2	0	0	0	204	0	0	0	14	0	0	0	0	0	0	0	0	40	[1D]	1	3
55	123457084	3	0	1	61	0	0	2	4	0	0	0	0	0	0	1	0	748	32	2	30	2	2	0	0	0	204	0	0	0	14	0	0	0	0	0	0	0	0	40	[1D]	1	3
56	123457084	3	0	1	61	0	0	2	4	0	0	0	0	0	0	1	0	748	34	2	30	2	2	0	0	0	204	0	0	0	14	0	0	0	0	0	0	0	0	40	[1D]	1	3
57	123457084	3	0	1	61	0	0	1	5	0	0	0	0	0	0	1	0	802	35	2	30	2	2	0	0	0	204	0	0	0	14	0	0	0	0	0	0	0	0	40	[1D]	1	3
58	123457084	3	0	1	67	0	0	1	0	0	0	0	0	0	0	0	0	802	35	2	30	2	2	0	0	0	218	0	0	0	0	0	0	0	0	0	0	0	0	40	[]	0	2
59	123457084	3	0	1	67	0	0	1	0	0	0	0	0	0	0	0	0	802	37	2	30	2	2	0	0	0	218	0	0	0	0	0	0	0	0	0	0	0	0	40	[]	0	2
60	123457084	3	0	0	68	0	0	1	0	0	0	0	0	0	0	0	0	802	37	2	30	2	2	0	0	0	218	0	0	0	0	0	0	0	0	0	0	0	0	40	[]	0	1
