day	seedRun	susceptible	exposed	infected	removed	susceptible-in-quarantine	exposed-in-quarantine	infected-in-quarantine	removed-in-quarantine	susceptible-in-quarantine-external-1	exposed-in-quarantine-external-1	infected-in-quarantine-external-1	removed-in-quarantine-external-1	susceptible-in-quarantine-external-2	exposed-in-quarantine-external-2	infected-in-quarantine-external-2	removed-in-quarantine-external-2	num-of-screened-agents	num-of-screened-agents-external-1	num-of-screened-agents-external-2	num-of-positive-agents	num-of-positive-agents-external-1	num-of-positive-agents-external-2	num-vaccinated	num-immunized	num-immunized-in-quarantine	num-immunized-in-quarantine-external-1	num-immunized-in-quarantine-external-2	num-infected-outside	classroom-in-quarantine	num-of-classroom-in-quarantine	classroom-with-at-least-one-infected
0	123456956	233	0	0	0	0	0	0	0	0	0	0	0	0	0	0	0	0	0	0	0	0	0	74	57	0	0	0	0	[]	0	0
1	123456956	221	12	0	0	0	0	0	0	0	0	0	0	0	0	0	0	0	0	0	0	0	0	74	57	0	0	0	12	[]	0	0
2	123456956	200	30	3	0	0	0	0	0	0	0	0	0	0	0	0	0	0	1	0	0	0	0	74	57	0	0	0	26	[]	0	3
3	123456956	180	42	10	0	0	0	0	0	0	0	1	0	0	0	0	0	0	2	0	0	1	0	74	57	0	0	0	34	[]	0	7
4	123456956	150	62	19	1	0	0	0	0	0	0	1	0	0	0	0	0	0	3	0	0	1	0	74	57	0	0	0	41	[]	0	9
5	123456956	121	76	28	6	0	0	0	0	0	0	2	0	0	0	0	0	0	6	0	0	2	0	74	57	0	0	0	48	[]	0	11
6	123456956	113	63	44	11	0	0	0	0	0	0	2	0	0	0	0	0	0	6	0	0	2	0	74	57	0	0	0	56	[]	0	11
7	123456956	109	53	50	18	0	0	0	0	0	0	2	0	0	0	1	0	0	6	1	0	2	1	74	57	0	0	0	60	[]	0	10
8	123456956	78	72	56	23	0	0	0	0	0	0	3	0	0	0	1	0	0	8	1	0	3	1	74	57	0	0	0	68	[]	0	11
9	123456956	44	77	74	32	0	0	0	0	0	0	3	0	0	0	3	0	0	8	3	0	3	3	74	57	0	0	0	75	[]	0	12
10	123456956	25	75	81	45	0	0	0	0	0	0	4	0	0	0	3	0	0	11	3	0	4	3	74	57	0	0	0	78	[]	0	12
11	123456956	10	70	88	57	0	0	0	0	0	0	5	0	0	0	3	0	0	12	3	0	5	3	74	57	0	0	0	78	[]	0	12
12	123456956	7	59	90	67	0	0	0	0	0	0	6	0	0	0	4	0	0	14	4	0	6	4	74	57	0	0	0	78	[]	0	12
13	123456956	6	42	93	82	0	0	0	0	0	0	2	4	0	0	4	0	0	14	4	0	6	4	74	57	0	0	0	79	[]	0	12
14	123456956	6	32	89	94	0	0	0	0	0	0	2	5	0	0	5	0	0	15	5	0	7	5	74	57	0	0	0	79	[]	0	12
15	123456956	2	29	82	107	0	0	0	0	0	0	2	5	0	0	5	1	0	16	6	0	7	6	74	57	0	0	0	79	[]	0	12
16	123456956	2	24	73	121	0	0	0	0	0	0	2	5	0	0	4	2	0	17	6	0	7	6	74	57	0	0	0	79	[]	0	12
17	123456956	1	15	73	132	0	0	0	0	0	0	2	4	0	0	3	3	0	17	6	0	7	6	74	57	0	0	0	79	[]	0	12
18	123456956	1	13	66	141	0	0	0	0	0	0	2	4	0	0	3	3	0	18	6	0	7	6	74	57	0	0	0	79	[]	0	12
19	123456956	0	10	59	153	0	0	0	0	0	0	2	3	0	0	2	4	0	19	6	0	7	6	74	57	0	0	0	79	[]	0	12
20	123456956	0	8	56	158	0	0	0	0	0	0	2	3	0	0	1	5	0	19	6	0	7	6	74	57	0	0	0	79	[]	0	12
21	123456956	0	7	54	162	0	0	0	0	0	0	2	3	0	0	0	5	0	20	6	0	7	6	74	57	0	0	0	79	[]	0	11
22	123456956	0	4	51	169	0	0	0	0	0	0	1	3	0	0	0	5	0	22	6	0	7	6	74	57	0	0	0	79	[]	0	11
23	123456956	0	3	42	181	0	0	0	0	0	0	1	3	0	0	0	3	0	22	6	0	7	6	74	57	0	0	0	79	[]	0	11
24	123456956	0	3	36	186	0	0	0	0	0	0	2	2	0	0	1	3	0	25	7	0	8	7	74	57	0	0	0	79	[]	0	11
25	123456956	0	1	29	195	0	0	0	0	0	0	2	1	0	0	2	3	0	26	8	0	8	8	74	57	0	0	0	79	[]	0	11
26	123456956	0	0	27	199	0	0	0	0	0	0	2	0	0	0	3	2	0	28	9	0	8	9	74	57	0	0	0	79	[]	0	11
27	123456956	0	0	24	202	0	0	0	0	0	0	2	0	0	0	3	2	0	29	9	0	8	9	74	57	0	0	0	79	[]	0	10
28	123456956	0	0	19	208	0	0	0	0	0	0	1	0	0	0	4	1	0	29	10	0	8	10	74	57	0	0	0	79	[]	0	10
29	123456956	0	0	16	212	0	0	0	0	0	0	1	0	0	0	3	1	0	31	10	0	8	10	74	57	0	0	0	79	[]	0	10
30	123456956	0	0	11	216	0	0	0	0	0	0	1	0	0	0	2	3	0	32	11	0	8	11	74	57	0	0	0	79	[]	0	8
31	123456956	0	0	9	218	0	0	0	0	0	0	1	0	0	0	2	3	0	32	11	0	8	11	74	57	0	0	0	79	[]	0	7
32	123456956	0	0	8	219	0	0	0	0	0	0	0	1	0	0	1	4	0	32	11	0	8	11	74	57	0	0	0	79	[]	0	5
33	123456956	0	0	6	221	0	0	0	0	0	0	0	1	0	0	1	4	0	32	11	0	8	11	74	57	0	0	0	79	[]	0	5
34	123456956	0	0	5	222	0	0	0	0	0	0	0	1	0	0	1	4	0	33	11	0	8	11	74	57	0	0	0	79	[]	0	5
35	123456956	0	0	5	222	0	0	0	0	0	0	0	1	0	0	1	4	0	35	11	0	8	11	74	57	0	0	0	79	[]	0	5
36	123456956	0	0	5	222	0	0	0	0	0	0	0	1	0	0	0	5	0	35	11	0	8	11	74	57	0	0	0	79	[]	0	5
37	123456956	0	0	4	223	0	0	0	0	0	0	0	1	0	0	0	5	0	36	11	0	8	11	74	57	0	0	0	79	[]	0	4
38	123456956	0	0	4	225	0	0	0	0	0	0	0	0	0	0	0	4	0	36	11	0	8	11	74	57	0	0	0	79	[]	0	4
39	123456956	0	0	3	227	0	0	0	0	0	0	0	0	0	0	0	3	0	36	11	0	8	11	74	57	0	0	0	79	[]	0	3
40	123456956	0	0	3	228	0	0	0	0	0	0	0	0	0	0	0	2	0	37	11	0	8	11	74	57	0	0	0	79	[]	0	3
41	123456956	0	0	3	228	0	0	0	0	0	0	0	0	0	0	0	2	0	37	11	0	8	11	74	57	0	0	0	79	[]	0	3
42	123456956	0	0	3	229	0	0	0	0	0	0	0	0	0	0	0	1	0	38	11	0	8	11	74	57	0	0	0	79	[]	0	3
43	123456956	0	0	3	229	0	0	0	0	0	0	0	0	0	0	0	1	0	39	11	0	8	11	74	57	0	0	0	79	[]	0	3
44	123456956	0	0	2	231	0	0	0	0	0	0	0	0	0	0	0	0	0	40	11	0	8	11	74	57	0	0	0	79	[]	0	2
45	123456956	0	0	2	231	0	0	0	0	0	0	0	0	0	0	0	0	0	40	11	0	8	11	74	57	0	0	0	79	[]	0	2
46	123456956	0	0	2	231	0	0	0	0	0	0	0	0	0	0	0	0	0	40	11	0	8	11	74	57	0	0	0	79	[]	0	2
47	123456956	0	0	2	231	0	0	0	0	0	0	0	0	0	0	0	0	0	40	11	0	8	11	74	57	0	0	0	79	[]	0	2
48	123456956	0	0	2	231	0	0	0	0	0	0	0	0	0	0	0	0	0	40	11	0	8	11	74	57	0	0	0	79	[]	0	2
49	123456956	0	0	2	231	0	0	0	0	0	0	0	0	0	0	0	0	0	41	11	0	8	11	74	57	0	0	0	79	[]	0	2
50	123456956	0	0	1	232	0	0	0	0	0	0	0	0	0	0	0	0	0	42	11	0	8	11	74	57	0	0	0	79	[]	0	1
51	123456956	0	0	1	232	0	0	0	0	0	0	0	0	0	0	0	0	0	42	11	0	8	11	74	57	0	0	0	79	[]	0	1
52	123456956	0	0	1	232	0	0	0	0	0	0	0	0	0	0	0	0	0	42	11	0	8	11	74	57	0	0	0	79	[]	0	1
53	123456956	0	0	1	232	0	0	0	0	0	0	0	0	0	0	0	0	0	43	11	0	8	11	74	57	0	0	0	79	[]	0	1
54	123456956	0	0	0	233	0	0	0	0	0	0	0	0	0	0	0	0	0	44	11	0	8	11	74	57	0	0	0	79	[]	0	0
55	123456956	0	0	0	233	0	0	0	0	0	0	0	0	0	0	0	0	0	46	11	0	8	11	74	57	0	0	0	79	[]	0	0
56	123456956	0	0	0	233	0	0	0	0	0	0	0	0	0	0	0	0	0	46	11	0	8	11	74	57	0	0	0	79	[]	0	0
57	123456956	0	0	0	233	0	0	0	0	0	0	0	0	0	0	0	0	0	47	11	0	8	11	74	57	0	0	0	79	[]	0	0
58	123456956	0	0	0	233	0	0	0	0	0	0	0	0	0	0	0	0	0	49	11	0	8	11	74	57	0	0	0	79	[]	0	0
59	123456956	0	0	0	233	0	0	0	0	0	0	0	0	0	0	0	0	0	49	11	0	8	11	74	57	0	0	0	79	[]	0	0
60	123456956	0	0	0	233	0	0	0	0	0	0	0	0	0	0	0	0	0	49	11	0	8	11	74	57	0	0	0	79	[]	0	0
