day	seedRun	susceptible	exposed	infected	removed	susceptible-in-quarantine	exposed-in-quarantine	infected-in-quarantine	removed-in-quarantine	susceptible-in-quarantine-external-1	exposed-in-quarantine-external-1	infected-in-quarantine-external-1	removed-in-quarantine-external-1	susceptible-in-quarantine-external-2	exposed-in-quarantine-external-2	infected-in-quarantine-external-2	removed-in-quarantine-external-2	num-of-screened-agents	num-of-screened-agents-external-1	num-of-screened-agents-external-2	num-of-positive-agents	num-of-positive-agents-external-1	num-of-positive-agents-external-2	num-vaccinated-susceptible	num-vaccinated-exposed	num-vaccinated-infected	num-vaccinated-removed	num-vaccinated-susceptible-in-quarantine	num-vaccinated-exposed-in-quarantine	num-vaccinated-infected-in-quarantine	num-vaccinated-removed-in-quarantine	num-vaccinated-susceptible-in-quarantine-external-1	num-vaccinated-exposed-in-quarantine-external-1	num-vaccinated-infected-in-quarantine-external-1	num-vaccinated-removed-in-quarantine-external-1	num-vaccinated-susceptible-in-quarantine-external-2	num-vaccinated-exposed-in-quarantine-external-2	num-vaccinated-infected-in-quarantine-external-2	num-vaccinated-removed-in-quarantine-external-2	num-infected-outside	classroom-in-quarantine	num-of-classroom-in-quarantine	classroom-with-at-least-one-infected
0	123456868	240	0	0	0	0	0	0	0	0	0	0	0	0	0	0	0	0	0	0	0	0	0	50	0	0	0	0	0	0	0	0	0	0	0	0	0	0	0	0	[]	0	0
1	123456868	238	2	0	0	0	0	0	0	0	0	0	0	0	0	0	0	0	1	0	0	0	0	50	0	0	0	0	0	0	0	0	0	0	0	0	0	0	0	2	[]	0	0
2	123456868	232	8	0	0	0	0	0	0	0	0	0	0	0	0	0	0	0	2	0	0	0	0	50	0	0	0	0	0	0	0	0	0	0	0	0	0	0	0	8	[]	0	0
3	123456868	229	10	1	0	0	0	0	0	0	0	0	0	0	0	0	0	0	4	0	0	0	0	50	0	0	0	0	0	0	0	0	0	0	0	0	0	0	0	10	[]	0	1
4	123456868	213	21	6	0	0	0	0	0	0	0	0	0	0	0	0	0	0	4	0	0	0	0	50	0	0	0	0	0	0	0	0	0	0	0	0	0	0	0	16	[]	0	5
5	123456868	191	39	9	1	0	0	0	0	0	0	0	0	0	0	0	0	0	6	0	0	0	0	50	0	0	0	0	0	0	0	0	0	0	0	0	0	0	0	23	[]	0	5
6	123456868	176	26	14	4	11	5	3	0	0	0	0	0	0	0	1	0	19	8	1	3	0	1	50	0	0	0	0	0	0	0	0	0	0	0	0	0	0	0	27	[2A]	1	6
7	123456868	173	17	25	5	11	3	4	1	0	0	0	0	0	0	1	0	19	8	1	3	0	1	50	0	0	0	0	0	0	0	0	0	0	0	0	0	0	0	30	[2A]	1	9
8	123456868	140	32	20	8	21	3	10	4	0	0	0	0	0	0	2	0	38	8	2	9	0	2	49	1	0	0	0	0	0	0	0	0	0	0	0	0	0	0	31	[2A 2C]	2	11
9	123456868	110	54	26	10	21	2	9	6	0	0	0	0	0	0	1	1	38	8	2	9	0	2	49	1	0	0	0	0	0	0	0	0	0	0	0	0	0	0	35	[2A 2C]	2	11
10	123456868	94	59	33	14	21	2	7	8	0	0	0	0	0	0	1	1	38	8	2	9	0	2	49	1	0	0	0	0	0	0	0	0	0	0	0	0	0	0	38	[2A 2C]	2	9
11	123456868	68	72	40	20	21	2	7	8	0	0	0	0	0	0	1	1	38	10	2	9	0	2	47	3	0	0	0	0	0	0	0	0	0	0	0	0	0	0	40	[2A 2C]	2	11
12	123456868	48	69	55	28	21	2	7	8	0	0	0	0	0	0	0	2	38	10	2	9	0	2	47	2	1	0	0	0	0	0	0	0	0	0	0	0	0	0	42	[2A 2C]	2	12
13	123456868	48	53	67	32	21	1	8	8	0	0	0	0	0	0	0	2	38	10	2	9	0	2	47	2	1	0	0	0	0	0	0	0	0	0	0	0	0	0	42	[2A 2C]	2	12
14	123456868	47	32	83	38	21	1	6	10	0	0	0	0	0	0	0	2	38	10	2	9	0	2	47	2	1	0	0	0	0	0	0	0	0	0	0	0	0	0	43	[2A 2C]	2	12
15	123456868	26	46	76	52	21	0	7	10	0	0	0	0	0	0	0	2	38	10	2	9	0	2	44	5	1	0	0	0	0	0	0	0	0	0	0	0	0	0	45	[2A 2C]	2	12
16	123456868	11	40	72	57	28	4	12	13	0	0	1	0	0	0	0	2	57	12	2	15	1	2	42	5	2	1	0	0	0	0	0	0	0	0	0	0	0	0	45	[2A 2C 3A]	3	12
17	123456868	7	32	77	64	28	1	14	14	0	0	1	0	0	0	0	2	57	12	2	15	1	2	42	4	3	1	0	0	0	0	0	0	0	0	0	0	0	0	46	[2A 2C 3A]	3	12
18	123456868	4	23	65	68	28	2	27	19	0	0	2	0	0	0	0	2	76	13	2	27	2	2	40	6	3	1	0	0	0	0	0	0	0	0	0	0	0	0	46	[2A 2C 3A 3B]	4	12
19	123456868	1	20	65	74	28	0	26	22	0	0	2	0	0	0	0	2	76	13	2	27	2	2	40	4	5	1	0	0	0	0	0	0	0	0	0	0	0	0	47	[2A 2C 3A 3B]	4	12
20	123456868	10	16	61	93	17	0	21	19	0	0	2	0	0	0	0	1	76	13	2	27	2	2	40	4	5	1	0	0	0	0	0	0	0	0	0	0	0	0	49	[2C 3A 3B]	3	11
21	123456868	9	5	41	65	18	6	36	54	0	0	2	1	0	0	2	1	133	14	4	43	3	4	40	3	4	3	0	0	0	0	0	0	0	0	0	0	0	0	49	[2C 3A 3B 2B 2D 3C]	6	12
22	123456868	18	3	21	38	8	3	55	86	0	0	2	1	0	0	4	1	190	14	7	61	3	7	40	2	5	3	0	0	0	0	0	0	0	0	0	0	0	0	49	[3A 3B 2B 2D 3C 1A 1C 3D]	8	11
23	123456868	17	1	19	43	8	3	43	98	0	0	2	1	0	0	3	2	190	15	7	61	3	7	40	2	4	4	0	0	0	0	0	0	0	0	0	0	0	0	49	[3A 3B 2B 2D 3C 1A 1C 3D]	8	11
24	123456868	15	3	4	38	8	0	51	112	0	0	2	1	0	0	4	2	209	15	8	72	3	8	40	2	4	4	0	0	0	0	0	0	0	0	0	0	0	0	50	[3A 3B 2B 2D 3C 1A 1C 3D 1D]	9	11
25	123456868	14	3	5	38	8	0	46	117	0	0	2	1	0	0	4	2	209	15	8	72	3	8	40	2	4	4	0	0	0	0	0	0	0	0	0	0	0	0	50	[3A 3B 2B 2D 3C 1A 1C 3D 1D]	9	11
26	123456868	14	3	4	39	8	0	38	125	0	0	2	1	0	0	4	2	209	15	8	72	3	8	39	3	4	4	0	0	0	0	0	0	0	0	0	0	0	0	51	[3A 3B 2B 2D 3C 1A 1C 3D 1D]	9	11
27	123456868	14	3	4	39	8	0	32	131	0	0	1	2	0	0	4	2	209	15	8	72	3	8	39	2	5	4	0	0	0	0	0	0	0	0	0	0	0	0	51	[3A 3B 2B 2D 3C 1A 1C 3D 1D]	9	11
28	123456868	13	3	4	40	8	0	27	136	0	0	1	2	0	0	4	2	209	15	8	72	3	8	39	0	7	4	0	0	0	0	0	0	0	0	0	0	0	0	52	[3A 3B 2B 2D 3C 1A 1C 3D 1D]	9	11
29	123456868	9	4	7	40	8	0	25	138	0	0	1	2	0	0	3	3	209	15	8	72	3	8	39	0	6	5	0	0	0	0	0	0	0	0	0	0	0	0	53	[3A 3B 2B 2D 3C 1A 1C 3D 1D]	9	12
30	123456868	14	2	2	42	2	1	25	143	0	0	0	2	0	0	3	4	228	15	9	77	3	9	39	0	4	7	0	0	0	0	0	0	0	0	0	0	0	0	54	[3B 2B 2D 3C 1A 1C 3D 1D 2A]	9	10
31	123456868	14	2	2	42	2	1	25	143	0	0	0	2	0	0	2	5	228	15	9	77	3	9	39	0	3	8	0	0	0	0	0	0	0	0	0	0	0	0	54	[3B 2B 2D 3C 1A 1C 3D 1D 2A]	9	10
32	123456868	11	4	2	63	2	1	20	129	0	0	0	1	0	0	2	5	228	16	9	77	3	9	39	0	3	8	0	0	0	0	0	0	0	0	0	0	0	0	55	[2B 2D 3C 1A 1C 3D 1D 2A]	8	10
33	123456868	9	5	2	64	2	0	19	131	0	0	0	1	0	0	2	5	228	16	9	77	3	9	39	0	3	8	0	0	0	0	0	0	0	0	0	0	0	0	56	[2B 2D 3C 1A 1C 3D 1D 2A]	8	10
34	123456868	9	5	2	64	2	0	17	133	0	0	0	1	0	0	2	5	228	17	9	77	3	9	39	0	3	8	0	0	0	0	0	0	0	0	0	0	0	0	56	[2B 2D 3C 1A 1C 3D 1D 2A]	8	9
35	123456868	10	4	3	123	1	0	10	84	0	0	0	0	0	0	1	4	228	17	9	77	3	9	39	0	3	8	0	0	0	0	0	0	0	0	0	0	0	0	56	[1A 1C 3D 1D 2A]	5	7
36	123456868	9	5	3	183	1	0	5	32	0	0	0	0	0	0	0	2	228	18	9	77	3	9	39	0	2	9	0	0	0	0	0	0	0	0	0	0	0	0	56	[1D 2A]	2	4
37	123456868	8	5	4	183	1	0	5	32	0	0	0	0	0	0	0	2	228	18	9	77	3	9	39	0	1	10	0	0	0	0	0	0	0	0	0	0	0	0	56	[1D 2A]	2	5
38	123456868	7	3	5	205	1	0	2	16	0	0	0	0	0	0	0	1	228	19	9	77	3	9	39	0	1	10	0	0	0	0	0	0	0	0	0	0	0	0	56	[2A]	1	3
39	123456868	5	3	7	205	1	0	2	16	0	0	0	0	0	0	0	1	228	20	9	77	3	9	38	1	1	10	0	0	0	0	0	0	0	0	0	0	0	0	56	[2A]	1	4
40	123456868	5	2	8	205	1	0	1	17	0	0	0	0	0	0	0	1	228	20	9	77	3	9	38	1	0	11	0	0	0	0	0	0	0	0	0	0	0	0	56	[2A]	1	4
41	123456868	5	1	9	205	1	0	1	17	0	0	0	0	0	0	0	1	228	20	9	77	3	9	37	2	0	11	0	0	0	0	0	0	0	0	0	0	0	0	57	[2A]	1	4
42	123456868	5	1	6	208	1	0	1	17	0	0	0	0	0	0	0	1	228	20	9	77	3	9	37	2	0	11	0	0	0	0	0	0	0	0	0	0	0	0	57	[2A]	1	3
43	123456868	4	1	6	209	1	0	1	17	0	0	0	0	0	0	0	1	228	20	9	77	3	9	37	1	1	11	0	0	0	0	0	0	0	0	0	0	0	0	57	[2A]	1	4
44	123456868	4	2	5	229	0	0	0	0	0	0	0	0	0	0	0	0	228	21	9	77	3	9	37	0	2	11	0	0	0	0	0	0	0	0	0	0	0	0	57	[]	0	2
45	123456868	4	1	6	229	0	0	0	0	0	0	0	0	0	0	0	0	228	22	9	77	3	9	37	0	2	11	0	0	0	0	0	0	0	0	0	0	0	0	57	[]	0	2
46	123456868	4	1	5	230	0	0	0	0	0	0	0	0	0	0	0	0	228	24	9	77	3	9	36	1	1	12	0	0	0	0	0	0	0	0	0	0	0	0	58	[]	0	2
47	123456868	4	1	4	231	0	0	0	0	0	0	0	0	0	0	0	0	228	25	9	77	3	9	36	0	1	13	0	0	0	0	0	0	0	0	0	0	0	0	58	[]	0	2
48	123456868	4	1	4	231	0	0	0	0	0	0	0	0	0	0	0	0	228	25	9	77	3	9	36	0	0	14	0	0	0	0	0	0	0	0	0	0	0	0	58	[]	0	2
49	123456868	4	1	1	214	0	0	1	18	0	0	0	0	0	0	1	0	247	25	10	78	3	10	36	0	0	14	0	0	0	0	0	0	0	0	0	0	0	0	58	[2C]	1	2
50	123456868	4	1	1	214	0	0	1	18	0	0	0	0	0	0	1	0	247	25	10	78	3	10	36	0	0	14	0	0	0	0	0	0	0	0	0	0	0	0	58	[2C]	1	2
51	123456868	4	1	1	214	0	0	1	18	0	0	0	0	0	0	1	0	247	25	10	78	3	10	36	0	0	14	0	0	0	0	0	0	0	0	0	0	0	0	58	[2C]	1	2
52	123456868	4	1	1	214	0	0	1	18	0	0	0	0	0	0	1	0	247	25	10	78	3	10	36	0	0	14	0	0	0	0	0	0	0	0	0	0	0	0	58	[2C]	1	2
53	123456868	4	1	1	214	0	0	1	18	0	0	0	0	0	0	1	0	247	25	10	78	3	10	36	0	0	14	0	0	0	0	0	0	0	0	0	0	0	0	58	[2C]	1	2
54	123456868	4	1	0	215	0	0	1	18	0	0	0	0	0	0	1	0	247	26	10	78	3	10	36	0	0	14	0	0	0	0	0	0	0	0	0	0	0	0	58	[2C]	1	1
55	123456868	4	0	1	215	0	0	1	18	0	0	0	0	0	0	1	0	247	26	10	78	3	10	36	0	0	14	0	0	0	0	0	0	0	0	0	0	0	0	58	[2C]	1	2
56	123456868	4	0	0	216	0	0	1	18	0	0	0	0	0	0	0	1	247	26	10	78	3	10	36	0	0	14	0	0	0	0	0	0	0	0	0	0	0	0	58	[2C]	1	1
57	123456868	3	1	0	216	0	0	1	18	0	0	0	0	0	0	0	1	247	27	10	78	3	10	36	0	0	14	0	0	0	0	0	0	0	0	0	0	0	0	59	[2C]	1	1
58	123456868	3	0	1	216	0	0	1	18	0	0	0	0	0	0	0	1	247	27	10	78	3	10	36	0	0	14	0	0	0	0	0	0	0	0	0	0	0	0	59	[2C]	1	2
59	123456868	3	0	1	216	0	0	1	18	0	0	0	0	0	0	0	1	247	29	10	78	3	10	36	0	0	14	0	0	0	0	0	0	0	0	0	0	0	0	59	[2C]	1	2
60	123456868	3	0	1	216	0	0	1	18	0	0	0	0	0	0	0	1	247	29	10	78	3	10	36	0	0	14	0	0	0	0	0	0	0	0	0	0	0	0	59	[2C]	1	2
