day	seedRun	susceptible	exposed	infected	removed	susceptible-in-quarantine	exposed-in-quarantine	infected-in-quarantine	removed-in-quarantine	susceptible-in-quarantine-external-1	exposed-in-quarantine-external-1	infected-in-quarantine-external-1	removed-in-quarantine-external-1	susceptible-in-quarantine-external-2	exposed-in-quarantine-external-2	infected-in-quarantine-external-2	removed-in-quarantine-external-2	num-of-screened-agents	num-of-screened-agents-external-1	num-of-screened-agents-external-2	num-of-positive-agents	num-of-positive-agents-external-1	num-of-positive-agents-external-2	num-vaccinated	num-immunized	num-immunized-in-quarantine	num-immunized-in-quarantine-external-1	num-immunized-in-quarantine-external-2	num-infected-outside	classroom-in-quarantine	num-of-classroom-in-quarantine	classroom-with-at-least-one-infected
0	123457100	270	0	0	0	0	0	0	0	0	0	0	0	0	0	0	0	0	0	0	0	0	0	50	20	0	0	0	0	[]	0	0
1	123457100	253	17	0	0	0	0	0	0	0	0	0	0	0	0	0	0	0	4	0	0	0	0	50	20	0	0	0	17	[]	0	0
2	123457100	197	68	5	0	0	0	0	0	0	0	0	0	0	0	0	0	0	5	0	0	0	0	50	20	0	0	0	29	[]	0	5
3	123457100	105	140	25	0	0	0	0	0	0	0	0	0	0	0	0	0	0	8	0	0	0	0	50	20	0	0	0	34	[]	0	8
4	123457100	36	166	63	2	0	0	0	0	0	0	0	0	0	0	3	0	0	9	3	0	0	3	50	20	0	0	0	38	[]	0	11
5	123457100	10	151	96	8	0	0	0	0	0	0	0	0	0	0	5	0	0	9	5	0	0	5	50	20	0	0	0	39	[]	0	11
6	123457100	9	103	131	18	0	0	0	0	0	0	0	0	0	0	9	0	0	12	9	0	0	9	50	20	0	0	0	40	[]	0	12
7	123457100	9	73	134	40	0	0	0	0	0	0	1	0	0	0	12	1	0	14	13	0	1	13	50	20	0	0	0	40	[]	0	12
8	123457100	3	58	125	65	0	0	0	0	0	0	2	0	0	0	15	2	0	16	17	0	2	17	50	20	0	0	0	42	[]	0	12
9	123457100	3	36	132	73	0	0	0	0	0	0	6	0	0	0	17	3	0	21	20	0	6	20	50	20	0	0	0	42	[]	0	12
10	123457100	3	21	125	88	0	0	0	0	0	0	5	1	0	0	21	6	0	21	27	0	6	27	50	20	0	0	0	42	[]	0	12
11	123457100	0	22	113	99	0	0	0	0	0	0	4	2	0	0	21	9	0	21	30	0	6	30	50	20	0	0	0	42	[]	0	12
12	123457100	0	17	104	108	0	0	0	0	0	0	4	2	0	0	22	13	0	22	35	0	6	35	50	20	0	0	0	42	[]	0	12
13	123457100	0	14	86	128	0	0	0	0	0	0	4	2	0	0	20	16	0	22	36	0	6	36	50	20	0	0	0	42	[]	0	12
14	123457100	0	10	73	144	0	0	0	0	0	0	4	2	0	0	23	14	0	23	40	0	6	40	50	20	0	0	0	42	[]	0	12
15	123457100	0	7	66	154	0	0	0	0	0	0	3	4	0	0	20	16	0	26	41	0	7	41	50	20	0	0	0	42	[]	0	12
16	123457100	0	5	59	165	0	0	0	0	0	0	2	5	0	0	19	15	0	27	43	0	7	43	50	20	0	0	0	42	[]	0	12
17	123457100	0	3	51	178	0	0	0	0	0	0	1	5	0	0	19	13	0	30	45	0	7	45	50	20	0	0	0	42	[]	0	12
18	123457100	0	2	47	187	0	0	0	0	0	0	1	4	0	0	17	12	0	31	46	0	7	46	50	20	0	0	0	42	[]	0	12
19	123457100	0	2	39	202	0	0	0	0	0	0	0	1	0	0	13	13	0	31	46	0	7	46	50	20	0	0	0	42	[]	0	12
20	123457100	0	2	31	217	0	0	0	0	0	0	0	1	0	0	8	11	0	32	46	0	7	46	50	20	0	0	0	42	[]	0	12
21	123457100	0	2	25	226	0	0	0	0	0	0	0	1	0	0	8	8	0	32	46	0	7	46	50	20	0	0	0	42	[]	0	12
22	123457100	0	1	24	233	0	0	0	0	0	0	0	1	0	0	5	6	0	33	46	0	7	46	50	20	0	0	0	42	[]	0	12
23	123457100	0	1	20	238	0	0	0	0	0	0	0	1	0	0	5	5	0	38	46	0	7	46	50	20	0	0	0	42	[]	0	12
24	123457100	0	1	18	242	0	0	0	0	0	0	0	1	0	0	5	3	0	38	48	0	7	48	50	20	0	0	0	42	[]	0	11
25	123457100	0	0	17	246	0	0	0	0	0	0	0	0	0	0	5	2	0	40	48	0	7	48	50	20	0	0	0	42	[]	0	12
26	123457100	0	0	15	250	0	0	0	0	0	0	0	0	0	0	4	1	0	43	48	0	7	48	50	20	0	0	0	42	[]	0	11
27	123457100	0	0	12	254	0	0	0	0	0	0	0	0	0	0	2	2	0	46	49	0	7	49	50	20	0	0	0	42	[]	0	10
28	123457100	0	0	10	257	0	0	0	0	0	0	0	0	0	0	2	1	0	49	49	0	7	49	50	20	0	0	0	42	[]	0	9
29	123457100	0	0	9	258	0	0	0	0	0	0	0	0	0	0	1	2	0	52	49	0	7	49	50	20	0	0	0	42	[]	0	7
30	123457100	0	0	7	260	0	0	0	0	0	0	0	0	0	0	1	2	0	53	49	0	7	49	50	20	0	0	0	42	[]	0	6
31	123457100	0	0	6	260	0	0	0	0	0	0	0	0	0	0	2	2	0	53	50	0	7	50	50	20	0	0	0	42	[]	0	6
32	123457100	0	0	5	261	0	0	0	0	0	0	0	0	0	0	2	2	0	58	50	0	7	50	50	20	0	0	0	42	[]	0	6
33	123457100	0	0	5	261	0	0	0	0	0	0	0	0	0	0	2	2	0	58	50	0	7	50	50	20	0	0	0	42	[]	0	6
34	123457100	0	0	4	264	0	0	0	0	0	0	0	0	0	0	1	1	0	59	50	0	7	50	50	20	0	0	0	42	[]	0	4
35	123457100	0	0	3	264	0	0	0	0	0	0	0	0	0	0	2	1	0	60	51	0	7	51	50	20	0	0	0	42	[]	0	4
36	123457100	0	0	2	265	0	0	0	0	0	0	0	0	0	0	2	1	0	60	51	0	7	51	50	20	0	0	0	42	[]	0	3
37	123457100	0	0	1	267	0	0	0	0	0	0	0	0	0	0	2	0	0	62	51	0	7	51	50	20	0	0	0	42	[]	0	2
38	123457100	0	0	1	267	0	0	0	0	0	0	0	0	0	0	2	0	0	63	51	0	7	51	50	20	0	0	0	42	[]	0	2
39	123457100	0	0	1	267	0	0	0	0	0	0	0	0	0	0	1	1	0	63	51	0	7	51	50	20	0	0	0	42	[]	0	1
40	123457100	0	0	1	267	0	0	0	0	0	0	0	0	0	0	1	1	0	65	51	0	7	51	50	20	0	0	0	42	[]	0	1
41	123457100	0	0	1	268	0	0	0	0	0	0	0	0	0	0	1	0	0	67	51	0	7	51	50	20	0	0	0	42	[]	0	1
42	123457100	0	0	1	268	0	0	0	0	0	0	0	0	0	0	0	1	0	69	51	0	7	51	50	20	0	0	0	42	[]	0	0
43	123457100	0	0	1	268	0	0	0	0	0	0	0	0	0	0	0	1	0	69	51	0	7	51	50	20	0	0	0	42	[]	0	0
44	123457100	0	0	1	268	0	0	0	0	0	0	0	0	0	0	0	1	0	73	51	0	7	51	50	20	0	0	0	42	[]	0	0
45	123457100	0	0	1	269	0	0	0	0	0	0	0	0	0	0	0	0	0	74	51	0	7	51	50	20	0	0	0	42	[]	0	0
46	123457100	0	0	1	269	0	0	0	0	0	0	0	0	0	0	0	0	0	74	51	0	7	51	50	20	0	0	0	42	[]	0	0
47	123457100	0	0	1	269	0	0	0	0	0	0	0	0	0	0	0	0	0	77	51	0	7	51	50	20	0	0	0	42	[]	0	0
48	123457100	0	0	1	269	0	0	0	0	0	0	0	0	0	0	0	0	0	78	51	0	7	51	50	20	0	0	0	42	[]	0	0
49	123457100	0	0	1	269	0	0	0	0	0	0	0	0	0	0	0	0	0	79	51	0	7	51	50	20	0	0	0	42	[]	0	0
50	123457100	0	0	1	269	0	0	0	0	0	0	0	0	0	0	0	0	0	81	51	0	7	51	50	20	0	0	0	42	[]	0	0
51	123457100	0	0	0	270	0	0	0	0	0	0	0	0	0	0	0	0	0	85	51	0	7	51	50	20	0	0	0	42	[]	0	0
52	123457100	0	0	0	270	0	0	0	0	0	0	0	0	0	0	0	0	0	85	51	0	7	51	50	20	0	0	0	42	[]	0	0
53	123457100	0	0	0	270	0	0	0	0	0	0	0	0	0	0	0	0	0	89	51	0	7	51	50	20	0	0	0	42	[]	0	0
54	123457100	0	0	0	270	0	0	0	0	0	0	0	0	0	0	0	0	0	90	51	0	7	51	50	20	0	0	0	42	[]	0	0
55	123457100	0	0	0	270	0	0	0	0	0	0	0	0	0	0	0	0	0	93	51	0	7	51	50	20	0	0	0	42	[]	0	0
56	123457100	0	0	0	270	0	0	0	0	0	0	0	0	0	0	0	0	0	95	51	0	7	51	50	20	0	0	0	42	[]	0	0
57	123457100	0	0	0	270	0	0	0	0	0	0	0	0	0	0	0	0	0	96	51	0	7	51	50	20	0	0	0	42	[]	0	0
58	123457100	0	0	0	270	0	0	0	0	0	0	0	0	0	0	0	0	0	98	51	0	7	51	50	20	0	0	0	42	[]	0	0
59	123457100	0	0	0	270	0	0	0	0	0	0	0	0	0	0	0	0	0	100	51	0	7	51	50	20	0	0	0	42	[]	0	0
60	123457100	0	0	0	270	0	0	0	0	0	0	0	0	0	0	0	0	0	102	51	0	7	51	50	20	0	0	0	42	[]	0	0
