day	seedRun	susceptible	exposed	infected	removed	susceptible-in-quarantine	exposed-in-quarantine	infected-in-quarantine	removed-in-quarantine	susceptible-in-quarantine-external-1	exposed-in-quarantine-external-1	infected-in-quarantine-external-1	removed-in-quarantine-external-1	susceptible-in-quarantine-external-2	exposed-in-quarantine-external-2	infected-in-quarantine-external-2	removed-in-quarantine-external-2	num-of-screened-agents	num-of-screened-agents-external-1	num-of-screened-agents-external-2	num-of-positive-agents	num-of-positive-agents-external-1	num-of-positive-agents-external-2	num-vaccinated	num-immunized	num-immunized-in-quarantine	num-immunized-in-quarantine-external-1	num-immunized-in-quarantine-external-2	num-infected-outside	classroom-in-quarantine	num-of-classroom-in-quarantine	classroom-with-at-least-one-infected
0	123457289	266	0	0	0	0	0	0	0	0	0	0	0	0	0	0	0	0	0	0	0	0	0	50	24	0	0	0	0	[]	0	0
1	123457289	251	15	0	0	0	0	0	0	0	0	0	0	0	0	0	0	0	3	0	0	0	0	50	24	0	0	0	15	[]	0	0
2	123457289	209	52	5	0	0	0	0	0	0	0	0	0	0	0	0	0	0	5	0	0	0	0	50	24	0	0	0	31	[]	0	2
3	123457289	143	102	19	2	0	0	0	0	0	0	0	0	0	0	0	0	0	6	0	0	0	0	50	24	0	0	0	38	[]	0	7
4	123457289	70	146	44	6	0	0	0	0	0	0	0	0	0	0	0	0	0	8	0	0	0	0	50	24	0	0	0	44	[]	0	10
5	123457289	15	153	85	11	0	0	0	0	0	0	0	0	0	0	2	0	0	8	2	0	0	2	50	24	0	0	0	49	[]	0	12
6	123457289	15	113	111	18	0	0	0	0	0	0	2	0	0	0	7	0	0	10	7	0	2	7	50	24	0	0	0	49	[]	0	12
7	123457289	14	79	122	37	0	0	0	0	0	0	3	1	0	0	9	1	0	14	10	0	4	10	50	24	0	0	0	50	[]	0	12
8	123457289	3	65	122	56	0	0	0	0	0	0	4	1	0	0	13	2	0	16	15	0	5	15	50	24	0	0	0	50	[]	0	12
9	123457289	2	47	121	73	0	0	0	0	0	0	4	1	0	0	14	4	0	17	18	0	5	18	50	24	0	0	0	50	[]	0	12
10	123457289	0	34	116	84	0	0	0	0	0	0	7	1	0	0	19	5	0	21	24	0	8	24	50	24	0	0	0	51	[]	0	12
11	123457289	0	27	109	96	0	0	0	0	0	0	6	2	0	0	16	10	0	21	26	0	8	26	50	24	0	0	0	51	[]	0	12
12	123457289	0	21	100	106	0	0	0	0	0	0	5	3	0	0	17	14	0	21	31	0	8	31	50	24	0	0	0	51	[]	0	12
13	123457289	0	12	92	122	0	0	0	0	0	0	5	4	0	0	16	15	0	22	31	0	9	31	50	24	0	0	0	51	[]	0	12
14	123457289	0	10	82	131	0	0	0	0	0	0	5	4	0	0	17	17	0	22	34	0	9	34	50	24	0	0	0	51	[]	0	12
15	123457289	0	7	75	140	0	0	0	0	0	0	6	4	0	0	17	17	0	26	36	0	10	36	50	24	0	0	0	51	[]	0	12
16	123457289	0	3	66	159	0	0	0	0	0	0	5	3	0	0	16	14	0	26	37	0	10	37	50	24	0	0	0	51	[]	0	12
17	123457289	0	2	54	174	0	0	0	0	0	0	4	3	0	0	16	13	0	28	39	0	11	39	50	24	0	0	0	51	[]	0	12
18	123457289	0	2	44	188	0	0	0	0	0	0	4	2	0	0	17	9	0	31	41	0	11	41	50	24	0	0	0	51	[]	0	12
19	123457289	0	1	34	200	0	0	0	0	0	0	4	2	0	0	14	11	0	32	43	0	11	43	50	24	0	0	0	51	[]	0	12
20	123457289	0	1	30	212	0	0	0	0	0	0	1	2	0	0	9	11	0	33	44	0	11	44	50	24	0	0	0	51	[]	0	11
21	123457289	0	1	25	219	0	0	0	0	0	0	1	2	0	0	9	9	0	34	44	0	11	44	50	24	0	0	0	51	[]	0	11
22	123457289	0	0	18	229	0	0	0	0	0	0	2	2	0	0	9	6	0	36	46	0	12	46	50	24	0	0	0	51	[]	0	11
23	123457289	0	0	16	232	0	0	0	0	0	0	0	3	0	0	7	8	0	39	46	0	12	46	50	24	0	0	0	51	[]	0	9
24	123457289	0	0	14	237	0	0	0	0	0	0	0	3	0	0	2	10	0	44	46	0	12	46	50	24	0	0	0	51	[]	0	9
25	123457289	0	0	14	240	0	0	0	0	0	0	0	2	0	0	1	9	0	47	46	0	12	46	50	24	0	0	0	51	[]	0	9
26	123457289	0	0	12	241	0	0	0	0	0	0	2	2	0	0	1	8	0	49	46	0	14	46	50	24	0	0	0	51	[]	0	9
27	123457289	0	0	12	244	0	0	0	0	0	0	2	1	0	0	1	6	0	50	46	0	14	46	50	24	0	0	0	51	[]	0	9
28	123457289	0	0	8	249	0	0	0	0	0	0	2	1	0	0	2	4	0	52	47	0	14	47	50	24	0	0	0	51	[]	0	7
29	123457289	0	0	6	253	0	0	0	0	0	0	1	2	0	0	2	2	0	52	47	0	14	47	50	24	0	0	0	51	[]	0	6
30	123457289	0	0	5	255	0	0	0	0	0	0	1	2	0	0	1	2	0	53	47	0	14	47	50	24	0	0	0	51	[]	0	5
31	123457289	0	0	3	257	0	0	0	0	0	0	1	2	0	0	1	2	0	56	47	0	14	47	50	24	0	0	0	51	[]	0	3
32	123457289	0	0	3	260	0	0	0	0	0	0	1	1	0	0	1	0	0	58	47	0	14	47	50	24	0	0	0	51	[]	0	3
33	123457289	0	0	3	260	0	0	0	0	0	0	1	1	0	0	1	0	0	59	47	0	14	47	50	24	0	0	0	51	[]	0	3
34	123457289	0	0	3	260	0	0	0	0	0	0	1	1	0	0	1	0	0	60	47	0	14	47	50	24	0	0	0	51	[]	0	3
35	123457289	0	0	3	260	0	0	0	0	0	0	1	1	0	0	0	1	0	61	47	0	14	47	50	24	0	0	0	51	[]	0	2
36	123457289	0	0	3	262	0	0	0	0	0	0	0	0	0	0	0	1	0	62	47	0	14	47	50	24	0	0	0	51	[]	0	1
37	123457289	0	0	3	262	0	0	0	0	0	0	0	0	0	0	0	1	0	63	47	0	14	47	50	24	0	0	0	51	[]	0	1
38	123457289	0	0	3	263	0	0	0	0	0	0	0	0	0	0	0	0	0	65	47	0	14	47	50	24	0	0	0	51	[]	0	1
39	123457289	0	0	3	263	0	0	0	0	0	0	0	0	0	0	0	0	0	68	47	0	14	47	50	24	0	0	0	51	[]	0	1
40	123457289	0	0	3	263	0	0	0	0	0	0	0	0	0	0	0	0	0	69	47	0	14	47	50	24	0	0	0	51	[]	0	1
41	123457289	0	0	3	263	0	0	0	0	0	0	0	0	0	0	0	0	0	69	47	0	14	47	50	24	0	0	0	51	[]	0	1
42	123457289	0	0	3	263	0	0	0	0	0	0	0	0	0	0	0	0	0	70	47	0	14	47	50	24	0	0	0	51	[]	0	1
43	123457289	0	0	3	263	0	0	0	0	0	0	0	0	0	0	0	0	0	70	47	0	14	47	50	24	0	0	0	51	[]	0	1
44	123457289	0	0	3	263	0	0	0	0	0	0	0	0	0	0	0	0	0	73	47	0	14	47	50	24	0	0	0	51	[]	0	1
45	123457289	0	0	2	264	0	0	0	0	0	0	0	0	0	0	0	0	0	74	47	0	14	47	50	24	0	0	0	51	[]	0	1
46	123457289	0	0	1	264	0	0	0	0	0	0	0	0	0	0	1	0	0	74	48	0	14	48	50	24	0	0	0	51	[]	0	1
47	123457289	0	0	1	264	0	0	0	0	0	0	0	0	0	0	1	0	0	76	48	0	14	48	50	24	0	0	0	51	[]	0	1
48	123457289	0	0	1	264	0	0	0	0	0	0	0	0	0	0	1	0	0	76	48	0	14	48	50	24	0	0	0	51	[]	0	1
49	123457289	0	0	1	264	0	0	0	0	0	0	0	0	0	0	0	1	0	78	48	0	14	48	50	24	0	0	0	51	[]	0	0
50	123457289	0	0	0	265	0	0	0	0	0	0	0	0	0	0	0	1	0	80	48	0	14	48	50	24	0	0	0	51	[]	0	0
51	123457289	0	0	0	265	0	0	0	0	0	0	0	0	0	0	0	1	0	82	48	0	14	48	50	24	0	0	0	51	[]	0	0
52	123457289	0	0	0	265	0	0	0	0	0	0	0	0	0	0	0	1	0	86	48	0	14	48	50	24	0	0	0	51	[]	0	0
53	123457289	0	0	0	265	0	0	0	0	0	0	0	0	0	0	0	1	0	86	48	0	14	48	50	24	0	0	0	51	[]	0	0
54	123457289	0	0	0	265	0	0	0	0	0	0	0	0	0	0	0	1	0	89	48	0	14	48	50	24	0	0	0	51	[]	0	0
55	123457289	0	0	0	265	0	0	0	0	0	0	0	0	0	0	0	1	0	92	48	0	14	48	50	24	0	0	0	51	[]	0	0
56	123457289	0	0	0	266	0	0	0	0	0	0	0	0	0	0	0	0	0	93	48	0	14	48	50	24	0	0	0	51	[]	0	0
57	123457289	0	0	0	266	0	0	0	0	0	0	0	0	0	0	0	0	0	93	48	0	14	48	50	24	0	0	0	51	[]	0	0
58	123457289	0	0	0	266	0	0	0	0	0	0	0	0	0	0	0	0	0	96	48	0	14	48	50	24	0	0	0	51	[]	0	0
59	123457289	0	0	0	266	0	0	0	0	0	0	0	0	0	0	0	0	0	100	48	0	14	48	50	24	0	0	0	51	[]	0	0
60	123457289	0	0	0	266	0	0	0	0	0	0	0	0	0	0	0	0	0	101	48	0	14	48	50	24	0	0	0	51	[]	0	0
