day	seedRun	susceptible	exposed	infected	removed	susceptible-in-quarantine	exposed-in-quarantine	infected-in-quarantine	removed-in-quarantine	susceptible-in-quarantine-external-1	exposed-in-quarantine-external-1	infected-in-quarantine-external-1	removed-in-quarantine-external-1	susceptible-in-quarantine-external-2	exposed-in-quarantine-external-2	infected-in-quarantine-external-2	removed-in-quarantine-external-2	num-of-screened-agents	num-of-screened-agents-external-1	num-of-screened-agents-external-2	num-of-positive-agents	num-of-positive-agents-external-1	num-of-positive-agents-external-2	num-vaccinated-susceptible	num-vaccinated-exposed	num-vaccinated-infected	num-vaccinated-removed	num-vaccinated-susceptible-in-quarantine	num-vaccinated-exposed-in-quarantine	num-vaccinated-infected-in-quarantine	num-vaccinated-removed-in-quarantine	num-vaccinated-susceptible-in-quarantine-external-1	num-vaccinated-exposed-in-quarantine-external-1	num-vaccinated-infected-in-quarantine-external-1	num-vaccinated-removed-in-quarantine-external-1	num-vaccinated-susceptible-in-quarantine-external-2	num-vaccinated-exposed-in-quarantine-external-2	num-vaccinated-infected-in-quarantine-external-2	num-vaccinated-removed-in-quarantine-external-2	num-infected-outside	classroom-in-quarantine	num-of-classroom-in-quarantine	classroom-with-at-least-one-infected
0	123456893	240	0	0	0	0	0	0	0	0	0	0	0	0	0	0	0	0	0	0	0	0	0	50	0	0	0	0	0	0	0	0	0	0	0	0	0	0	0	0	[]	0	0
1	123456893	240	0	0	0	0	0	0	0	0	0	0	0	0	0	0	0	0	4	0	0	0	0	50	0	0	0	0	0	0	0	0	0	0	0	0	0	0	0	0	[]	0	0
2	123456893	240	0	0	0	0	0	0	0	0	0	0	0	0	0	0	0	0	4	0	0	0	0	50	0	0	0	0	0	0	0	0	0	0	0	0	0	0	0	0	[]	0	0
3	123456893	239	1	0	0	0	0	0	0	0	0	0	0	0	0	0	0	0	4	0	0	0	0	50	0	0	0	0	0	0	0	0	0	0	0	0	0	0	0	1	[]	0	0
4	123456893	237	2	1	0	0	0	0	0	0	0	0	0	0	0	0	0	0	4	0	0	0	0	50	0	0	0	0	0	0	0	0	0	0	0	0	0	0	0	1	[]	0	1
5	123456893	234	5	1	0	0	0	0	0	0	0	0	0	0	0	0	0	0	7	0	0	0	0	50	0	0	0	0	0	0	0	0	0	0	0	0	0	0	0	1	[]	0	1
6	123456893	234	5	1	0	0	0	0	0	0	0	0	0	0	0	0	0	0	7	0	0	0	0	50	0	0	0	0	0	0	0	0	0	0	0	0	0	0	0	1	[]	0	1
7	123456893	234	4	2	0	0	0	0	0	0	0	0	0	0	0	0	0	0	7	0	0	0	0	50	0	0	0	0	0	0	0	0	0	0	0	0	0	0	0	1	[]	0	1
8	123456893	232	6	1	1	0	0	0	0	0	0	0	0	0	0	0	0	0	7	0	0	0	0	50	0	0	0	0	0	0	0	0	0	0	0	0	0	0	0	1	[]	0	1
9	123456893	227	10	2	1	0	0	0	0	0	0	0	0	0	0	0	0	0	8	0	0	0	0	49	1	0	0	0	0	0	0	0	0	0	0	0	0	0	0	2	[]	0	1
10	123456893	219	14	5	2	0	0	0	0	0	0	0	0	0	0	0	0	0	8	0	0	0	0	49	1	0	0	0	0	0	0	0	0	0	0	0	0	0	0	3	[]	0	2
11	123456893	218	11	8	3	0	0	0	0	0	0	0	0	0	0	0	0	0	8	0	0	0	0	49	0	1	0	0	0	0	0	0	0	0	0	0	0	0	0	3	[]	0	2
12	123456893	211	14	10	5	0	0	0	0	0	0	0	0	0	0	0	0	0	8	0	0	0	0	48	1	1	0	0	0	0	0	0	0	0	0	0	0	0	0	3	[]	0	3
13	123456893	211	9	14	6	0	0	0	0	0	0	0	0	0	0	0	0	0	8	0	0	0	0	48	1	1	0	0	0	0	0	0	0	0	0	0	0	0	0	3	[]	0	3
14	123456893	211	6	14	9	0	0	0	0	0	0	0	0	0	0	0	0	0	9	0	0	0	0	48	1	1	0	0	0	0	0	0	0	0	0	0	0	0	0	3	[]	0	3
15	123456893	204	11	14	11	0	0	0	0	0	0	0	0	0	0	0	0	0	9	0	0	0	0	48	0	2	0	0	0	0	0	0	0	0	0	0	0	0	0	3	[]	0	3
16	123456893	197	17	15	11	0	0	0	0	0	0	0	0	0	0	0	0	0	12	0	0	0	0	48	0	1	1	0	0	0	0	0	0	0	0	0	0	0	0	3	[]	0	3
17	123456893	188	8	15	9	4	5	8	2	0	0	1	0	0	0	0	0	19	13	0	8	1	0	46	2	1	1	0	0	0	0	0	0	0	0	0	0	0	0	3	[3A]	1	4
18	123456893	177	19	14	10	4	3	8	4	0	0	1	0	0	0	0	0	19	16	0	8	1	0	46	2	1	1	0	0	0	0	0	0	0	0	0	0	0	0	3	[3A]	1	4
19	123456893	163	12	14	11	14	8	11	5	0	0	1	0	0	0	1	0	38	17	1	11	1	1	46	2	1	1	0	0	0	0	0	0	0	0	0	0	0	0	4	[3A 1A]	2	4
20	123456893	162	9	14	15	14	6	13	5	0	0	1	0	0	0	1	0	38	17	1	11	1	1	46	2	1	1	0	0	0	0	0	0	0	0	0	0	0	0	5	[3A 1A]	2	4
21	123456893	157	3	6	14	18	10	20	9	0	0	0	1	0	0	2	0	57	17	2	19	1	2	46	1	2	1	0	0	0	0	0	0	0	0	0	0	0	0	6	[3A 1A 1B]	3	4
22	123456893	155	4	5	16	18	8	19	12	0	0	0	1	0	0	2	0	57	17	2	19	1	2	46	1	2	1	0	0	0	0	0	0	0	0	0	0	0	0	6	[3A 1A 1B]	3	5
23	123456893	150	8	6	16	18	6	18	15	0	0	0	1	0	0	2	0	57	17	2	19	1	2	44	3	2	1	0	0	0	0	0	0	0	0	0	0	0	0	6	[3A 1A 1B]	3	6
24	123456893	144	10	9	17	18	4	18	17	0	0	0	1	0	0	2	0	57	18	2	19	1	2	44	3	2	1	0	0	0	0	0	0	0	0	0	0	0	0	6	[3A 1A 1B]	3	6
25	123456893	130	7	5	18	28	8	18	22	0	0	1	1	0	0	1	1	76	19	2	22	2	2	44	2	3	1	0	0	0	0	0	0	0	0	0	0	0	0	6	[3A 1A 1B 2D]	4	6
26	123456893	127	9	6	18	28	6	16	26	0	0	1	1	0	0	1	1	76	19	2	22	2	2	44	2	3	1	0	0	0	0	0	0	0	0	0	0	0	0	6	[3A 1A 1B 2D]	4	6
27	123456893	126	8	6	20	28	5	16	27	0	0	1	1	0	0	1	1	76	21	2	22	2	2	44	2	3	1	0	0	0	0	0	0	0	0	0	0	0	0	7	[3A 1A 1B 2D]	4	6
28	123456893	126	4	9	21	28	3	14	31	0	0	1	1	0	0	1	1	76	21	2	22	2	2	44	2	3	1	0	0	0	0	0	0	0	0	0	0	0	0	7	[3A 1A 1B 2D]	4	6
29	123456893	121	8	8	23	28	0	13	35	0	0	1	1	0	0	1	1	76	21	2	22	2	2	44	2	3	1	0	0	0	0	0	0	0	0	0	0	0	0	7	[3A 1A 1B 2D]	4	6
30	123456893	121	8	6	25	28	0	11	37	0	0	0	2	0	0	1	1	76	21	2	22	2	2	44	1	4	1	0	0	0	0	0	0	0	0	0	0	0	0	7	[3A 1A 1B 2D]	4	6
31	123456893	125	5	8	42	24	0	9	24	0	0	0	1	0	0	0	2	76	21	2	22	2	2	44	0	5	1	0	0	0	0	0	0	0	0	0	0	0	0	7	[1A 1B 2D]	3	4
32	123456893	124	5	7	44	24	0	9	24	0	0	0	1	0	0	0	2	76	21	2	22	2	2	44	0	4	2	0	0	0	0	0	0	0	0	0	0	0	0	8	[1A 1B 2D]	3	4
33	123456893	131	2	1	46	15	2	11	29	0	0	0	1	0	0	1	1	95	21	3	28	2	3	44	0	4	2	0	0	0	0	0	0	0	0	0	0	0	0	8	[1B 2D 1C]	3	4
34	123456893	131	1	2	46	15	2	11	29	0	0	0	1	0	0	1	1	95	22	3	28	2	3	44	0	3	3	0	0	0	0	0	0	0	0	0	0	0	0	8	[1B 2D 1C]	3	4
35	123456893	134	2	2	62	11	1	10	16	0	0	0	1	0	0	1	0	95	22	3	28	2	3	44	0	3	3	0	0	0	0	0	0	0	0	0	0	0	0	9	[2D 1C]	2	3
36	123456893	131	5	2	62	11	1	8	18	0	0	0	1	0	0	1	0	95	24	3	28	2	3	44	0	3	3	0	0	0	0	0	0	0	0	0	0	0	0	9	[2D 1C]	2	3
37	123456893	129	7	2	62	11	1	6	20	0	0	0	1	0	0	1	0	95	26	3	28	2	3	44	0	3	3	0	0	0	0	0	0	0	0	0	0	0	0	9	[2D 1C]	2	3
38	123456893	128	7	2	63	11	1	5	21	0	0	0	1	0	0	1	0	95	27	3	28	2	3	44	0	3	3	0	0	0	0	0	0	0	0	0	0	0	0	9	[2D 1C]	2	3
39	123456893	133	10	4	73	1	1	3	14	0	0	0	0	0	0	1	0	95	29	3	28	2	3	43	1	2	4	0	0	0	0	0	0	0	0	0	0	0	0	9	[1C]	1	2
40	123456893	130	11	5	74	1	0	4	14	0	0	0	0	0	0	1	0	95	30	3	28	2	3	42	2	1	5	0	0	0	0	0	0	0	0	0	0	0	0	9	[1C]	1	2
41	123456893	130	10	4	76	1	0	4	14	0	0	0	0	0	0	0	1	95	30	3	28	2	3	42	2	1	5	0	0	0	0	0	0	0	0	0	0	0	0	9	[1C]	1	2
42	123456893	130	7	6	77	1	0	4	14	0	0	0	0	0	0	0	1	95	31	3	28	2	3	42	1	2	5	0	0	0	0	0	0	0	0	0	0	0	0	9	[1C]	1	2
43	123456893	125	2	1	72	5	3	11	19	0	0	0	0	0	0	1	1	114	32	4	35	2	4	42	1	2	5	0	0	0	0	0	0	0	0	0	0	0	0	9	[1C 2B]	2	3
44	123456893	125	2	1	72	5	3	11	19	0	0	0	0	0	0	1	1	114	32	4	35	2	4	42	1	2	5	0	0	0	0	0	0	0	0	0	0	0	0	9	[1C 2B]	2	3
45	123456893	124	2	2	72	5	3	10	20	0	0	0	0	0	0	1	1	114	32	4	35	2	4	42	1	2	5	0	0	0	0	0	0	0	0	0	0	0	0	9	[1C 2B]	2	3
46	123456893	119	5	4	72	5	2	9	22	0	0	0	0	0	0	1	1	114	34	4	35	2	4	42	1	2	5	0	0	0	0	0	0	0	0	0	0	0	0	9	[1C 2B]	2	4
47	123456893	113	9	6	92	4	2	3	10	0	0	0	0	0	0	1	0	114	34	4	35	2	4	42	1	2	5	0	0	0	0	0	0	0	0	0	0	0	0	10	[2B]	1	3
48	123456893	113	7	7	93	4	2	3	10	0	0	0	0	0	0	1	0	114	34	4	35	2	4	42	1	2	5	0	0	0	0	0	0	0	0	0	0	0	0	10	[2B]	1	3
49	123456893	113	5	8	94	4	1	4	10	0	0	0	0	0	0	1	0	114	34	4	35	2	4	42	1	1	6	0	0	0	0	0	0	0	0	0	0	0	0	10	[2B]	1	3
50	123456893	103	15	7	95	4	1	3	11	0	0	0	0	0	0	0	1	114	34	4	35	2	4	42	0	2	6	0	0	0	0	0	0	0	0	0	0	0	0	10	[2B]	1	3
51	123456893	99	18	7	96	4	0	4	11	0	0	0	0	0	0	0	1	114	34	4	35	2	4	42	0	1	7	0	0	0	0	0	0	0	0	0	0	0	0	10	[2B]	1	3
52	123456893	90	23	9	98	4	0	4	11	0	0	0	0	0	0	0	1	114	34	4	35	2	4	41	1	1	7	0	0	0	0	0	0	0	0	0	0	0	0	10	[2B]	1	3
53	123456893	86	14	6	94	5	6	10	17	0	0	0	0	0	0	1	1	133	35	5	41	2	5	41	1	0	8	0	0	0	0	0	0	0	0	0	0	0	0	10	[2B 3B]	2	3
54	123456893	84	12	10	94	5	6	8	19	0	0	0	0	0	0	1	1	133	35	5	41	2	5	41	1	0	8	0	0	0	0	0	0	0	0	0	0	0	0	10	[2B 3B]	2	4
55	123456893	84	8	13	95	5	5	9	19	0	0	0	0	0	0	1	1	133	36	5	41	2	5	41	1	0	8	0	0	0	0	0	0	0	0	0	0	0	0	10	[2B 3B]	2	4
56	123456893	84	5	14	97	5	5	7	21	0	0	0	0	0	0	1	1	133	36	5	41	2	5	41	0	1	8	0	0	0	0	0	0	0	0	0	0	0	0	10	[2B 3B]	2	4
57	123456893	85	8	12	115	1	5	3	10	0	0	0	0	0	0	1	0	133	37	5	41	2	5	41	0	1	8	0	0	0	0	0	0	0	0	0	0	0	0	10	[3B]	1	3
58	123456893	81	9	13	117	1	4	3	11	0	0	0	0	0	0	1	0	133	37	5	41	2	5	41	0	1	8	0	0	0	0	0	0	0	0	0	0	0	0	10	[3B]	1	4
59	123456893	72	12	6	110	1	5	8	24	0	0	0	0	0	0	2	0	152	38	6	46	2	6	41	0	1	8	0	0	0	0	0	0	0	0	0	0	0	0	10	[3B 2C]	2	4
60	123456893	67	11	11	111	1	5	5	27	0	0	0	0	0	0	2	0	152	38	6	46	2	6	41	0	1	8	0	0	0	0	0	0	0	0	0	0	0	0	10	[3B 2C]	2	4
