day	seedRun	susceptible	exposed	infected	removed	susceptible-in-quarantine	exposed-in-quarantine	infected-in-quarantine	removed-in-quarantine	susceptible-in-quarantine-external-1	exposed-in-quarantine-external-1	infected-in-quarantine-external-1	removed-in-quarantine-external-1	susceptible-in-quarantine-external-2	exposed-in-quarantine-external-2	infected-in-quarantine-external-2	removed-in-quarantine-external-2	num-of-screened-agents	num-of-screened-agents-external-1	num-of-screened-agents-external-2	num-of-positive-agents	num-of-positive-agents-external-1	num-of-positive-agents-external-2	num-vaccinated-susceptible	num-vaccinated-exposed	num-vaccinated-infected	num-vaccinated-removed	num-vaccinated-susceptible-in-quarantine	num-vaccinated-exposed-in-quarantine	num-vaccinated-infected-in-quarantine	num-vaccinated-removed-in-quarantine	num-vaccinated-susceptible-in-quarantine-external-1	num-vaccinated-exposed-in-quarantine-external-1	num-vaccinated-infected-in-quarantine-external-1	num-vaccinated-removed-in-quarantine-external-1	num-vaccinated-susceptible-in-quarantine-external-2	num-vaccinated-exposed-in-quarantine-external-2	num-vaccinated-infected-in-quarantine-external-2	num-vaccinated-removed-in-quarantine-external-2	num-infected-outside	classroom-in-quarantine	num-of-classroom-in-quarantine	classroom-with-at-least-one-infected
0	123456884	240	0	0	0	0	0	0	0	0	0	0	0	0	0	0	0	0	0	0	0	0	0	50	0	0	0	0	0	0	0	0	0	0	0	0	0	0	0	0	[]	0	0
1	123456884	240	0	0	0	0	0	0	0	0	0	0	0	0	0	0	0	0	1	0	0	0	0	50	0	0	0	0	0	0	0	0	0	0	0	0	0	0	0	0	[]	0	0
2	123456884	240	0	0	0	0	0	0	0	0	0	0	0	0	0	0	0	0	4	0	0	0	0	50	0	0	0	0	0	0	0	0	0	0	0	0	0	0	0	0	[]	0	0
3	123456884	240	0	0	0	0	0	0	0	0	0	0	0	0	0	0	0	0	6	0	0	0	0	49	1	0	0	0	0	0	0	0	0	0	0	0	0	0	0	1	[]	0	0
4	123456884	239	1	0	0	0	0	0	0	0	0	0	0	0	0	0	0	0	6	0	0	0	0	49	0	1	0	0	0	0	0	0	0	0	0	0	0	0	0	1	[]	0	0
5	123456884	238	2	0	0	0	0	0	0	0	0	0	0	0	0	0	0	0	9	0	0	0	0	49	0	1	0	0	0	0	0	0	0	0	0	0	0	0	0	2	[]	0	0
6	123456884	238	0	2	0	0	0	0	0	0	0	0	0	0	0	0	0	0	11	0	0	0	0	49	0	1	0	0	0	0	0	0	0	0	0	0	0	0	0	2	[]	0	2
7	123456884	238	0	2	0	0	0	0	0	0	0	0	0	0	0	0	0	0	12	0	0	0	0	49	0	1	0	0	0	0	0	0	0	0	0	0	0	0	0	2	[]	0	2
8	123456884	236	2	2	0	0	0	0	0	0	0	0	0	0	0	0	0	0	12	0	0	0	0	49	0	1	0	0	0	0	0	0	0	0	0	0	0	0	0	2	[]	0	2
9	123456884	232	6	1	1	0	0	0	0	0	0	0	0	0	0	0	0	0	12	0	0	0	0	49	0	1	0	0	0	0	0	0	0	0	0	0	0	0	0	2	[]	0	1
10	123456884	228	9	2	1	0	0	0	0	0	0	0	0	0	0	0	0	0	12	0	0	0	0	49	0	1	0	0	0	0	0	0	0	0	0	0	0	0	0	3	[]	0	2
11	123456884	225	10	4	1	0	0	0	0	0	0	0	0	0	0	0	0	0	13	0	0	0	0	49	0	1	0	0	0	0	0	0	0	0	0	0	0	0	0	3	[]	0	2
12	123456884	218	14	7	1	0	0	0	0	0	0	0	0	0	0	0	0	0	13	0	0	0	0	49	0	1	0	0	0	0	0	0	0	0	0	0	0	0	0	3	[]	0	3
13	123456884	218	9	12	1	0	0	0	0	0	0	0	0	0	0	0	0	0	13	0	0	0	0	49	0	1	0	0	0	0	0	0	0	0	0	0	0	0	0	3	[]	0	4
14	123456884	218	4	17	1	0	0	0	0	0	0	0	0	0	0	0	0	0	13	0	0	0	0	49	0	1	0	0	0	0	0	0	0	0	0	0	0	0	0	3	[]	0	4
15	123456884	195	10	11	4	15	1	2	1	0	0	1	0	0	0	0	0	19	14	0	2	1	0	48	1	1	0	0	0	0	0	0	0	0	0	0	0	0	0	3	[2B]	1	4
16	123456884	185	19	11	5	15	1	1	2	0	0	1	0	0	0	0	0	19	15	0	2	1	0	48	1	1	0	0	0	0	0	0	0	0	0	0	0	0	0	4	[2B]	1	4
17	123456884	168	32	14	6	15	1	0	3	0	0	0	1	0	0	0	0	19	15	0	2	1	0	48	1	1	0	0	0	0	0	0	0	0	0	0	0	0	0	4	[2B]	1	4
18	123456884	161	29	19	11	15	1	0	3	0	0	0	1	0	0	0	0	19	16	0	2	1	0	47	1	1	1	0	0	0	0	0	0	0	0	0	0	0	0	4	[2B]	1	4
19	123456884	144	17	14	5	27	7	14	9	0	0	0	1	0	0	2	0	57	16	2	16	1	2	46	2	1	1	0	0	0	0	0	0	0	0	0	0	0	0	4	[2B 3A 1B]	3	4
20	123456884	144	12	18	6	27	4	15	11	0	0	0	1	0	0	1	1	57	16	2	16	1	2	46	2	1	1	0	0	0	0	0	0	0	0	0	0	0	0	4	[2B 3A 1B]	3	7
21	123456884	144	9	20	7	27	1	17	12	0	0	0	1	0	0	0	2	57	16	2	16	1	2	46	0	2	2	0	0	0	0	0	0	0	0	0	0	0	0	4	[2B 3A 1B]	3	9
22	123456884	132	16	23	9	27	1	16	13	0	0	0	1	0	0	0	2	57	16	2	16	1	2	45	1	1	3	0	0	0	0	0	0	0	0	0	0	0	0	4	[2B 3A 1B]	3	9
23	123456884	124	21	23	12	27	1	14	15	0	0	0	1	0	0	0	2	57	16	2	16	1	2	44	2	1	3	0	0	0	0	0	0	0	0	0	0	0	0	4	[2B 3A 1B]	3	9
24	123456884	106	26	20	8	30	6	20	20	0	0	1	1	0	0	0	2	76	18	2	23	2	2	43	3	1	3	0	0	0	0	0	0	0	0	0	0	0	0	4	[2B 3A 1B 2A]	4	9
25	123456884	98	31	17	14	30	6	16	24	0	0	1	1	0	0	0	2	76	19	2	23	2	2	43	2	2	3	0	0	0	0	0	0	0	0	0	0	0	0	4	[2B 3A 1B 2A]	4	8
26	123456884	88	36	19	17	30	6	11	29	0	0	1	1	0	0	0	2	76	19	2	23	2	2	43	1	2	4	0	0	0	0	0	0	0	0	0	0	0	0	4	[2B 3A 1B 2A]	4	8
27	123456884	88	25	27	20	30	5	12	29	0	0	1	1	0	0	0	2	76	19	2	23	2	2	43	0	3	4	0	0	0	0	0	0	0	0	0	0	0	0	4	[2B 3A 1B 2A]	4	8
28	123456884	88	19	28	25	30	4	11	31	0	0	1	1	0	0	0	2	76	19	2	23	2	2	43	0	3	4	0	0	0	0	0	0	0	0	0	0	0	0	4	[2B 3A 1B 2A]	4	8
29	123456884	91	27	30	32	15	4	11	27	0	0	1	0	0	0	0	2	76	19	2	23	2	2	43	0	3	4	0	0	0	0	0	0	0	0	0	0	0	0	4	[3A 1B 2A]	3	8
30	123456884	82	30	31	37	15	3	11	28	0	0	1	0	0	0	0	2	76	19	2	23	2	2	43	0	3	4	0	0	0	0	0	0	0	0	0	0	0	0	4	[3A 1B 2A]	3	8
31	123456884	78	26	36	40	15	2	10	30	0	0	1	0	0	0	0	2	76	19	2	23	2	2	43	0	2	5	0	0	0	0	0	0	0	0	0	0	0	0	5	[3A 1B 2A]	3	9
32	123456884	70	23	28	39	16	7	12	41	0	0	0	1	0	0	1	2	95	19	3	27	2	3	42	1	2	5	0	0	0	0	0	0	0	0	0	0	0	0	6	[3A 1B 2A 3D]	4	8
33	123456884	74	25	29	72	4	4	11	19	0	0	0	1	0	0	1	0	95	21	3	27	2	3	42	1	1	6	0	0	0	0	0	0	0	0	0	0	0	0	6	[2A 3D]	2	8
34	123456884	74	20	28	78	4	2	12	20	0	0	0	1	0	0	1	0	95	21	3	27	2	3	42	0	2	6	0	0	0	0	0	0	0	0	0	0	0	0	6	[2A 3D]	2	9
35	123456884	74	16	27	83	4	2	9	23	0	0	0	1	0	0	1	0	95	21	3	27	2	3	42	0	2	6	0	0	0	0	0	0	0	0	0	0	0	0	6	[2A 3D]	2	9
36	123456884	66	15	19	80	4	3	14	36	0	0	0	1	0	0	1	1	114	22	4	33	2	4	41	1	1	7	0	0	0	0	0	0	0	0	0	0	0	0	7	[2A 3D 1A]	3	8
37	123456884	54	23	22	81	4	1	14	38	0	0	0	1	0	0	1	1	114	22	4	33	2	4	41	1	1	7	0	0	0	0	0	0	0	0	0	0	0	0	7	[2A 3D 1A]	3	9
38	123456884	41	19	20	100	9	5	17	26	0	0	0	0	0	0	2	1	133	22	5	40	2	5	41	1	1	7	0	0	0	0	0	0	0	0	0	0	0	0	7	[3D 1A 1C]	3	9
39	123456884	33	24	21	102	9	2	16	30	0	0	0	0	0	0	1	2	133	22	5	40	2	5	41	1	1	7	0	0	0	0	0	0	0	0	0	0	0	0	7	[3D 1A 1C]	3	8
40	123456884	26	23	27	104	9	1	15	32	0	0	0	0	0	0	0	3	133	22	5	40	2	5	40	2	0	8	0	0	0	0	0	0	0	0	0	0	0	0	7	[3D 1A 1C]	3	8
41	123456884	26	18	29	107	9	1	15	32	0	0	0	0	0	0	0	3	133	22	5	40	2	5	40	2	0	8	0	0	0	0	0	0	0	0	0	0	0	0	7	[3D 1A 1C]	3	8
42	123456884	26	15	26	113	9	0	16	32	0	0	0	0	0	0	0	3	133	23	5	40	2	5	40	2	0	8	0	0	0	0	0	0	0	0	0	0	0	0	7	[3D 1A 1C]	3	8
43	123456884	20	16	29	115	9	0	13	35	0	0	0	0	0	0	0	3	133	23	5	40	2	5	40	2	0	8	0	0	0	0	0	0	0	0	0	0	0	0	7	[3D 1A 1C]	3	8
44	123456884	17	17	30	116	9	0	13	35	0	0	0	0	0	0	0	3	133	23	5	40	2	5	40	2	0	8	0	0	0	0	0	0	0	0	0	0	0	0	7	[3D 1A 1C]	3	8
45	123456884	15	17	27	121	9	0	13	35	0	0	0	0	0	0	0	3	133	23	5	40	2	5	40	2	0	8	0	0	0	0	0	0	0	0	0	0	0	0	7	[3D 1A 1C]	3	8
46	123456884	16	12	30	142	8	0	9	21	0	0	0	0	0	0	0	2	133	24	5	40	2	5	40	1	1	8	0	0	0	0	0	0	0	0	0	0	0	0	7	[1A 1C]	2	7
47	123456884	15	10	31	144	8	0	8	22	0	0	0	0	0	0	0	2	133	26	5	40	2	5	39	2	0	9	0	0	0	0	0	0	0	0	0	0	0	0	7	[1A 1C]	2	7
48	123456884	15	6	9	130	8	3	23	42	0	0	1	0	0	0	1	2	171	30	6	55	3	6	39	1	1	9	0	0	0	0	0	0	0	0	0	0	0	0	7	[1A 1C 2B 3B]	4	7
49	123456884	15	4	8	133	8	3	18	47	0	0	1	0	0	0	1	2	171	30	6	55	3	6	39	0	2	9	0	0	0	0	0	0	0	0	0	0	0	0	7	[1A 1C 2B 3B]	4	7
50	123456884	15	4	6	155	8	1	15	33	0	0	1	0	0	0	1	1	171	30	6	55	3	6	39	0	2	9	0	0	0	0	0	0	0	0	0	0	0	0	7	[1C 2B 3B]	3	6
51	123456884	15	3	5	157	8	1	14	34	0	0	1	0	0	0	1	1	171	31	6	55	3	6	39	0	2	9	0	0	0	0	0	0	0	0	0	0	0	0	7	[1C 2B 3B]	3	6
52	123456884	23	3	4	170	0	1	9	28	0	0	1	0	0	0	1	0	171	31	6	55	3	6	39	0	1	10	0	0	0	0	0	0	0	0	0	0	0	0	7	[2B 3B]	2	5
53	123456884	23	0	2	155	0	2	10	45	0	0	1	0	0	0	2	0	190	31	7	57	3	7	39	0	1	10	0	0	0	0	0	0	0	0	0	0	0	0	7	[2B 3B 1D]	3	5
54	123456884	23	0	2	155	0	2	9	46	0	0	1	0	0	0	2	0	190	31	7	57	3	7	39	0	0	11	0	0	0	0	0	0	0	0	0	0	0	0	7	[2B 3B 1D]	3	5
55	123456884	23	0	1	156	0	1	10	46	0	0	1	0	0	0	2	0	190	31	7	57	3	7	39	0	0	11	0	0	0	0	0	0	0	0	0	0	0	0	7	[2B 3B 1D]	3	4
56	123456884	23	0	1	156	0	1	8	48	0	0	1	0	0	0	1	1	190	32	7	57	3	7	39	0	0	11	0	0	0	0	0	0	0	0	0	0	0	0	7	[2B 3B 1D]	3	4
57	123456884	23	0	1	156	0	1	5	51	0	0	1	0	0	0	1	1	190	32	7	57	3	7	39	0	0	11	0	0	0	0	0	0	0	0	0	0	0	0	7	[2B 3B 1D]	3	4
58	123456884	23	0	1	156	0	0	6	51	0	0	1	0	0	0	1	1	190	32	7	57	3	7	39	0	0	11	0	0	0	0	0	0	0	0	0	0	0	0	7	[2B 3B 1D]	3	4
59	123456884	23	0	1	156	0	0	4	53	0	0	1	0	0	0	1	1	190	32	7	57	3	7	39	0	0	11	0	0	0	0	0	0	0	0	0	0	0	0	7	[2B 3B 1D]	3	4
60	123456884	23	0	1	156	0	0	3	54	0	0	1	0	0	0	1	1	190	32	7	57	3	7	39	0	0	11	0	0	0	0	0	0	0	0	0	0	0	0	7	[2B 3B 1D]	3	3
