day	seedRun	susceptible	exposed	infected	removed	susceptible-in-quarantine	exposed-in-quarantine	infected-in-quarantine	removed-in-quarantine	susceptible-in-quarantine-external-1	exposed-in-quarantine-external-1	infected-in-quarantine-external-1	removed-in-quarantine-external-1	susceptible-in-quarantine-external-2	exposed-in-quarantine-external-2	infected-in-quarantine-external-2	removed-in-quarantine-external-2	num-of-screened-agents	num-of-screened-agents-external-1	num-of-screened-agents-external-2	num-of-positive-agents	num-of-positive-agents-external-1	num-of-positive-agents-external-2	num-vaccinated-susceptible	num-vaccinated-exposed	num-vaccinated-infected	num-vaccinated-removed	num-vaccinated-susceptible-in-quarantine	num-vaccinated-exposed-in-quarantine	num-vaccinated-infected-in-quarantine	num-vaccinated-removed-in-quarantine	num-vaccinated-susceptible-in-quarantine-external-1	num-vaccinated-exposed-in-quarantine-external-1	num-vaccinated-infected-in-quarantine-external-1	num-vaccinated-removed-in-quarantine-external-1	num-vaccinated-susceptible-in-quarantine-external-2	num-vaccinated-exposed-in-quarantine-external-2	num-vaccinated-infected-in-quarantine-external-2	num-vaccinated-removed-in-quarantine-external-2	num-infected-outside	classroom-in-quarantine	num-of-classroom-in-quarantine	classroom-with-at-least-one-infected
0	123456920	240	0	0	0	0	0	0	0	0	0	0	0	0	0	0	0	0	0	0	0	0	0	50	0	0	0	0	0	0	0	0	0	0	0	0	0	0	0	0	[]	0	0
1	123456920	240	0	0	0	0	0	0	0	0	0	0	0	0	0	0	0	0	3	0	0	0	0	50	0	0	0	0	0	0	0	0	0	0	0	0	0	0	0	0	[]	0	0
2	123456920	239	1	0	0	0	0	0	0	0	0	0	0	0	0	0	0	0	3	0	0	0	0	50	0	0	0	0	0	0	0	0	0	0	0	0	0	0	0	1	[]	0	0
3	123456920	239	1	0	0	0	0	0	0	0	0	0	0	0	0	0	0	0	3	0	0	0	0	50	0	0	0	0	0	0	0	0	0	0	0	0	0	0	0	1	[]	0	0
4	123456920	238	2	0	0	0	0	0	0	0	0	0	0	0	0	0	0	0	4	0	0	0	0	50	0	0	0	0	0	0	0	0	0	0	0	0	0	0	0	2	[]	0	0
5	123456920	235	3	2	0	0	0	0	0	0	0	0	0	0	0	0	0	0	4	0	0	0	0	50	0	0	0	0	0	0	0	0	0	0	0	0	0	0	0	2	[]	0	1
6	123456920	235	2	2	1	0	0	0	0	0	0	0	0	0	0	0	0	0	4	0	0	0	0	50	0	0	0	0	0	0	0	0	0	0	0	0	0	0	0	2	[]	0	1
7	123456920	235	1	3	1	0	0	0	0	0	0	0	0	0	0	0	0	0	4	0	0	0	0	50	0	0	0	0	0	0	0	0	0	0	0	0	0	0	0	2	[]	0	1
8	123456920	234	2	2	2	0	0	0	0	0	0	0	0	0	0	0	0	0	4	0	0	0	0	50	0	0	0	0	0	0	0	0	0	0	0	0	0	0	0	2	[]	0	1
9	123456920	232	3	3	2	0	0	0	0	0	0	0	0	0	0	0	0	0	6	0	0	0	0	50	0	0	0	0	0	0	0	0	0	0	0	0	0	0	0	2	[]	0	1
10	123456920	229	6	3	2	0	0	0	0	0	0	0	0	0	0	0	0	0	6	0	0	0	0	50	0	0	0	0	0	0	0	0	0	0	0	0	0	0	0	3	[]	0	1
11	123456920	224	11	3	2	0	0	0	0	0	0	0	0	0	0	0	0	0	6	0	0	0	0	50	0	0	0	0	0	0	0	0	0	0	0	0	0	0	0	3	[]	0	1
12	123456920	220	12	6	2	0	0	0	0	0	0	0	0	0	0	0	0	0	7	0	0	0	0	50	0	0	0	0	0	0	0	0	0	0	0	0	0	0	0	3	[]	0	3
13	123456920	220	11	7	2	0	0	0	0	0	0	0	0	0	0	0	0	0	7	0	0	0	0	50	0	0	0	0	0	0	0	0	0	0	0	0	0	0	0	3	[]	0	3
14	123456920	220	10	7	3	0	0	0	0	0	0	0	0	0	0	0	0	0	7	0	0	0	0	50	0	0	0	0	0	0	0	0	0	0	0	0	0	0	0	3	[]	0	3
15	123456920	199	12	5	4	17	1	1	0	0	0	0	0	0	0	1	0	19	8	1	1	0	1	49	1	0	0	0	0	0	0	0	0	0	0	0	0	0	0	3	[1A]	1	3
16	123456920	194	13	8	5	17	1	1	0	0	0	0	0	0	0	1	0	19	8	1	1	0	1	49	1	0	0	0	0	0	0	0	0	0	0	0	0	0	0	3	[1A]	1	3
17	123456920	189	18	8	5	17	1	0	1	0	0	0	0	0	0	1	0	19	8	1	1	0	1	48	2	0	0	0	0	0	0	0	0	0	0	0	0	0	0	3	[1A]	1	3
18	123456920	182	12	6	0	18	4	10	6	0	0	0	0	0	0	2	0	38	10	2	11	0	2	47	2	1	0	0	0	0	0	0	0	0	0	0	0	0	0	3	[1A 2A]	2	4
19	123456920	177	14	8	1	18	2	10	8	0	0	0	0	0	0	2	0	38	11	2	11	0	2	47	2	1	0	0	0	0	0	0	0	0	0	0	0	0	0	3	[1A 2A]	2	4
20	123456920	176	12	10	2	18	2	9	9	0	0	0	0	0	0	2	0	38	11	2	11	0	2	47	0	3	0	0	0	0	0	0	0	0	0	0	0	0	0	4	[1A 2A]	2	4
21	123456920	174	3	1	2	20	10	13	14	0	0	1	0	0	0	1	1	57	12	2	17	1	2	47	0	2	1	0	0	0	0	0	0	0	0	0	0	0	0	4	[1A 2A 3B]	3	3
22	123456920	172	5	1	2	20	9	12	16	0	0	1	0	0	0	1	1	57	14	2	17	1	2	47	0	2	1	0	0	0	0	0	0	0	0	0	0	0	0	4	[1A 2A 3B]	3	3
23	123456920	170	7	1	2	20	4	17	16	0	0	1	0	0	0	1	1	57	15	2	17	1	2	47	0	1	2	0	0	0	0	0	0	0	0	0	0	0	0	4	[1A 2A 3B]	3	3
24	123456920	166	10	2	2	20	3	17	17	0	0	1	0	0	0	1	1	57	15	2	17	1	2	47	0	1	2	0	0	0	0	0	0	0	0	0	0	0	0	4	[1A 2A 3B]	3	4
25	123456920	158	15	5	2	20	3	13	21	0	0	1	0	0	0	1	1	57	15	2	17	1	2	47	0	1	2	0	0	0	0	0	0	0	0	0	0	0	0	5	[1A 2A 3B]	3	5
26	123456920	144	25	8	3	20	2	10	25	0	0	1	0	0	0	1	1	57	15	2	17	1	2	47	0	1	2	0	0	0	0	0	0	0	0	0	0	0	0	5	[1A 2A 3B]	3	6
27	123456920	144	16	16	4	20	0	8	29	0	0	1	0	0	0	1	1	57	16	2	17	1	2	47	0	1	2	0	0	0	0	0	0	0	0	0	0	0	0	5	[1A 2A 3B]	3	6
28	123456920	144	11	18	7	20	0	8	29	0	0	1	0	0	0	1	1	57	16	2	17	1	2	47	0	0	3	0	0	0	0	0	0	0	0	0	0	0	0	5	[1A 2A 3B]	3	7
29	123456920	139	29	18	14	3	0	8	27	0	0	1	0	0	0	1	0	57	16	2	17	1	2	47	0	0	3	0	0	0	0	0	0	0	0	0	0	0	0	5	[2A 3B]	2	7
30	123456920	125	30	31	14	3	0	8	27	0	0	0	1	0	0	1	0	57	17	2	17	1	2	46	1	0	3	0	0	0	0	0	0	0	0	0	0	0	0	5	[2A 3B]	2	8
31	123456920	108	37	39	16	3	0	8	27	0	0	0	1	0	0	1	0	57	17	2	17	1	2	46	1	0	3	0	0	0	0	0	0	0	0	0	0	0	0	5	[2A 3B]	2	9
32	123456920	98	41	39	42	2	0	4	13	0	0	0	1	0	0	0	0	57	20	2	17	1	2	44	2	1	3	0	0	0	0	0	0	0	0	0	0	0	0	5	[3B]	1	8
33	123456920	88	41	40	51	2	0	4	13	0	0	0	1	0	0	0	0	57	20	2	17	1	2	44	1	2	3	0	0	0	0	0	0	0	0	0	0	0	0	5	[3B]	1	8
34	123456920	83	19	40	58	7	8	8	15	0	0	1	1	0	0	0	0	76	22	2	22	2	2	44	0	2	4	0	0	0	0	0	0	0	0	0	0	0	0	5	[3B 3D]	2	8
35	123456920	85	11	44	80	5	4	8	2	0	0	1	0	0	0	0	0	76	23	2	22	2	2	44	0	1	5	0	0	0	0	0	0	0	0	0	0	0	0	5	[3D]	1	8
36	123456920	74	20	38	88	5	3	8	3	0	0	1	0	0	0	0	0	76	24	2	22	2	2	43	1	1	5	0	0	0	0	0	0	0	0	0	0	0	0	5	[3D]	1	7
37	123456920	66	19	34	81	5	2	10	21	0	0	1	0	0	0	1	0	95	25	3	23	2	3	42	1	2	5	0	0	0	0	0	0	0	0	0	0	0	0	5	[3D 2B]	2	8
38	123456920	61	20	32	87	5	1	9	23	0	0	1	0	0	0	1	0	95	27	3	23	2	3	41	2	2	5	0	0	0	0	0	0	0	0	0	0	0	0	5	[3D 2B]	2	8
39	123456920	47	24	37	92	5	1	8	24	0	0	1	0	0	0	1	0	95	27	3	23	2	3	41	0	4	5	0	0	0	0	0	0	0	0	0	0	0	0	5	[3D 2B]	2	9
40	123456920	41	21	40	98	5	0	9	24	0	0	0	1	0	0	1	0	95	27	3	23	2	3	41	0	4	5	0	0	0	0	0	0	0	0	0	0	0	0	5	[3D 2B]	2	9
41	123456920	41	14	42	103	5	0	9	24	0	0	0	1	0	0	1	0	95	27	3	23	2	3	40	1	3	6	0	0	0	0	0	0	0	0	0	0	0	0	6	[3D 2B]	2	9
42	123456920	41	8	43	108	5	0	9	24	0	0	0	1	0	0	1	0	95	27	3	23	2	3	40	0	4	6	0	0	0	0	0	0	0	0	0	0	0	0	6	[3D 2B]	2	9
43	123456920	31	16	37	116	5	0	7	26	0	0	0	1	0	0	0	1	95	28	3	23	2	3	39	1	4	6	0	0	0	0	0	0	0	0	0	0	0	0	6	[3D 2B]	2	8
44	123456920	27	18	33	122	5	0	5	28	0	0	0	1	0	0	0	1	95	29	3	23	2	3	39	1	4	6	0	0	0	0	0	0	0	0	0	0	0	0	6	[3D 2B]	2	8
45	123456920	25	16	30	109	5	0	8	44	0	0	1	1	0	0	0	1	114	30	3	27	3	3	39	1	3	7	0	0	0	0	0	0	0	0	0	0	0	0	6	[3D 2B 2C]	3	8
46	123456920	20	5	23	112	10	6	14	46	0	0	1	1	0	0	1	1	133	30	4	33	3	4	39	1	3	7	0	0	0	0	0	0	0	0	0	0	0	0	6	[3D 2B 2C 1C]	4	9
47	123456920	18	6	20	116	10	5	12	49	0	0	1	1	0	0	1	1	133	30	4	33	3	4	39	0	4	7	0	0	0	0	0	0	0	0	0	0	0	0	6	[3D 2B 2C 1C]	4	8
48	123456920	23	3	16	118	5	5	14	52	0	0	2	0	0	0	1	1	152	31	4	38	4	4	39	0	4	7	0	0	0	0	0	0	0	0	0	0	0	0	6	[2B 2C 1C 3A]	4	7
49	123456920	23	1	16	120	5	3	15	53	0	0	2	0	0	0	1	1	152	33	4	38	4	4	39	0	3	8	0	0	0	0	0	0	0	0	0	0	0	0	6	[2B 2C 1C 3A]	4	7
50	123456920	23	1	14	122	5	2	13	56	0	0	1	1	0	0	1	1	152	33	4	38	4	4	39	0	3	8	0	0	0	0	0	0	0	0	0	0	0	0	6	[2B 2C 1C 3A]	4	6
51	123456920	23	1	10	146	5	1	12	39	0	0	1	1	0	0	1	0	152	33	4	38	4	4	39	0	2	9	0	0	0	0	0	0	0	0	0	0	0	0	6	[2C 1C 3A]	3	6
52	123456920	23	1	10	146	5	1	11	40	0	0	1	1	0	0	1	0	152	36	4	38	4	4	39	0	2	9	0	0	0	0	0	0	0	0	0	0	0	0	6	[2C 1C 3A]	3	6
53	123456920	23	0	9	148	5	0	12	40	0	0	1	1	0	0	0	1	152	37	4	38	4	4	39	0	2	9	0	0	0	0	0	0	0	0	0	0	0	0	6	[2C 1C 3A]	3	6
54	123456920	23	0	8	149	5	0	9	43	0	0	1	1	0	0	0	1	152	37	4	38	4	4	39	0	2	9	0	0	0	0	0	0	0	0	0	0	0	0	6	[2C 1C 3A]	3	6
55	123456920	23	0	8	149	5	0	8	44	0	0	1	1	0	0	0	1	152	37	4	38	4	4	39	0	2	9	0	0	0	0	0	0	0	0	0	0	0	0	6	[2C 1C 3A]	3	6
56	123456920	23	0	6	151	5	0	8	44	0	0	1	1	0	0	0	1	152	37	4	38	4	4	39	0	2	9	0	0	0	0	0	0	0	0	0	0	0	0	6	[2C 1C 3A]	3	5
57	123456920	23	0	5	152	5	0	7	45	0	0	1	1	0	0	0	1	152	38	4	38	4	4	39	0	1	10	0	0	0	0	0	0	0	0	0	0	0	0	6	[2C 1C 3A]	3	5
58	123456920	23	0	3	154	5	0	7	45	0	0	1	1	0	0	0	1	152	38	4	38	4	4	39	0	1	10	0	0	0	0	0	0	0	0	0	0	0	0	6	[2C 1C 3A]	3	4
59	123456920	23	0	1	176	5	0	5	28	0	0	1	0	0	0	0	1	152	38	4	38	4	4	39	0	1	10	0	0	0	0	0	0	0	0	0	0	0	0	6	[1C 3A]	2	3
60	123456920	28	0	0	192	0	0	1	18	0	0	1	0	0	0	0	0	152	39	4	38	4	4	39	0	1	10	0	0	0	0	0	0	0	0	0	0	0	0	6	[3A]	1	1
