day	seedRun	susceptible	exposed	infected	removed	susceptible-in-quarantine	exposed-in-quarantine	infected-in-quarantine	removed-in-quarantine	susceptible-in-quarantine-external-1	exposed-in-quarantine-external-1	infected-in-quarantine-external-1	removed-in-quarantine-external-1	susceptible-in-quarantine-external-2	exposed-in-quarantine-external-2	infected-in-quarantine-external-2	removed-in-quarantine-external-2	num-of-screened-agents	num-of-screened-agents-external-1	num-of-screened-agents-external-2	num-of-positive-agents	num-of-positive-agents-external-1	num-of-positive-agents-external-2	num-vaccinated-susceptible	num-vaccinated-exposed	num-vaccinated-infected	num-vaccinated-removed	num-vaccinated-susceptible-in-quarantine	num-vaccinated-exposed-in-quarantine	num-vaccinated-infected-in-quarantine	num-vaccinated-removed-in-quarantine	num-vaccinated-susceptible-in-quarantine-external-1	num-vaccinated-exposed-in-quarantine-external-1	num-vaccinated-infected-in-quarantine-external-1	num-vaccinated-removed-in-quarantine-external-1	num-vaccinated-susceptible-in-quarantine-external-2	num-vaccinated-exposed-in-quarantine-external-2	num-vaccinated-infected-in-quarantine-external-2	num-vaccinated-removed-in-quarantine-external-2	num-infected-outside	classroom-in-quarantine	num-of-classroom-in-quarantine	classroom-with-at-least-one-infected
0	123457218	144	0	0	0	0	0	0	0	0	0	0	0	0	0	0	0	0	0	0	0	0	0	0	0	0	146	0	0	0	0	0	0	0	0	0	0	0	0	0	[]	0	0
1	123457218	134	10	0	0	0	0	0	0	0	0	0	0	0	0	0	0	0	4	0	0	0	0	0	0	0	146	0	0	0	0	0	0	0	0	0	0	0	0	10	[]	0	0
2	123457218	125	18	1	0	0	0	0	0	0	0	0	0	0	0	0	0	0	4	0	0	0	0	0	0	0	146	0	0	0	0	0	0	0	0	0	0	0	0	19	[]	0	1
3	123457218	116	22	6	0	0	0	0	0	0	0	0	0	0	0	0	0	0	4	0	0	0	0	0	0	0	146	0	0	0	0	0	0	0	0	0	0	0	0	22	[]	0	5
4	123457218	103	31	10	0	0	0	0	0	0	0	0	0	0	0	0	0	0	4	0	0	0	0	0	0	0	146	0	0	0	0	0	0	0	0	0	0	0	0	28	[]	0	7
5	123457218	81	43	18	2	0	0	0	0	0	0	0	0	0	0	0	0	0	4	0	0	0	0	0	0	0	146	0	0	0	0	0	0	0	0	0	0	0	0	33	[]	0	9
6	123457218	80	33	27	4	0	0	0	0	0	0	0	0	0	0	0	0	0	5	0	0	0	0	0	0	0	146	0	0	0	0	0	0	0	0	0	0	0	0	34	[]	0	11
7	123457218	79	25	35	5	0	0	0	0	0	0	0	0	0	0	0	0	0	5	0	0	0	0	0	0	0	146	0	0	0	0	0	0	0	0	0	0	0	0	35	[]	0	11
8	123457218	50	42	32	8	4	2	4	1	0	0	0	0	0	0	1	0	19	5	1	4	0	1	0	0	0	138	0	0	0	8	0	0	0	0	0	0	0	0	39	[3B]	1	11
9	123457218	34	47	37	14	4	1	5	1	0	0	0	0	0	0	0	1	19	6	1	4	0	1	0	0	0	138	0	0	0	8	0	0	0	0	0	0	0	0	41	[3B]	1	11
10	123457218	22	46	46	18	4	0	6	1	0	0	0	0	0	0	0	1	19	7	1	4	0	1	0	0	0	138	0	0	0	8	0	0	0	0	0	0	0	0	44	[3B]	1	12
11	123457218	21	36	49	26	4	0	5	2	0	0	0	0	0	0	0	1	19	7	1	4	0	1	0	0	0	138	0	0	0	8	0	0	0	0	0	0	0	0	44	[3B]	1	12
12	123457218	14	31	54	33	4	0	4	3	0	0	0	0	0	0	0	1	19	7	1	4	0	1	0	0	0	138	0	0	0	8	0	0	0	0	0	0	0	0	45	[3B]	1	12
13	123457218	12	20	40	36	5	3	15	10	0	0	0	0	0	0	2	1	57	7	3	16	0	3	0	0	0	122	0	0	0	24	0	0	0	0	0	0	0	0	46	[3B 1A 1B]	3	12
14	123457218	11	13	41	43	5	1	16	11	0	0	0	0	0	0	2	1	57	7	3	16	0	3	0	0	0	122	0	0	0	24	0	0	0	0	0	0	0	0	47	[3B 1A 1B]	3	12
15	123457218	7	13	39	49	5	1	15	12	0	0	0	0	0	0	2	1	57	7	3	16	0	3	0	0	0	122	0	0	0	24	0	0	0	0	0	0	0	0	49	[3B 1A 1B]	3	12
16	123457218	6	11	35	56	5	1	13	14	0	0	0	0	0	0	2	1	57	7	3	16	0	3	0	0	0	122	0	0	0	24	0	0	0	0	0	0	0	0	49	[3B 1A 1B]	3	12
17	123457218	6	9	30	63	5	1	12	15	0	0	0	0	0	0	2	1	57	8	3	16	0	3	0	0	0	122	0	0	0	24	0	0	0	0	0	0	0	0	49	[3B 1A 1B]	3	12
18	123457218	4	9	31	64	5	1	11	16	0	0	0	0	0	0	2	1	57	8	3	16	0	3	0	0	0	122	0	0	0	24	0	0	0	0	0	0	0	0	49	[3B 1A 1B]	3	12
19	123457218	3	8	30	67	5	1	9	18	0	0	0	0	0	0	2	1	57	9	3	16	0	3	0	0	0	122	0	0	0	24	0	0	0	0	0	0	0	0	49	[3B 1A 1B]	3	12
20	123457218	3	6	27	72	5	0	10	18	0	0	0	0	0	0	2	1	57	9	3	16	0	3	0	0	0	122	0	0	0	24	0	0	0	0	0	0	0	0	49	[3B 1A 1B]	3	12
21	123457218	3	4	28	73	5	0	8	20	0	0	0	0	0	0	2	1	57	9	3	16	0	3	0	0	0	122	0	0	0	24	0	0	0	0	0	0	0	0	49	[3B 1A 1B]	3	12
22	123457218	7	2	22	77	1	0	8	24	0	0	0	0	0	0	2	1	76	9	4	19	0	4	0	0	0	122	0	0	0	24	0	0	0	0	0	0	0	0	49	[1A 1B 3C]	3	11
23	123457218	5	3	21	79	1	0	7	25	0	0	0	0	0	0	2	1	76	9	4	19	0	4	0	0	0	122	0	0	0	24	0	0	0	0	0	0	0	0	50	[1A 1B 3C]	3	11
24	123457218	4	1	22	81	1	0	6	26	0	0	0	0	0	0	2	1	76	9	4	19	0	4	0	0	0	122	0	0	0	24	0	0	0	0	0	0	0	0	50	[1A 1B 3C]	3	10
25	123457218	4	1	20	83	1	0	5	27	0	0	0	0	0	0	0	3	76	9	4	19	0	4	0	0	0	122	0	0	0	24	0	0	0	0	0	0	0	0	50	[1A 1B 3C]	3	9
26	123457218	4	0	19	85	1	0	4	28	0	0	0	0	0	0	0	3	76	9	4	19	0	4	0	0	0	122	0	0	0	24	0	0	0	0	0	0	0	0	50	[1A 1B 3C]	3	9
27	123457218	5	0	18	109	0	0	1	10	0	0	0	0	0	0	0	1	76	9	4	19	0	4	0	0	0	138	0	0	0	8	0	0	0	0	0	0	0	0	50	[3C]	1	8
28	123457218	5	0	12	103	0	0	4	18	0	0	0	0	0	0	1	1	95	9	5	22	0	5	0	0	0	130	0	0	0	16	0	0	0	0	0	0	0	0	50	[3C 3A]	2	8
29	123457218	5	0	10	105	0	0	3	19	0	0	0	0	0	0	1	1	95	11	5	22	0	5	0	0	0	130	0	0	0	16	0	0	0	0	0	0	0	0	50	[3C 3A]	2	8
30	123457218	5	0	8	107	0	0	3	19	0	0	0	0	0	0	1	1	95	12	5	22	0	5	0	0	0	130	0	0	0	16	0	0	0	0	0	0	0	0	50	[3C 3A]	2	6
31	123457218	4	1	8	107	0	0	3	19	0	0	0	0	0	0	1	1	95	12	5	22	0	5	0	0	0	130	0	0	0	16	0	0	0	0	0	0	0	0	51	[3C 3A]	2	6
32	123457218	4	1	6	108	0	0	3	19	0	0	0	0	0	0	2	1	114	12	6	22	0	6	0	0	0	130	0	0	0	16	0	0	0	0	0	0	0	0	51	[3C 3A]	2	6
33	123457218	4	1	5	109	0	0	3	19	0	0	0	0	0	0	2	1	114	12	6	22	0	6	0	0	0	130	0	0	0	16	0	0	0	0	0	0	0	0	51	[3C 3A]	2	5
34	123457218	4	1	4	110	0	0	3	19	0	0	0	0	0	0	1	2	114	12	6	22	0	6	0	0	0	130	0	0	0	16	0	0	0	0	0	0	0	0	51	[3C 3A]	2	5
35	123457218	4	0	4	111	0	0	3	19	0	0	0	0	0	0	1	2	114	13	6	22	0	6	0	0	0	130	0	0	0	16	0	0	0	0	0	0	0	0	51	[3C 3A]	2	6
36	123457218	4	0	4	123	0	0	2	9	0	0	0	0	0	0	0	2	114	13	6	22	0	6	0	0	0	138	0	0	0	8	0	0	0	0	0	0	0	0	51	[3A]	1	4
37	123457218	4	0	3	124	0	0	2	9	0	0	0	0	0	0	0	2	133	14	6	22	0	6	0	0	0	138	0	0	0	8	0	0	0	0	0	0	0	0	51	[3A]	1	3
38	123457218	4	0	2	124	0	0	2	9	0	0	0	0	0	0	1	2	152	15	7	22	0	7	0	0	0	138	0	0	0	8	0	0	0	0	0	0	0	0	51	[3A]	1	3
39	123457218	4	0	2	124	0	0	2	9	0	0	0	0	0	0	1	2	152	15	7	22	0	7	0	0	0	138	0	0	0	8	0	0	0	0	0	0	0	0	51	[3A]	1	3
40	123457218	4	0	2	124	0	0	2	9	0	0	0	0	0	0	1	2	152	17	7	22	0	7	0	0	0	138	0	0	0	8	0	0	0	0	0	0	0	0	51	[3A]	1	3
41	123457218	4	0	2	124	0	0	2	9	0	0	0	0	0	0	1	2	152	19	7	22	0	7	0	0	0	138	0	0	0	8	0	0	0	0	0	0	0	0	51	[3A]	1	3
42	123457218	4	0	2	136	0	0	0	0	0	0	0	0	0	0	1	1	152	21	7	22	0	7	0	0	0	146	0	0	0	0	0	0	0	0	0	0	0	0	51	[]	0	2
43	123457218	4	0	1	137	0	0	0	0	0	0	0	0	0	0	1	1	171	22	7	22	0	7	0	0	0	146	0	0	0	0	0	0	0	0	0	0	0	0	51	[]	0	2
44	123457218	4	0	0	138	0	0	0	0	0	0	0	0	0	0	1	1	171	23	7	22	0	7	0	0	0	146	0	0	0	0	0	0	0	0	0	0	0	0	51	[]	0	1
45	123457218	3	1	0	138	0	0	0	0	0	0	0	0	0	0	1	1	171	23	7	22	0	7	0	0	0	146	0	0	0	0	0	0	0	0	0	0	0	0	52	[]	0	1
46	123457218	3	0	1	139	0	0	0	0	0	0	0	0	0	0	1	0	171	23	7	22	0	7	0	0	0	146	0	0	0	0	0	0	0	0	0	0	0	0	52	[]	0	1
47	123457218	3	0	1	139	0	0	0	0	0	0	0	0	0	0	1	0	171	23	7	22	0	7	0	0	0	146	0	0	0	0	0	0	0	0	0	0	0	0	52	[]	0	1
48	123457218	3	0	0	140	0	0	0	0	0	0	0	0	0	0	1	0	171	24	7	22	0	7	0	0	0	146	0	0	0	0	0	0	0	0	0	0	0	0	52	[]	0	1
49	123457218	3	0	0	140	0	0	0	0	0	0	0	0	0	0	1	0	171	26	7	22	0	7	0	0	0	146	0	0	0	0	0	0	0	0	0	0	0	0	52	[]	0	1
50	123457218	2	1	0	140	0	0	0	0	0	0	0	0	0	0	1	0	171	27	7	22	0	7	0	0	0	146	0	0	0	0	0	0	0	0	0	0	0	0	53	[]	0	1
51	123457218	2	1	0	140	0	0	0	0	0	0	0	0	0	0	1	0	171	27	7	22	0	7	0	0	0	146	0	0	0	0	0	0	0	0	0	0	0	0	53	[]	0	1
52	123457218	2	0	1	141	0	0	0	0	0	0	0	0	0	0	0	0	171	27	7	22	0	7	0	0	0	146	0	0	0	0	0	0	0	0	0	0	0	0	53	[]	0	1
53	123457218	2	0	1	141	0	0	0	0	0	0	0	0	0	0	0	0	171	27	7	22	0	7	0	0	0	146	0	0	0	0	0	0	0	0	0	0	0	0	53	[]	0	1
54	123457218	2	0	1	141	0	0	0	0	0	0	0	0	0	0	0	0	171	28	7	22	0	7	0	0	0	146	0	0	0	0	0	0	0	0	0	0	0	0	53	[]	0	1
55	123457218	2	0	1	141	0	0	0	0	0	0	0	0	0	0	0	0	171	29	7	22	0	7	0	0	0	146	0	0	0	0	0	0	0	0	0	0	0	0	53	[]	0	1
56	123457218	2	0	1	141	0	0	0	0	0	0	0	0	0	0	0	0	171	29	7	22	0	7	0	0	0	146	0	0	0	0	0	0	0	0	0	0	0	0	53	[]	0	1
57	123457218	2	0	1	141	0	0	0	0	0	0	0	0	0	0	0	0	171	30	7	22	0	7	0	0	0	146	0	0	0	0	0	0	0	0	0	0	0	0	53	[]	0	1
58	123457218	1	1	1	141	0	0	0	0	0	0	0	0	0	0	0	0	171	30	7	22	0	7	0	0	0	146	0	0	0	0	0	0	0	0	0	0	0	0	54	[]	0	1
59	123457218	1	1	1	141	0	0	0	0	0	0	0	0	0	0	0	0	171	31	7	22	0	7	0	0	0	146	0	0	0	0	0	0	0	0	0	0	0	0	54	[]	0	1
60	123457218	1	1	1	141	0	0	0	0	0	0	0	0	0	0	0	0	171	32	7	22	0	7	0	0	0	146	0	0	0	0	0	0	0	0	0	0	0	0	54	[]	0	1
