day	seedRun	susceptible	exposed	infected	removed	susceptible-in-quarantine	exposed-in-quarantine	infected-in-quarantine	removed-in-quarantine	susceptible-in-quarantine-external-1	exposed-in-quarantine-external-1	infected-in-quarantine-external-1	removed-in-quarantine-external-1	susceptible-in-quarantine-external-2	exposed-in-quarantine-external-2	infected-in-quarantine-external-2	removed-in-quarantine-external-2	num-of-screened-agents	num-of-screened-agents-external-1	num-of-screened-agents-external-2	num-of-positive-agents	num-of-positive-agents-external-1	num-of-positive-agents-external-2	num-vaccinated	num-immunized	num-immunized-in-quarantine	num-immunized-in-quarantine-external-1	num-immunized-in-quarantine-external-2	num-infected-outside	classroom-in-quarantine	num-of-classroom-in-quarantine	classroom-with-at-least-one-infected
0	123456849	211	0	0	0	0	0	0	0	0	0	0	0	0	0	0	0	0	0	0	0	0	0	146	79	0	0	0	0	[]	0	0
1	123456849	207	4	0	0	0	0	0	0	0	0	0	0	0	0	0	0	0	0	0	0	0	0	146	79	0	0	0	4	[]	0	0
2	123456849	200	10	1	0	0	0	0	0	0	0	0	0	0	0	0	0	0	2	0	0	0	0	146	79	0	0	0	7	[]	0	1
3	123456849	192	16	3	0	0	0	0	0	0	0	0	0	0	0	0	0	0	4	0	0	0	0	146	79	0	0	0	8	[]	0	2
4	123456849	173	32	4	2	0	0	0	0	0	0	0	0	0	0	0	0	0	6	0	0	0	0	146	79	0	0	0	11	[]	0	3
5	123456849	135	60	14	2	0	0	0	0	0	0	0	0	0	0	0	0	0	7	0	0	0	0	146	79	0	0	0	12	[]	0	6
6	123456849	129	33	30	3	0	11	4	0	0	0	0	0	0	0	1	0	19	7	1	4	0	1	146	75	4	0	0	18	[1B]	1	7
7	123456849	122	29	21	7	5	13	11	1	0	0	1	0	0	0	1	0	38	9	1	9	1	1	146	71	8	0	0	20	[1B 3D]	2	8
8	123456849	75	62	21	6	9	12	18	5	0	0	2	0	0	0	1	0	57	12	1	13	2	1	146	66	13	0	0	21	[1B 3D 2C]	3	9
9	123456849	49	65	28	3	9	8	31	13	0	0	1	1	0	0	3	0	95	12	3	22	2	3	146	61	18	0	0	24	[1B 3D 2C 2A]	4	8
10	123456849	27	49	13	8	9	13	52	20	0	0	1	1	3	5	8	2	152	12	7	44	2	7	146	51	24	0	4	28	[1B 3D 2C 2A 1A 3A 2B]	7	11
11	123456849	16	50	21	10	9	8	51	26	0	0	1	1	3	5	6	4	152	14	7	44	2	7	146	51	24	0	4	29	[1B 3D 2C 2A 1A 3A 2B]	7	11
12	123456849	5	47	31	14	9	7	45	33	0	0	1	1	3	3	6	6	152	15	7	44	2	7	146	51	24	0	4	29	[1B 3D 2C 2A 1A 3A 2B]	7	12
13	123456849	4	30	34	13	9	8	50	42	0	0	1	1	3	3	7	6	171	15	8	51	2	8	146	47	28	0	4	30	[1B 3D 2C 2A 1A 3A 2B 1D]	8	12
14	123456849	4	20	28	16	9	5	57	50	0	0	1	1	3	1	9	7	188	15	9	62	2	9	146	42	33	0	4	30	[1B 3D 2C 2A 1A 3A 2B 1D 3B]	9	12
15	123456849	1	16	32	19	9	3	48	61	0	0	1	1	3	1	7	9	188	15	9	62	2	9	146	42	33	0	4	30	[1B 3D 2C 2A 1A 3A 2B 1D 3B]	9	12
16	123456849	1	11	32	40	9	2	39	56	0	0	1	1	3	1	6	9	188	15	9	62	2	9	146	46	29	0	4	30	[3D 2C 2A 1A 3A 2B 1D 3B]	8	11
17	123456849	4	6	16	45	4	7	43	64	0	0	0	1	3	1	7	10	226	16	11	73	2	11	146	39	36	0	4	30	[2C 2A 1A 3A 2B 1D 3B 1C 2D]	9	10
18	123456849	2	10	18	56	0	5	38	61	0	0	0	0	3	0	8	10	226	17	11	73	2	11	146	44	31	0	4	31	[2A 1A 3A 2B 1D 3B 1C 2D]	8	10
19	123456849	2	5	8	68	0	7	38	61	0	0	1	0	3	0	6	12	264	18	12	82	3	12	146	43	32	0	4	31	[1A 3A 2B 1D 3B 1C 2D 3C]	8	9
20	123456849	5	5	6	117	0	4	26	41	0	0	1	0	0	0	5	1	264	19	12	82	3	12	146	53	26	0	0	31	[1D 3B 1C 2D 3C]	5	6
21	123456849	5	4	7	117	0	4	24	43	0	0	1	0	0	0	5	1	264	19	12	82	3	12	146	53	26	0	0	31	[1D 3B 1C 2D 3C]	5	6
22	123456849	5	3	5	120	0	2	23	46	0	0	1	0	0	0	4	2	264	21	12	82	3	12	146	53	26	0	0	31	[1D 3B 1C 2D 3C]	5	7
23	123456849	4	4	5	136	0	1	18	37	0	0	1	0	0	0	3	2	264	22	12	82	3	12	146	57	22	0	0	31	[3B 1C 2D 3C]	4	6
24	123456849	2	5	6	151	0	1	12	30	0	0	1	0	0	0	2	1	280	23	12	82	3	12	146	62	17	0	0	31	[1C 2D 3C]	3	5
25	123456849	2	3	8	151	0	1	11	31	0	0	0	1	0	0	2	1	280	25	12	82	3	12	146	62	17	0	0	31	[1C 2D 3C]	3	5
26	123456849	2	3	5	154	0	0	11	32	0	0	0	1	0	0	2	1	280	26	12	82	3	12	146	62	17	0	0	31	[1C 2D 3C]	3	5
27	123456849	2	1	5	185	0	0	4	12	0	0	0	1	0	0	0	1	280	26	12	82	3	12	146	73	6	0	0	31	[3C]	1	4
28	123456849	2	1	2	185	0	0	4	14	0	0	0	1	0	0	1	1	299	27	13	84	3	13	146	73	6	0	0	31	[3C]	1	3
29	123456849	1	2	2	203	0	0	2	0	0	0	0	0	0	0	1	0	299	29	13	84	3	13	146	79	0	0	0	31	[]	0	2
30	123456849	1	2	1	204	0	0	2	0	0	0	0	0	0	0	1	0	299	30	13	84	3	13	146	79	0	0	0	31	[]	0	2
31	123456849	1	1	2	204	0	0	2	0	0	0	0	0	0	0	1	0	299	32	13	84	3	13	146	79	0	0	0	31	[]	0	2
32	123456849	1	1	0	204	0	0	3	0	0	0	0	0	0	0	2	0	318	33	14	85	3	14	146	79	0	0	0	31	[]	0	2
33	123456849	1	1	0	204	0	0	2	1	0	0	0	0	0	0	1	1	335	34	14	85	3	14	146	79	0	0	0	31	[]	0	2
34	123456849	1	1	0	204	0	0	2	1	0	0	0	0	0	0	1	1	335	38	14	85	3	14	146	79	0	0	0	31	[]	0	2
35	123456849	1	1	0	204	0	0	1	2	0	0	0	0	0	0	1	1	335	40	14	85	3	14	146	79	0	0	0	31	[]	0	2
36	123456849	1	1	0	204	0	0	1	2	0	0	0	0	0	0	1	1	335	43	14	85	3	14	146	79	0	0	0	31	[]	0	2
37	123456849	1	1	0	204	0	0	1	2	0	0	0	0	0	0	0	2	353	46	14	85	3	14	146	79	0	0	0	31	[]	0	1
38	123456849	1	0	1	207	0	0	0	1	0	0	0	0	0	0	0	1	353	47	14	85	3	14	146	79	0	0	0	31	[]	0	1
39	123456849	1	0	1	207	0	0	0	1	0	0	0	0	0	0	0	1	353	48	14	85	3	14	146	79	0	0	0	31	[]	0	1
40	123456849	0	1	1	207	0	0	0	1	0	0	0	0	0	0	0	1	353	49	14	85	3	14	146	79	0	0	0	31	[]	0	1
41	123456849	0	1	1	207	0	0	0	1	0	0	0	0	0	0	0	1	353	50	14	85	3	14	146	79	0	0	0	31	[]	0	1
42	123456849	0	1	1	209	0	0	0	0	0	0	0	0	0	0	0	0	353	50	14	85	3	14	146	79	0	0	0	31	[]	0	1
43	123456849	0	0	2	209	0	0	0	0	0	0	0	0	0	0	0	0	353	52	14	85	3	14	146	79	0	0	0	31	[]	0	1
44	123456849	0	0	1	210	0	0	0	0	0	0	0	0	0	0	0	0	353	52	14	85	3	14	146	79	0	0	0	31	[]	0	1
45	123456849	0	0	1	210	0	0	0	0	0	0	0	0	0	0	0	0	353	53	14	85	3	14	146	79	0	0	0	31	[]	0	1
46	123456849	0	0	1	210	0	0	0	0	0	0	0	0	0	0	0	0	353	55	14	85	3	14	146	79	0	0	0	31	[]	0	1
47	123456849	0	0	1	210	0	0	0	0	0	0	0	0	0	0	0	0	353	58	14	85	3	14	146	79	0	0	0	31	[]	0	1
48	123456849	0	0	1	210	0	0	0	0	0	0	0	0	0	0	0	0	353	59	14	85	3	14	146	79	0	0	0	31	[]	0	1
49	123456849	0	0	1	210	0	0	0	0	0	0	0	0	0	0	0	0	353	61	14	85	3	14	146	79	0	0	0	31	[]	0	1
50	123456849	0	0	1	210	0	0	0	0	0	0	0	0	0	0	0	0	353	65	14	85	3	14	146	79	0	0	0	31	[]	0	1
51	123456849	0	0	1	210	0	0	0	0	0	0	0	0	0	0	0	0	353	68	14	85	3	14	146	79	0	0	0	31	[]	0	1
52	123456849	0	0	1	210	0	0	0	0	0	0	0	0	0	0	0	0	353	70	14	85	3	14	146	79	0	0	0	31	[]	0	1
53	123456849	0	0	0	211	0	0	0	0	0	0	0	0	0	0	0	0	353	71	14	85	3	14	146	79	0	0	0	31	[]	0	0
54	123456849	0	0	0	211	0	0	0	0	0	0	0	0	0	0	0	0	353	76	14	85	3	14	146	79	0	0	0	31	[]	0	0
55	123456849	0	0	0	211	0	0	0	0	0	0	0	0	0	0	0	0	353	78	14	85	3	14	146	79	0	0	0	31	[]	0	0
56	123456849	0	0	0	211	0	0	0	0	0	0	0	0	0	0	0	0	353	78	14	85	3	14	146	79	0	0	0	31	[]	0	0
57	123456849	0	0	0	211	0	0	0	0	0	0	0	0	0	0	0	0	353	79	14	85	3	14	146	79	0	0	0	31	[]	0	0
58	123456849	0	0	0	211	0	0	0	0	0	0	0	0	0	0	0	0	353	79	14	85	3	14	146	79	0	0	0	31	[]	0	0
59	123456849	0	0	0	211	0	0	0	0	0	0	0	0	0	0	0	0	353	80	14	85	3	14	146	79	0	0	0	31	[]	0	0
60	123456849	0	0	0	211	0	0	0	0	0	0	0	0	0	0	0	0	353	82	14	85	3	14	146	79	0	0	0	31	[]	0	0
