day	seedRun	susceptible	exposed	infected	removed	susceptible-in-quarantine	exposed-in-quarantine	infected-in-quarantine	removed-in-quarantine	susceptible-in-quarantine-external-1	exposed-in-quarantine-external-1	infected-in-quarantine-external-1	removed-in-quarantine-external-1	susceptible-in-quarantine-external-2	exposed-in-quarantine-external-2	infected-in-quarantine-external-2	removed-in-quarantine-external-2	num-of-screened-agents	num-of-screened-agents-external-1	num-of-screened-agents-external-2	num-of-positive-agents	num-of-positive-agents-external-1	num-of-positive-agents-external-2	num-vaccinated	num-immunized	num-immunized-in-quarantine	num-immunized-in-quarantine-external-1	num-immunized-in-quarantine-external-2	num-infected-outside	classroom-in-quarantine	num-of-classroom-in-quarantine	classroom-with-at-least-one-infected
0	123456937	222	0	0	0	0	0	0	0	0	0	0	0	0	0	0	0	0	0	0	0	0	0	146	68	0	0	0	0	[]	0	0
1	123456937	218	4	0	0	0	0	0	0	0	0	0	0	0	0	0	0	0	1	0	0	0	0	146	68	0	0	0	4	[]	0	0
2	123456937	200	20	2	0	0	0	0	0	0	0	0	0	0	0	0	0	0	4	0	0	0	0	146	68	0	0	0	9	[]	0	2
3	123456937	166	48	6	1	0	0	0	0	0	0	0	0	0	0	1	0	19	6	1	0	0	1	146	68	0	0	0	14	[]	0	5
4	123456937	115	71	18	1	7	3	4	1	0	0	0	0	0	0	2	0	38	8	2	4	0	2	146	64	4	0	0	15	[1B]	1	7
5	123456937	79	67	27	2	8	13	20	2	0	0	1	0	0	0	3	0	76	12	3	20	1	3	146	54	14	0	0	18	[1B 3D 2A]	3	9
6	123456937	77	32	32	2	8	17	34	14	0	0	1	0	0	0	5	0	114	12	5	37	1	5	146	46	22	0	0	20	[1B 3D 2A 2B 2D]	5	10
7	123456937	77	24	34	8	8	11	36	18	0	0	1	0	0	0	4	1	114	14	5	37	1	5	146	46	22	0	0	20	[1B 3D 2A 2B 2D]	5	11
8	123456937	40	53	25	7	8	9	46	26	0	0	2	0	0	0	3	3	171	15	6	46	2	6	146	42	26	0	0	20	[1B 3D 2A 2B 2D 3C]	6	11
9	123456937	25	58	27	12	8	7	42	34	0	0	1	1	0	0	3	4	189	16	7	48	2	7	146	42	26	0	0	21	[1B 3D 2A 2B 2D 3C]	6	11
10	123456937	17	51	40	14	8	7	36	40	0	0	1	1	0	0	2	5	189	16	7	48	2	7	146	42	26	0	0	22	[1B 3D 2A 2B 2D 3C]	6	12
11	123456937	14	36	25	13	8	9	57	49	0	0	3	1	0	0	2	5	227	19	7	66	4	7	146	36	32	0	0	22	[1B 3D 2A 2B 2D 3C 1D 3B]	8	12
12	123456937	14	15	28	13	8	17	55	60	0	0	3	1	0	0	3	5	246	20	8	72	4	8	146	34	34	0	0	22	[1B 3D 2A 2B 2D 3C 1D 3B 1C]	9	11
13	123456937	14	7	23	17	8	16	61	65	0	0	3	1	0	0	1	6	262	20	8	77	4	8	146	28	40	0	0	22	[1B 3D 2A 2B 2D 3C 1D 3B 1C 2C]	10	11
14	123456937	20	7	20	30	1	10	61	63	0	0	2	2	0	0	1	5	262	20	8	77	4	8	146	32	36	0	0	23	[3D 2A 2B 2D 3C 1D 3B 1C 2C]	9	11
15	123456937	15	10	19	63	0	8	48	51	0	0	2	1	0	0	1	4	262	21	8	77	4	8	146	42	26	0	0	23	[2B 2D 3C 1D 3B 1C 2C]	7	9
16	123456937	9	15	19	96	0	7	36	34	0	0	2	1	0	0	1	2	262	22	8	77	4	8	146	50	18	0	0	23	[3C 1D 3B 1C 2C]	5	7
17	123456937	5	18	18	98	0	2	37	38	0	0	1	2	0	0	1	2	262	24	8	77	4	8	146	50	18	0	0	24	[3C 1D 3B 1C 2C]	5	7
18	123456937	4	12	10	109	0	3	31	46	0	0	1	1	0	0	3	2	300	27	10	85	4	10	146	51	17	0	0	24	[1D 3B 1C 2C 3A]	5	7
19	123456937	3	7	16	109	0	1	26	53	0	0	1	1	0	0	3	2	300	28	10	85	4	10	146	51	17	0	0	24	[1D 3B 1C 2C 3A]	5	7
20	123456937	3	4	18	110	0	0	23	57	0	0	1	1	0	0	3	2	300	29	10	85	4	10	146	51	17	0	0	24	[1D 3B 1C 2C 3A]	5	7
21	123456937	2	4	11	142	0	0	15	33	0	0	0	0	1	0	7	7	300	29	11	85	4	11	146	51	11	0	6	24	[1C 2C 3A 1A]	4	5
22	123456937	2	2	11	162	0	0	9	22	0	0	0	0	1	0	4	9	300	32	11	85	4	11	146	53	9	0	6	24	[2C 3A 1A]	3	4
23	123456937	2	1	10	178	0	0	4	15	0	0	0	0	1	0	4	7	300	35	11	85	4	11	146	59	3	0	6	24	[3A 1A]	2	3
24	123456937	2	1	10	178	0	0	3	16	0	0	0	0	1	0	4	7	300	36	11	85	4	11	146	59	3	0	6	24	[3A 1A]	2	3
25	123456937	2	1	10	178	0	0	3	16	0	0	0	0	1	0	4	7	300	36	11	85	4	11	146	59	3	0	6	24	[3A 1A]	2	3
26	123456937	2	0	11	178	0	0	2	17	0	0	0	0	1	0	4	7	300	40	11	85	4	11	146	59	3	0	6	24	[3A 1A]	2	2
27	123456937	2	0	10	179	0	0	1	18	0	0	0	0	1	0	3	8	300	43	11	85	4	11	146	59	3	0	6	24	[3A 1A]	2	2
28	123456937	2	0	3	199	0	0	4	2	0	0	0	0	1	0	3	8	319	47	12	88	4	12	146	62	0	0	6	24	[1A]	1	2
29	123456937	2	0	1	201	0	0	2	4	0	0	0	0	1	0	2	9	319	47	12	88	4	12	146	62	0	0	6	24	[1A]	1	2
30	123456937	2	0	1	201	0	0	2	4	0	0	0	0	1	0	2	9	319	50	12	88	4	12	146	62	0	0	6	24	[1A]	1	2
31	123456937	3	0	1	214	0	0	2	1	0	0	0	0	0	0	1	0	319	50	12	88	4	12	146	68	0	0	0	24	[]	0	1
32	123456937	3	0	1	214	0	0	2	1	0	0	0	0	0	0	1	0	319	52	12	88	4	12	146	68	0	0	0	24	[]	0	1
33	123456937	3	0	1	214	0	0	2	1	0	0	0	0	0	0	1	0	335	53	12	88	4	12	146	68	0	0	0	24	[]	0	1
34	123456937	3	0	1	214	0	0	2	1	0	0	0	0	0	0	1	0	335	54	12	88	4	12	146	68	0	0	0	24	[]	0	1
35	123456937	3	0	1	214	0	0	1	2	0	0	0	0	0	0	1	0	335	55	12	88	4	12	146	68	0	0	0	24	[]	0	1
36	123456937	3	0	1	214	0	0	1	2	0	0	0	0	0	0	1	0	335	55	12	88	4	12	146	68	0	0	0	24	[]	0	1
37	123456937	3	0	1	214	0	0	1	2	0	0	0	0	0	0	1	0	335	56	12	88	4	12	146	68	0	0	0	24	[]	0	1
38	123456937	3	0	1	218	0	0	0	0	0	0	0	0	0	0	0	0	335	56	12	88	4	12	146	68	0	0	0	24	[]	0	0
39	123456937	3	0	1	218	0	0	0	0	0	0	0	0	0	0	0	0	335	58	12	88	4	12	146	68	0	0	0	24	[]	0	0
40	123456937	3	0	1	218	0	0	0	0	0	0	0	0	0	0	0	0	335	60	12	88	4	12	146	68	0	0	0	24	[]	0	0
41	123456937	3	0	1	218	0	0	0	0	0	0	0	0	0	0	0	0	335	61	12	88	4	12	146	68	0	0	0	24	[]	0	0
42	123456937	3	0	1	218	0	0	0	0	0	0	0	0	0	0	0	0	335	61	12	88	4	12	146	68	0	0	0	24	[]	0	0
43	123456937	3	0	1	218	0	0	0	0	0	0	0	0	0	0	0	0	335	64	12	88	4	12	146	68	0	0	0	24	[]	0	0
44	123456937	3	0	1	218	0	0	0	0	0	0	0	0	0	0	0	0	335	68	12	88	4	12	146	68	0	0	0	24	[]	0	0
45	123456937	3	0	0	219	0	0	0	0	0	0	0	0	0	0	0	0	335	70	12	88	4	12	146	68	0	0	0	24	[]	0	0
46	123456937	2	1	0	219	0	0	0	0	0	0	0	0	0	0	0	0	335	74	12	88	4	12	146	68	0	0	0	25	[]	0	0
47	123456937	2	1	0	219	0	0	0	0	0	0	0	0	0	0	0	0	335	76	12	88	4	12	146	68	0	0	0	25	[]	0	0
48	123456937	2	1	0	219	0	0	0	0	0	0	0	0	0	0	0	0	335	78	12	88	4	12	146	68	0	0	0	25	[]	0	0
49	123456937	2	1	0	219	0	0	0	0	0	0	0	0	0	0	0	0	335	79	12	88	4	12	146	68	0	0	0	25	[]	0	0
50	123456937	2	1	0	219	0	0	0	0	0	0	0	0	0	0	0	0	335	79	12	88	4	12	146	68	0	0	0	25	[]	0	0
51	123456937	2	1	0	219	0	0	0	0	0	0	0	0	0	0	0	0	335	83	12	88	4	12	146	68	0	0	0	25	[]	0	0
52	123456937	2	0	1	219	0	0	0	0	0	0	0	0	0	0	0	0	335	83	12	88	4	12	146	68	0	0	0	25	[]	0	1
53	123456937	2	0	0	220	0	0	0	0	0	0	0	0	0	0	0	0	335	86	12	88	4	12	146	68	0	0	0	25	[]	0	0
54	123456937	2	0	0	220	0	0	0	0	0	0	0	0	0	0	0	0	335	90	12	88	4	12	146	68	0	0	0	25	[]	0	0
55	123456937	2	0	0	220	0	0	0	0	0	0	0	0	0	0	0	0	335	90	12	88	4	12	146	68	0	0	0	25	[]	0	0
56	123456937	2	0	0	220	0	0	0	0	0	0	0	0	0	0	0	0	335	91	12	88	4	12	146	68	0	0	0	25	[]	0	0
57	123456937	2	0	0	220	0	0	0	0	0	0	0	0	0	0	0	0	335	92	12	88	4	12	146	68	0	0	0	25	[]	0	0
58	123456937	2	0	0	220	0	0	0	0	0	0	0	0	0	0	0	0	335	94	12	88	4	12	146	68	0	0	0	25	[]	0	0
59	123456937	2	0	0	220	0	0	0	0	0	0	0	0	0	0	0	0	335	96	12	88	4	12	146	68	0	0	0	25	[]	0	0
60	123456937	2	0	0	220	0	0	0	0	0	0	0	0	0	0	0	0	335	97	12	88	4	12	146	68	0	0	0	25	[]	0	0
