day	seedRun	susceptible	exposed	infected	removed	susceptible-in-quarantine	exposed-in-quarantine	infected-in-quarantine	removed-in-quarantine	susceptible-in-quarantine-external-1	exposed-in-quarantine-external-1	infected-in-quarantine-external-1	removed-in-quarantine-external-1	susceptible-in-quarantine-external-2	exposed-in-quarantine-external-2	infected-in-quarantine-external-2	removed-in-quarantine-external-2	num-of-screened-agents	num-of-screened-agents-external-1	num-of-screened-agents-external-2	num-of-positive-agents	num-of-positive-agents-external-1	num-of-positive-agents-external-2	num-vaccinated	num-immunized	num-immunized-in-quarantine	num-immunized-in-quarantine-external-1	num-immunized-in-quarantine-external-2	num-infected-outside	classroom-in-quarantine	num-of-classroom-in-quarantine	classroom-with-at-least-one-infected
0	123456830	264	0	0	0	0	0	0	0	0	0	0	0	0	0	0	0	0	0	0	0	0	0	50	26	0	0	0	0	[]	0	0
1	123456830	250	14	0	0	0	0	0	0	0	0	0	0	0	0	0	0	0	0	0	0	0	0	50	26	0	0	0	14	[]	0	0
2	123456830	220	41	2	0	0	0	0	0	0	0	0	0	0	0	1	0	19	2	1	0	0	1	50	26	0	0	0	26	[]	0	3
3	123456830	162	94	6	1	0	0	0	0	0	0	0	0	0	0	1	0	19	6	1	0	0	1	50	26	0	0	0	39	[]	0	6
4	123456830	89	126	23	2	6	9	6	0	0	0	0	0	0	0	2	1	57	6	3	6	0	3	50	26	0	0	0	52	[2A]	1	10
5	123456830	43	139	53	3	6	7	9	0	0	0	0	0	0	0	3	1	76	8	4	7	0	4	50	26	0	0	0	57	[2A]	1	11
6	123456830	39	87	66	6	6	28	23	3	0	0	1	0	0	0	4	1	114	11	5	18	1	5	50	26	0	0	0	61	[2A 1C 3C]	3	12
7	123456830	36	57	70	16	6	21	46	6	0	0	1	0	0	0	3	2	133	14	5	29	1	5	50	26	0	0	0	64	[2A 1C 3C 3B]	4	12
8	123456830	5	70	58	26	6	26	49	17	0	0	1	0	0	0	3	3	152	15	6	36	1	6	50	26	0	0	0	65	[2A 1C 3C 3B 2D]	5	12
9	123456830	3	18	41	20	7	49	79	37	0	0	1	0	0	0	6	3	226	16	9	68	1	9	50	26	0	0	0	65	[2A 1C 3C 3B 2D 3D 3A 1D 1B]	9	12
10	123456830	3	8	33	20	7	41	92	50	0	0	0	1	0	0	6	3	244	16	9	76	1	9	50	26	0	0	0	65	[2A 1C 3C 3B 2D 3D 3A 1D 1B 1A]	10	12
11	123456830	3	5	31	25	7	23	100	60	0	0	0	1	0	0	5	4	244	16	9	76	1	9	50	26	0	0	0	65	[2A 1C 3C 3B 2D 3D 3A 1D 1B 1A]	10	12
12	123456830	3	5	19	17	7	11	107	84	0	0	0	1	0	0	5	5	263	16	10	83	1	10	50	26	0	0	0	65	[2A 1C 3C 3B 2D 3D 3A 1D 1B 1A 2B]	11	12
13	123456830	3	3	18	20	7	6	103	93	0	0	0	1	0	0	4	6	263	16	10	83	1	10	50	26	0	0	0	65	[2A 1C 3C 3B 2D 3D 3A 1D 1B 1A 2B]	11	12
14	123456830	8	3	16	37	1	4	90	95	0	0	0	1	0	0	3	6	263	16	10	83	1	10	50	26	0	0	0	66	[1C 3C 3B 2D 3D 3A 1D 1B 1A 2B]	10	11
15	123456830	6	4	13	41	1	2	83	104	0	0	0	1	0	0	3	6	263	18	10	83	1	10	50	26	0	0	0	68	[1C 3C 3B 2D 3D 3A 1D 1B 1A 2B]	10	11
16	123456830	2	6	13	83	1	1	59	91	0	0	0	0	0	0	3	5	263	18	10	83	1	10	50	26	0	0	0	70	[3B 2D 3D 3A 1D 1B 1A 2B]	8	10
17	123456830	2	6	10	106	1	0	44	88	0	0	0	0	0	0	3	4	263	18	10	83	1	10	50	26	0	0	0	70	[2D 3D 3A 1D 1B 1A 2B]	7	9
18	123456830	2	6	7	129	1	0	29	84	0	0	0	0	0	0	3	3	263	19	10	83	1	10	50	26	0	0	0	70	[3D 3A 1D 1B 1A 2B]	6	7
19	123456830	3	5	8	208	0	0	4	34	0	0	0	0	0	0	0	2	263	21	10	83	1	10	50	26	0	0	0	70	[1A 2B]	2	4
20	123456830	3	3	7	231	0	0	2	17	0	0	0	0	0	0	0	1	263	21	10	83	1	10	50	26	0	0	0	70	[2B]	1	3
21	123456830	2	3	5	234	0	0	2	17	0	0	0	0	0	0	0	1	263	23	10	83	1	10	50	26	0	0	0	71	[2B]	1	2
22	123456830	1	3	5	255	0	0	0	0	0	0	0	0	0	0	0	0	263	23	10	83	1	10	50	26	0	0	0	71	[]	0	1
23	123456830	1	1	7	255	0	0	0	0	0	0	0	0	0	0	0	0	263	24	10	83	1	10	50	26	0	0	0	71	[]	0	1
24	123456830	0	2	6	256	0	0	0	0	0	0	0	0	0	0	0	0	263	24	10	83	1	10	50	26	0	0	0	72	[]	0	1
25	123456830	0	2	4	258	0	0	0	0	0	0	0	0	0	0	0	0	263	24	10	83	1	10	50	26	0	0	0	72	[]	0	0
26	123456830	0	2	4	258	0	0	0	0	0	0	0	0	0	0	0	0	263	24	10	83	1	10	50	26	0	0	0	72	[]	0	0
27	123456830	0	2	3	259	0	0	0	0	0	0	0	0	0	0	0	0	263	25	10	83	1	10	50	26	0	0	0	72	[]	0	0
28	123456830	0	2	2	260	0	0	0	0	0	0	0	0	0	0	0	0	263	27	10	83	1	10	50	26	0	0	0	72	[]	0	0
29	123456830	0	2	2	260	0	0	0	0	0	0	0	0	0	0	0	0	263	29	10	83	1	10	50	26	0	0	0	72	[]	0	0
30	123456830	0	1	1	262	0	0	0	0	0	0	0	0	0	0	0	0	263	29	10	83	1	10	50	26	0	0	0	72	[]	0	0
31	123456830	0	0	1	263	0	0	0	0	0	0	0	0	0	0	0	0	263	31	10	83	1	10	50	26	0	0	0	72	[]	0	1
32	123456830	0	0	0	264	0	0	0	0	0	0	0	0	0	0	0	0	263	32	10	83	1	10	50	26	0	0	0	72	[]	0	0
33	123456830	0	0	0	264	0	0	0	0	0	0	0	0	0	0	0	0	263	33	10	83	1	10	50	26	0	0	0	72	[]	0	0
34	123456830	0	0	0	264	0	0	0	0	0	0	0	0	0	0	0	0	263	34	10	83	1	10	50	26	0	0	0	72	[]	0	0
35	123456830	0	0	0	264	0	0	0	0	0	0	0	0	0	0	0	0	263	36	10	83	1	10	50	26	0	0	0	72	[]	0	0
36	123456830	0	0	0	264	0	0	0	0	0	0	0	0	0	0	0	0	263	37	10	83	1	10	50	26	0	0	0	72	[]	0	0
37	123456830	0	0	0	264	0	0	0	0	0	0	0	0	0	0	0	0	263	37	10	83	1	10	50	26	0	0	0	72	[]	0	0
38	123456830	0	0	0	264	0	0	0	0	0	0	0	0	0	0	0	0	263	38	10	83	1	10	50	26	0	0	0	72	[]	0	0
39	123456830	0	0	0	264	0	0	0	0	0	0	0	0	0	0	0	0	263	39	10	83	1	10	50	26	0	0	0	72	[]	0	0
40	123456830	0	0	0	264	0	0	0	0	0	0	0	0	0	0	0	0	263	39	10	83	1	10	50	26	0	0	0	72	[]	0	0
41	123456830	0	0	0	264	0	0	0	0	0	0	0	0	0	0	0	0	263	39	10	83	1	10	50	26	0	0	0	72	[]	0	0
42	123456830	0	0	0	264	0	0	0	0	0	0	0	0	0	0	0	0	263	42	10	83	1	10	50	26	0	0	0	72	[]	0	0
43	123456830	0	0	0	264	0	0	0	0	0	0	0	0	0	0	0	0	263	43	10	83	1	10	50	26	0	0	0	72	[]	0	0
44	123456830	0	0	0	264	0	0	0	0	0	0	0	0	0	0	0	0	263	44	10	83	1	10	50	26	0	0	0	72	[]	0	0
45	123456830	0	0	0	264	0	0	0	0	0	0	0	0	0	0	0	0	263	47	10	83	1	10	50	26	0	0	0	72	[]	0	0
46	123456830	0	0	0	264	0	0	0	0	0	0	0	0	0	0	0	0	263	48	10	83	1	10	50	26	0	0	0	72	[]	0	0
47	123456830	0	0	0	264	0	0	0	0	0	0	0	0	0	0	0	0	263	51	10	83	1	10	50	26	0	0	0	72	[]	0	0
48	123456830	0	0	0	264	0	0	0	0	0	0	0	0	0	0	0	0	263	51	10	83	1	10	50	26	0	0	0	72	[]	0	0
49	123456830	0	0	0	264	0	0	0	0	0	0	0	0	0	0	0	0	263	52	10	83	1	10	50	26	0	0	0	72	[]	0	0
50	123456830	0	0	0	264	0	0	0	0	0	0	0	0	0	0	0	0	263	53	10	83	1	10	50	26	0	0	0	72	[]	0	0
51	123456830	0	0	0	264	0	0	0	0	0	0	0	0	0	0	0	0	263	53	10	83	1	10	50	26	0	0	0	72	[]	0	0
52	123456830	0	0	0	264	0	0	0	0	0	0	0	0	0	0	0	0	263	56	10	83	1	10	50	26	0	0	0	72	[]	0	0
53	123456830	0	0	0	264	0	0	0	0	0	0	0	0	0	0	0	0	263	60	10	83	1	10	50	26	0	0	0	72	[]	0	0
54	123456830	0	0	0	264	0	0	0	0	0	0	0	0	0	0	0	0	263	67	10	83	1	10	50	26	0	0	0	72	[]	0	0
55	123456830	0	0	0	264	0	0	0	0	0	0	0	0	0	0	0	0	263	68	10	83	1	10	50	26	0	0	0	72	[]	0	0
56	123456830	0	0	0	264	0	0	0	0	0	0	0	0	0	0	0	0	263	71	10	83	1	10	50	26	0	0	0	72	[]	0	0
57	123456830	0	0	0	264	0	0	0	0	0	0	0	0	0	0	0	0	263	72	10	83	1	10	50	26	0	0	0	72	[]	0	0
58	123456830	0	0	0	264	0	0	0	0	0	0	0	0	0	0	0	0	263	73	10	83	1	10	50	26	0	0	0	72	[]	0	0
59	123456830	0	0	0	264	0	0	0	0	0	0	0	0	0	0	0	0	263	75	10	83	1	10	50	26	0	0	0	72	[]	0	0
60	123456830	0	0	0	264	0	0	0	0	0	0	0	0	0	0	0	0	263	80	10	83	1	10	50	26	0	0	0	72	[]	0	0
