day	seedRun	susceptible	exposed	infected	removed	susceptible-in-quarantine	exposed-in-quarantine	infected-in-quarantine	removed-in-quarantine	susceptible-in-quarantine-external-1	exposed-in-quarantine-external-1	infected-in-quarantine-external-1	removed-in-quarantine-external-1	susceptible-in-quarantine-external-2	exposed-in-quarantine-external-2	infected-in-quarantine-external-2	removed-in-quarantine-external-2	num-of-screened-agents	num-of-screened-agents-external-1	num-of-screened-agents-external-2	num-of-positive-agents	num-of-positive-agents-external-1	num-of-positive-agents-external-2	num-vaccinated	num-immunized	num-immunized-in-quarantine	num-immunized-in-quarantine-external-1	num-immunized-in-quarantine-external-2	num-infected-outside	classroom-in-quarantine	num-of-classroom-in-quarantine	classroom-with-at-least-one-infected
0	123457196	270	0	0	0	0	0	0	0	0	0	0	0	0	0	0	0	0	0	0	0	0	0	50	20	0	0	0	0	[]	0	0
1	123457196	256	14	0	0	0	0	0	0	0	0	0	0	0	0	0	0	0	1	0	0	0	0	50	20	0	0	0	14	[]	0	0
2	123457196	236	33	1	0	0	0	0	0	0	0	0	0	0	0	0	0	0	4	0	0	0	0	50	20	0	0	0	25	[]	0	1
3	123457196	184	79	6	1	0	0	0	0	0	0	0	0	0	0	0	0	0	5	0	0	0	0	50	20	0	0	0	35	[]	0	4
4	123457196	115	116	18	1	3	7	8	1	0	0	0	0	0	0	1	0	19	9	1	8	0	1	50	20	0	0	0	45	[3A]	1	8
5	123457196	62	111	35	2	5	24	26	2	0	0	1	0	0	0	2	0	57	12	2	25	1	2	50	20	0	0	0	49	[3A 3B 2C]	3	10
6	123457196	56	65	64	5	7	28	38	3	0	0	1	0	0	0	3	0	76	12	3	30	1	3	50	20	0	0	0	53	[3A 3B 2C 1B]	4	10
7	123457196	55	36	54	5	8	29	60	17	0	0	2	0	0	0	3	1	114	13	4	48	2	4	50	20	0	0	0	53	[3A 3B 2C 1B 3C 1D]	6	11
8	123457196	21	56	43	10	8	24	69	32	0	0	1	1	0	0	3	2	133	13	5	60	2	5	50	20	0	0	0	53	[3A 3B 2C 1B 3C 1D 1A]	7	12
9	123457196	8	58	51	13	8	19	62	44	0	0	0	2	0	0	2	3	133	14	5	60	2	5	50	20	0	0	0	53	[3A 3B 2C 1B 3C 1D 1A]	7	12
10	123457196	7	41	47	15	8	18	67	59	0	0	1	2	0	0	2	3	152	15	5	68	3	5	50	20	0	0	0	53	[3A 3B 2C 1B 3C 1D 1A 3D]	8	12
11	123457196	6	30	33	21	8	15	84	64	0	0	0	3	0	0	3	3	171	15	6	81	3	6	50	20	0	0	0	54	[3A 3B 2C 1B 3C 1D 1A 3D 2A]	9	12
12	123457196	6	21	39	24	8	7	79	77	0	0	0	3	0	0	3	3	171	15	6	81	3	6	50	20	0	0	0	54	[3A 3B 2C 1B 3C 1D 1A 3D 2A]	9	12
13	123457196	6	8	33	23	8	7	88	87	0	0	1	3	0	0	3	3	190	16	6	92	4	6	50	20	0	0	0	54	[3A 3B 2C 1B 3C 1D 1A 3D 2A 2D]	10	12
14	123457196	9	4	22	35	5	6	85	94	0	0	1	3	0	0	4	2	209	16	7	103	4	7	50	20	0	0	0	54	[3B 2C 1B 3C 1D 1A 3D 2A 2D 2B]	10	11
15	123457196	10	4	20	76	3	4	60	85	0	0	1	2	0	0	3	2	209	16	7	103	4	7	50	20	0	0	0	54	[1B 3C 1D 1A 3D 2A 2D 2B]	8	9
16	123457196	9	7	16	98	1	4	46	82	0	0	1	2	0	0	2	2	209	16	7	103	4	7	50	20	0	0	0	54	[3C 1D 1A 3D 2A 2D 2B]	7	8
17	123457196	10	6	13	141	0	4	27	64	0	0	1	1	0	0	1	2	209	16	7	103	4	7	50	20	0	0	0	54	[1A 3D 2A 2D 2B]	5	7
18	123457196	8	3	6	153	0	5	23	67	0	0	1	1	0	0	2	1	228	17	8	108	4	8	50	20	0	0	0	55	[3D 2A 2D 2B 1C]	5	8
19	123457196	7	3	6	154	0	0	23	72	0	0	1	1	0	0	2	1	228	19	8	108	4	8	50	20	0	0	0	55	[3D 2A 2D 2B 1C]	5	7
20	123457196	7	2	7	174	0	0	20	56	0	0	1	0	0	0	2	1	228	21	8	108	4	8	50	20	0	0	0	55	[2A 2D 2B 1C]	4	7
21	123457196	7	2	5	196	0	0	15	42	0	0	1	0	0	0	1	1	228	23	8	108	4	8	50	20	0	0	0	55	[2D 2B 1C]	3	6
22	123457196	7	1	5	197	0	0	13	44	0	0	1	0	0	0	1	1	228	25	8	108	4	8	50	20	0	0	0	55	[2D 2B 1C]	3	5
23	123457196	7	1	5	217	0	0	8	30	0	0	0	0	0	0	1	1	228	27	8	108	4	8	50	20	0	0	0	55	[2B 1C]	2	4
24	123457196	7	0	6	237	0	0	5	14	0	0	0	0	0	0	1	0	228	30	8	108	4	8	50	20	0	0	0	55	[1C]	1	3
25	123457196	6	1	3	237	0	0	7	14	0	0	1	0	0	0	1	0	247	32	8	110	5	8	50	20	0	0	0	56	[1C]	1	3
26	123457196	6	1	3	237	0	0	5	16	0	0	1	0	0	0	0	1	247	33	8	110	5	8	50	20	0	0	0	56	[1C]	1	3
27	123457196	6	1	2	238	0	0	4	17	0	0	1	0	0	0	0	1	247	35	8	110	5	8	50	20	0	0	0	56	[1C]	1	2
28	123457196	6	1	2	258	0	0	1	1	0	0	1	0	0	0	0	0	247	37	8	110	5	8	50	20	0	0	0	56	[]	0	1
29	123457196	5	1	3	258	0	0	0	2	0	0	1	0	0	0	0	0	247	38	8	110	5	8	50	20	0	0	0	57	[]	0	1
30	123457196	5	1	3	258	0	0	0	2	0	0	1	0	0	0	0	0	264	40	8	110	5	8	50	20	0	0	0	57	[]	0	1
31	123457196	5	1	3	258	0	0	0	2	0	0	1	0	0	0	0	0	264	40	8	110	5	8	50	20	0	0	0	57	[]	0	1
32	123457196	5	0	4	258	0	0	0	2	0	0	1	0	0	0	0	0	264	42	8	110	5	8	50	20	0	0	0	57	[]	0	2
33	123457196	5	0	4	258	0	0	0	2	0	0	1	0	0	0	0	0	264	43	8	110	5	8	50	20	0	0	0	57	[]	0	2
34	123457196	5	0	4	258	0	0	0	2	0	0	1	0	0	0	0	0	264	43	8	110	5	8	50	20	0	0	0	57	[]	0	2
35	123457196	4	1	3	262	0	0	0	0	0	0	0	0	0	0	0	0	264	47	8	110	5	8	50	20	0	0	0	58	[]	0	0
36	123457196	4	0	4	262	0	0	0	0	0	0	0	0	0	0	0	0	264	49	8	110	5	8	50	20	0	0	0	58	[]	0	1
37	123457196	4	0	4	262	0	0	0	0	0	0	0	0	0	0	0	0	264	50	8	110	5	8	50	20	0	0	0	58	[]	0	1
38	123457196	3	1	3	263	0	0	0	0	0	0	0	0	0	0	0	0	264	53	8	110	5	8	50	20	0	0	0	58	[]	0	1
39	123457196	3	1	2	264	0	0	0	0	0	0	0	0	0	0	0	0	264	54	8	110	5	8	50	20	0	0	0	58	[]	0	0
40	123457196	3	0	3	264	0	0	0	0	0	0	0	0	0	0	0	0	264	56	8	110	5	8	50	20	0	0	0	58	[]	0	0
41	123457196	3	0	3	264	0	0	0	0	0	0	0	0	0	0	0	0	264	59	8	110	5	8	50	20	0	0	0	58	[]	0	0
42	123457196	3	0	2	265	0	0	0	0	0	0	0	0	0	0	0	0	264	62	8	110	5	8	50	20	0	0	0	58	[]	0	0
43	123457196	3	0	1	266	0	0	0	0	0	0	0	0	0	0	0	0	264	64	8	110	5	8	50	20	0	0	0	58	[]	0	0
44	123457196	3	0	1	266	0	0	0	0	0	0	0	0	0	0	0	0	264	68	8	110	5	8	50	20	0	0	0	58	[]	0	0
45	123457196	3	0	0	267	0	0	0	0	0	0	0	0	0	0	0	0	264	70	8	110	5	8	50	20	0	0	0	58	[]	0	0
46	123457196	3	0	0	267	0	0	0	0	0	0	0	0	0	0	0	0	264	73	8	110	5	8	50	20	0	0	0	58	[]	0	0
47	123457196	3	0	0	267	0	0	0	0	0	0	0	0	0	0	0	0	264	74	8	110	5	8	50	20	0	0	0	58	[]	0	0
48	123457196	2	1	0	267	0	0	0	0	0	0	0	0	0	0	0	0	264	76	8	110	5	8	50	20	0	0	0	59	[]	0	0
49	123457196	2	1	0	267	0	0	0	0	0	0	0	0	0	0	0	0	264	78	8	110	5	8	50	20	0	0	0	59	[]	0	0
50	123457196	1	2	0	267	0	0	0	0	0	0	0	0	0	0	0	0	264	79	8	110	5	8	50	20	0	0	0	60	[]	0	0
51	123457196	1	2	0	267	0	0	0	0	0	0	0	0	0	0	0	0	264	80	8	110	5	8	50	20	0	0	0	60	[]	0	0
52	123457196	1	2	0	267	0	0	0	0	0	0	0	0	0	0	0	0	264	83	8	110	5	8	50	20	0	0	0	60	[]	0	0
53	123457196	1	2	0	267	0	0	0	0	0	0	0	0	0	0	0	0	264	85	8	110	5	8	50	20	0	0	0	60	[]	0	0
54	123457196	1	2	0	267	0	0	0	0	0	0	0	0	0	0	0	0	264	89	8	110	5	8	50	20	0	0	0	60	[]	0	0
55	123457196	1	2	0	267	0	0	0	0	0	0	0	0	0	0	0	0	264	91	8	110	5	8	50	20	0	0	0	60	[]	0	0
56	123457196	1	0	2	267	0	0	0	0	0	0	0	0	0	0	0	0	264	93	8	110	5	8	50	20	0	0	0	60	[]	0	0
57	123457196	1	0	1	268	0	0	0	0	0	0	0	0	0	0	0	0	264	94	8	110	5	8	50	20	0	0	0	60	[]	0	0
58	123457196	1	0	1	268	0	0	0	0	0	0	0	0	0	0	0	0	264	95	8	110	5	8	50	20	0	0	0	60	[]	0	0
59	123457196	1	0	1	268	0	0	0	0	0	0	0	0	0	0	0	0	264	97	8	110	5	8	50	20	0	0	0	60	[]	0	0
60	123457196	1	0	0	269	0	0	0	0	0	0	0	0	0	0	0	0	264	99	8	110	5	8	50	20	0	0	0	60	[]	0	0
