day	seedRun	susceptible	exposed	infected	removed	susceptible-in-quarantine	exposed-in-quarantine	infected-in-quarantine	removed-in-quarantine	susceptible-in-quarantine-external-1	exposed-in-quarantine-external-1	infected-in-quarantine-external-1	removed-in-quarantine-external-1	susceptible-in-quarantine-external-2	exposed-in-quarantine-external-2	infected-in-quarantine-external-2	removed-in-quarantine-external-2	num-of-screened-agents	num-of-screened-agents-external-1	num-of-screened-agents-external-2	num-of-positive-agents	num-of-positive-agents-external-1	num-of-positive-agents-external-2	num-vaccinated	num-immunized	num-immunized-in-quarantine	num-immunized-in-quarantine-external-1	num-immunized-in-quarantine-external-2	num-infected-outside	classroom-in-quarantine	num-of-classroom-in-quarantine	classroom-with-at-least-one-infected
0	123457147	263	0	0	0	0	0	0	0	0	0	0	0	0	0	0	0	0	0	0	0	0	0	50	27	0	0	0	0	[]	0	0
1	123457147	246	17	0	0	0	0	0	0	0	0	0	0	0	0	0	0	0	4	0	0	0	0	50	27	0	0	0	17	[]	0	0
2	123457147	194	63	5	0	0	0	0	0	0	0	0	0	0	0	1	0	19	6	1	0	0	1	50	27	0	0	0	35	[]	0	6
3	123457147	112	134	15	1	0	0	0	0	0	0	0	0	0	0	1	0	19	9	1	0	0	1	50	27	0	0	0	43	[]	0	9
4	123457147	31	166	43	2	4	9	6	0	0	0	0	0	0	0	2	0	38	11	2	6	0	2	50	27	0	0	0	50	[2B]	1	12
5	123457147	10	94	54	4	7	49	37	2	0	0	0	0	0	0	6	0	114	11	6	36	0	6	50	27	0	0	0	50	[2B 3A 3B 3D 2D]	5	12
6	123457147	3	26	28	5	13	78	88	11	0	0	1	0	0	0	10	0	209	12	10	82	1	10	50	27	0	0	0	51	[2B 3A 3B 3D 2D 1A 2A 2C 3C 1D]	10	12
7	123457147	3	6	10	4	13	66	129	20	0	0	1	0	0	0	10	1	247	12	11	101	1	11	50	27	0	0	0	51	[2B 3A 3B 3D 2D 1A 2A 2C 3C 1D 1B 1C]	12	12
8	123457147	3	4	11	5	13	51	125	39	0	0	1	0	0	0	5	6	247	12	11	101	1	11	50	27	0	0	0	51	[2B 3A 3B 3D 2D 1A 2A 2C 3C 1D 1B 1C]	12	12
9	123457147	3	2	10	8	13	30	129	56	0	0	1	0	0	0	4	7	247	12	11	101	1	11	50	27	0	0	0	51	[2B 3A 3B 3D 2D 1A 2A 2C 3C 1D 1B 1C]	12	12
10	123457147	3	2	9	9	13	17	121	77	0	0	1	0	0	0	3	8	247	12	11	101	1	11	50	27	0	0	0	51	[2B 3A 3B 3D 2D 1A 2A 2C 3C 1D 1B 1C]	12	12
11	123457147	2	3	7	11	13	11	110	94	0	0	1	0	0	0	3	8	247	12	11	101	1	11	50	27	0	0	0	52	[2B 3A 3B 3D 2D 1A 2A 2C 3C 1D 1B 1C]	12	12
12	123457147	2	3	5	13	13	5	104	106	0	0	1	0	0	0	3	8	247	12	11	101	1	11	50	27	0	0	0	52	[2B 3A 3B 3D 2D 1A 2A 2C 3C 1D 1B 1C]	12	12
13	123457147	2	1	7	13	13	4	90	121	0	0	1	0	0	0	2	9	247	12	11	101	1	11	50	27	0	0	0	52	[2B 3A 3B 3D 2D 1A 2A 2C 3C 1D 1B 1C]	12	12
14	123457147	6	1	7	29	9	0	81	119	0	0	1	0	0	0	1	9	247	12	11	101	1	11	50	27	0	0	0	52	[3A 3B 3D 2D 1A 2A 2C 3C 1D 1B 1C]	11	11
15	123457147	9	1	6	107	6	0	46	81	0	0	1	0	0	0	0	6	247	12	11	101	1	11	50	27	0	0	0	52	[1A 2A 2C 3C 1D 1B 1C]	7	7
16	123457147	13	2	7	201	0	0	13	25	0	0	0	0	0	0	0	2	247	16	11	101	1	11	50	27	0	0	0	53	[1B 1C]	2	2
17	123457147	12	3	6	242	0	0	0	0	0	0	0	0	0	0	0	0	247	18	11	101	1	11	50	27	0	0	0	54	[]	0	0
18	123457147	11	4	4	244	0	0	0	0	0	0	0	0	0	0	0	0	247	19	11	101	1	11	50	27	0	0	0	55	[]	0	0
19	123457147	9	5	5	244	0	0	0	0	0	0	0	0	0	0	0	0	247	22	11	101	1	11	50	27	0	0	0	56	[]	0	1
20	123457147	9	2	7	244	0	0	0	0	0	0	0	0	0	0	1	0	266	22	12	101	1	12	50	27	0	0	0	56	[]	0	3
21	123457147	8	1	9	244	0	0	0	0	0	0	0	0	0	0	1	0	266	22	12	101	1	12	50	27	0	0	0	57	[]	0	3
22	123457147	7	1	7	247	0	0	0	0	0	0	0	0	0	0	0	1	266	24	12	101	1	12	50	27	0	0	0	57	[]	0	1
23	123457147	7	1	4	250	0	0	0	0	0	0	0	0	0	0	0	1	266	26	12	101	1	12	50	27	0	0	0	57	[]	0	1
24	123457147	7	0	5	250	0	0	0	0	0	0	0	0	0	0	0	1	266	27	12	101	1	12	50	27	0	0	0	57	[]	0	1
25	123457147	6	1	5	250	0	0	0	0	0	0	0	0	0	0	0	1	285	30	12	101	1	12	50	27	0	0	0	58	[]	0	1
26	123457147	6	1	5	250	0	0	0	0	0	0	0	0	0	0	0	1	285	32	12	101	1	12	50	27	0	0	0	58	[]	0	1
27	123457147	6	1	5	250	0	0	0	0	0	0	0	0	0	0	0	1	285	36	12	101	1	12	50	27	0	0	0	58	[]	0	1
28	123457147	6	1	4	251	0	0	0	0	0	0	0	0	0	0	0	1	285	36	12	101	1	12	50	27	0	0	0	58	[]	0	1
29	123457147	5	1	5	251	0	0	0	0	0	0	0	0	0	0	0	1	285	37	12	101	1	12	50	27	0	0	0	59	[]	0	2
30	123457147	5	1	3	254	0	0	0	0	0	0	0	0	0	0	0	0	285	39	12	101	1	12	50	27	0	0	0	59	[]	0	1
31	123457147	4	1	4	254	0	0	0	0	0	0	0	0	0	0	0	0	285	41	12	101	1	12	50	27	0	0	0	60	[]	0	2
32	123457147	4	1	4	254	0	0	0	0	0	0	0	0	0	0	0	0	285	42	12	101	1	12	50	27	0	0	0	60	[]	0	2
33	123457147	4	1	4	254	0	0	0	0	0	0	0	0	0	0	0	0	285	45	12	101	1	12	50	27	0	0	0	60	[]	0	2
34	123457147	4	1	3	255	0	0	0	0	0	0	0	0	0	0	0	0	285	48	12	101	1	12	50	27	0	0	0	60	[]	0	2
35	123457147	4	0	4	255	0	0	0	0	0	0	0	0	0	0	0	0	285	49	12	101	1	12	50	27	0	0	0	60	[]	0	3
36	123457147	3	1	3	256	0	0	0	0	0	0	0	0	0	0	0	0	285	50	12	101	1	12	50	27	0	0	0	61	[]	0	2
37	123457147	2	1	4	256	0	0	0	0	0	0	0	0	0	0	0	0	285	51	12	101	1	12	50	27	0	0	0	62	[]	0	3
38	123457147	2	1	4	256	0	0	0	0	0	0	0	0	0	0	0	0	285	53	12	101	1	12	50	27	0	0	0	62	[]	0	3
39	123457147	2	1	3	257	0	0	0	0	0	0	0	0	0	0	0	0	285	54	12	101	1	12	50	27	0	0	0	62	[]	0	2
40	123457147	2	1	3	257	0	0	0	0	0	0	0	0	0	0	0	0	285	55	12	101	1	12	50	27	0	0	0	62	[]	0	2
41	123457147	2	1	3	257	0	0	0	0	0	0	0	0	0	0	0	0	285	58	12	101	1	12	50	27	0	0	0	62	[]	0	2
42	123457147	2	1	3	257	0	0	0	0	0	0	0	0	0	0	0	0	285	59	12	101	1	12	50	27	0	0	0	62	[]	0	2
43	123457147	2	1	3	257	0	0	0	0	0	0	0	0	0	0	0	0	285	60	12	101	1	12	50	27	0	0	0	62	[]	0	2
44	123457147	2	1	3	257	0	0	0	0	0	0	0	0	0	0	0	0	285	61	12	101	1	12	50	27	0	0	0	62	[]	0	2
45	123457147	1	2	3	257	0	0	0	0	0	0	0	0	0	0	0	0	285	64	12	101	1	12	50	27	0	0	0	63	[]	0	2
46	123457147	0	1	3	257	0	0	1	0	0	0	0	0	0	0	1	0	304	67	13	102	1	13	50	27	0	0	0	63	[]	0	3
47	123457147	0	1	3	257	0	0	1	0	0	0	0	0	0	0	1	0	304	68	13	102	1	13	50	27	0	0	0	63	[]	0	3
48	123457147	0	0	4	257	0	0	0	1	0	0	0	0	0	0	1	0	304	71	13	102	1	13	50	27	0	0	0	63	[]	0	3
49	123457147	0	0	4	257	0	0	0	1	0	0	0	0	0	0	1	0	304	73	13	102	1	13	50	27	0	0	0	63	[]	0	3
50	123457147	0	0	4	257	0	0	0	1	0	0	0	0	0	0	1	0	304	73	13	102	1	13	50	27	0	0	0	63	[]	0	3
51	123457147	0	0	4	257	0	0	0	1	0	0	0	0	0	0	1	0	322	75	13	102	1	13	50	27	0	0	0	63	[]	0	3
52	123457147	0	0	4	257	0	0	0	1	0	0	0	0	0	0	1	0	322	76	13	102	1	13	50	27	0	0	0	63	[]	0	3
53	123457147	0	0	4	257	0	0	0	1	0	0	0	0	0	0	1	0	322	80	13	102	1	13	50	27	0	0	0	63	[]	0	3
54	123457147	0	0	4	257	0	0	0	1	0	0	0	0	0	0	1	0	322	83	13	102	1	13	50	27	0	0	0	63	[]	0	3
55	123457147	0	0	4	257	0	0	0	1	0	0	0	0	0	0	1	0	322	86	13	102	1	13	50	27	0	0	0	63	[]	0	3
56	123457147	0	0	4	259	0	0	0	0	0	0	0	0	0	0	0	0	322	86	13	102	1	13	50	27	0	0	0	63	[]	0	2
57	123457147	0	0	3	260	0	0	0	0	0	0	0	0	0	0	0	0	322	87	13	102	1	13	50	27	0	0	0	63	[]	0	1
58	123457147	0	0	3	260	0	0	0	0	0	0	0	0	0	0	0	0	322	88	13	102	1	13	50	27	0	0	0	63	[]	0	1
59	123457147	0	0	3	260	0	0	0	0	0	0	0	0	0	0	0	0	322	91	13	102	1	13	50	27	0	0	0	63	[]	0	1
60	123457147	0	0	2	261	0	0	0	0	0	0	0	0	0	0	0	0	322	92	13	102	1	13	50	27	0	0	0	63	[]	0	1
