day	seedRun	susceptible	exposed	infected	removed	susceptible-in-quarantine	exposed-in-quarantine	infected-in-quarantine	removed-in-quarantine	susceptible-in-quarantine-external-1	exposed-in-quarantine-external-1	infected-in-quarantine-external-1	removed-in-quarantine-external-1	susceptible-in-quarantine-external-2	exposed-in-quarantine-external-2	infected-in-quarantine-external-2	removed-in-quarantine-external-2	num-of-screened-agents	num-of-screened-agents-external-1	num-of-screened-agents-external-2	num-of-positive-agents	num-of-positive-agents-external-1	num-of-positive-agents-external-2	num-vaccinated	num-immunized	num-immunized-in-quarantine	num-immunized-in-quarantine-external-1	num-immunized-in-quarantine-external-2	num-infected-outside	classroom-in-quarantine	num-of-classroom-in-quarantine	classroom-with-at-least-one-infected
0	123457060	268	0	0	0	0	0	0	0	0	0	0	0	0	0	0	0	0	0	0	0	0	0	50	22	0	0	0	0	[]	0	0
1	123457060	258	10	0	0	0	0	0	0	0	0	0	0	0	0	0	0	0	5	0	0	0	0	50	22	0	0	0	10	[]	0	0
2	123457060	235	32	1	0	0	0	0	0	0	0	0	0	0	0	0	0	0	7	0	0	0	0	50	22	0	0	0	28	[]	0	1
3	123457060	151	102	12	0	0	0	1	0	0	0	1	0	0	0	1	0	38	10	1	1	1	1	50	22	0	0	0	38	[]	0	10
4	123457060	71	154	38	2	0	0	1	0	0	0	1	0	0	0	0	1	38	13	1	1	1	1	50	22	0	0	0	42	[]	0	11
5	123457060	31	142	86	6	0	0	1	0	0	0	1	0	0	0	0	1	38	15	1	1	1	1	50	22	0	0	0	44	[]	0	11
6	123457060	29	101	81	14	0	10	25	4	0	0	2	0	0	0	1	1	76	16	2	25	2	2	50	22	0	0	0	46	[1A 2D]	2	11
7	123457060	26	46	58	15	1	36	64	14	0	0	2	0	0	0	5	1	152	17	6	65	2	6	50	22	0	0	0	48	[1A 2D 1D 3D 2A 1B]	6	12
8	123457060	8	31	38	11	2	44	94	31	0	0	2	0	0	0	6	1	208	17	7	91	2	7	50	22	0	0	0	51	[1A 2D 1D 3D 2A 1B 3C 3B 1C]	9	12
9	123457060	7	24	21	12	2	35	111	45	0	0	2	0	0	0	7	2	246	18	9	105	2	9	50	22	0	0	0	52	[1A 2D 1D 3D 2A 1B 3C 3B 1C 2B]	10	12
10	123457060	4	5	12	7	2	30	116	64	2	9	6	1	0	0	8	2	265	19	10	114	3	10	50	22	0	0	0	53	[1A 2D 1D 3D 2A 1B 3C 3B 1C 2B 3A 2C]	12	12
11	123457060	4	4	12	8	2	24	109	77	2	5	9	2	0	0	7	3	265	19	10	114	3	10	50	22	0	0	0	53	[1A 2D 1D 3D 2A 1B 3C 3B 1C 2B 3A 2C]	12	12
12	123457060	4	3	12	9	2	16	98	96	2	3	11	2	0	0	6	4	265	19	10	114	3	10	50	22	0	0	0	53	[1A 2D 1D 3D 2A 1B 3C 3B 1C 2B 3A 2C]	12	12
13	123457060	4	3	11	10	2	11	87	112	2	1	11	4	0	0	6	4	265	19	10	114	3	10	50	22	0	0	0	53	[1A 2D 1D 3D 2A 1B 3C 3B 1C 2B 3A 2C]	12	12
14	123457060	3	3	9	13	2	8	77	125	2	0	11	5	0	0	5	5	265	19	10	114	3	10	50	22	0	0	0	54	[1A 2D 1D 3D 2A 1B 3C 3B 1C 2B 3A 2C]	12	12
15	123457060	3	3	8	14	2	4	72	134	2	0	9	7	0	0	4	6	265	19	10	114	3	10	50	22	0	0	0	54	[1A 2D 1D 3D 2A 1B 3C 3B 1C 2B 3A 2C]	12	12
16	123457060	3	1	9	55	2	2	53	117	2	0	8	7	0	0	4	5	265	19	10	114	3	10	50	22	0	0	0	54	[1D 3D 2A 1B 3C 3B 1C 2B 3A 2C]	10	10
17	123457060	4	1	9	134	1	2	24	71	2	0	6	9	0	0	3	2	265	21	10	114	3	10	50	22	0	0	0	54	[3C 3B 1C 2B 3A 2C]	6	6
18	123457060	5	1	6	196	0	0	7	34	2	0	4	10	0	0	2	1	265	21	10	114	3	10	50	22	0	0	0	54	[2B 3A 2C]	3	3
19	123457060	5	1	6	216	0	0	2	20	2	0	4	10	0	0	1	1	265	23	10	114	3	10	50	22	0	0	0	54	[3A 2C]	2	2
20	123457060	6	2	6	254	0	0	0	0	0	0	0	0	0	0	0	0	265	25	10	114	3	10	50	22	0	0	0	55	[]	0	0
21	123457060	6	1	6	255	0	0	0	0	0	0	0	0	0	0	0	0	265	26	10	114	3	10	50	22	0	0	0	55	[]	0	0
22	123457060	6	1	4	257	0	0	0	0	0	0	0	0	0	0	0	0	265	29	10	114	3	10	50	22	0	0	0	55	[]	0	0
23	123457060	5	2	3	258	0	0	0	0	0	0	0	0	0	0	0	0	265	29	10	114	3	10	50	22	0	0	0	56	[]	0	0
24	123457060	4	3	3	258	0	0	0	0	0	0	0	0	0	0	0	0	265	31	10	114	3	10	50	22	0	0	0	56	[]	0	0
25	123457060	4	1	5	258	0	0	0	0	0	0	0	0	0	0	0	0	265	35	10	114	3	10	50	22	0	0	0	56	[]	0	2
26	123457060	4	1	5	258	0	0	0	0	0	0	0	0	0	0	0	0	265	39	10	114	3	10	50	22	0	0	0	56	[]	0	2
27	123457060	4	1	4	259	0	0	0	0	0	0	0	0	0	0	0	0	265	40	10	114	3	10	50	22	0	0	0	56	[]	0	2
28	123457060	4	1	4	259	0	0	0	0	0	0	0	0	0	0	0	0	265	40	10	114	3	10	50	22	0	0	0	56	[]	0	2
29	123457060	4	1	4	259	0	0	0	0	0	0	0	0	0	0	0	0	265	41	10	114	3	10	50	22	0	0	0	56	[]	0	2
30	123457060	4	1	3	260	0	0	0	0	0	0	0	0	0	0	0	0	265	45	10	114	3	10	50	22	0	0	0	56	[]	0	2
31	123457060	4	1	2	261	0	0	0	0	0	0	0	0	0	0	0	0	265	46	10	114	3	10	50	22	0	0	0	56	[]	0	2
32	123457060	4	0	3	261	0	0	0	0	0	0	0	0	0	0	0	0	265	47	10	114	3	10	50	22	0	0	0	56	[]	0	2
33	123457060	4	0	3	261	0	0	0	0	0	0	0	0	0	0	0	0	265	48	10	114	3	10	50	22	0	0	0	56	[]	0	2
34	123457060	4	0	3	261	0	0	0	0	0	0	0	0	0	0	0	0	265	49	10	114	3	10	50	22	0	0	0	56	[]	0	2
35	123457060	4	0	3	261	0	0	0	0	0	0	0	0	0	0	0	0	265	51	10	114	3	10	50	22	0	0	0	56	[]	0	2
36	123457060	3	1	2	261	0	0	0	0	0	0	0	0	0	0	1	0	284	53	11	114	3	11	50	22	0	0	0	57	[]	0	2
37	123457060	3	0	3	261	0	0	0	0	0	0	0	0	0	0	1	0	284	56	11	114	3	11	50	22	0	0	0	57	[]	0	2
38	123457060	3	0	3	261	0	0	0	0	0	0	0	0	0	0	1	0	284	57	11	114	3	11	50	22	0	0	0	57	[]	0	2
39	123457060	2	1	2	262	0	0	0	0	0	0	0	0	0	0	1	0	284	59	11	114	3	11	50	22	0	0	0	58	[]	0	1
40	123457060	2	0	2	263	0	0	0	0	0	0	0	0	0	0	1	0	284	60	11	114	3	11	50	22	0	0	0	58	[]	0	2
41	123457060	2	0	2	263	0	0	0	0	0	0	0	0	0	0	1	0	303	62	11	114	3	11	50	22	0	0	0	58	[]	0	2
42	123457060	2	0	2	263	0	0	0	0	0	0	0	0	0	0	1	0	303	65	11	114	3	11	50	22	0	0	0	58	[]	0	2
43	123457060	2	0	2	263	0	0	0	0	0	0	0	0	0	0	1	0	303	67	11	114	3	11	50	22	0	0	0	58	[]	0	2
44	123457060	2	0	2	263	0	0	0	0	0	0	0	0	0	0	1	0	303	67	11	114	3	11	50	22	0	0	0	58	[]	0	2
45	123457060	2	0	1	264	0	0	0	0	0	0	0	0	0	0	0	1	303	71	11	114	3	11	50	22	0	0	0	58	[]	0	1
46	123457060	1	1	1	265	0	0	0	0	0	0	0	0	0	0	0	0	303	72	11	114	3	11	50	22	0	0	0	59	[]	0	1
47	123457060	1	1	0	266	0	0	0	0	0	0	0	0	0	0	0	0	303	75	11	114	3	11	50	22	0	0	0	59	[]	0	0
48	123457060	1	1	0	266	0	0	0	0	0	0	0	0	0	0	0	0	303	77	11	114	3	11	50	22	0	0	0	59	[]	0	0
49	123457060	1	1	0	266	0	0	0	0	0	0	0	0	0	0	0	0	303	79	11	114	3	11	50	22	0	0	0	59	[]	0	0
50	123457060	1	1	0	266	0	0	0	0	0	0	0	0	0	0	0	0	303	80	11	114	3	11	50	22	0	0	0	59	[]	0	0
51	123457060	1	1	0	266	0	0	0	0	0	0	0	0	0	0	0	0	303	83	11	114	3	11	50	22	0	0	0	59	[]	0	0
52	123457060	1	1	0	266	0	0	0	0	0	0	0	0	0	0	0	0	303	84	11	114	3	11	50	22	0	0	0	59	[]	0	0
53	123457060	1	1	0	266	0	0	0	0	0	0	0	0	0	0	0	0	303	85	11	114	3	11	50	22	0	0	0	59	[]	0	0
54	123457060	1	1	0	266	0	0	0	0	0	0	0	0	0	0	0	0	303	85	11	114	3	11	50	22	0	0	0	59	[]	0	0
55	123457060	1	1	0	266	0	0	0	0	0	0	0	0	0	0	0	0	303	87	11	114	3	11	50	22	0	0	0	59	[]	0	0
56	123457060	1	1	0	266	0	0	0	0	0	0	0	0	0	0	0	0	303	92	11	114	3	11	50	22	0	0	0	59	[]	0	0
57	123457060	1	1	0	266	0	0	0	0	0	0	0	0	0	0	0	0	303	94	11	114	3	11	50	22	0	0	0	59	[]	0	0
58	123457060	1	0	1	266	0	0	0	0	0	0	0	0	0	0	0	0	303	95	11	114	3	11	50	22	0	0	0	59	[]	0	1
59	123457060	1	0	0	266	0	0	0	0	0	0	1	0	0	0	0	0	322	97	11	114	4	11	50	22	0	0	0	59	[]	0	1
60	123457060	1	0	0	266	0	0	0	0	0	0	1	0	0	0	0	0	322	97	11	114	4	11	50	22	0	0	0	59	[]	0	1
