day	seedRun	susceptible	exposed	infected	removed	susceptible-in-quarantine	exposed-in-quarantine	infected-in-quarantine	removed-in-quarantine	susceptible-in-quarantine-external-1	exposed-in-quarantine-external-1	infected-in-quarantine-external-1	removed-in-quarantine-external-1	susceptible-in-quarantine-external-2	exposed-in-quarantine-external-2	infected-in-quarantine-external-2	removed-in-quarantine-external-2	num-of-screened-agents	num-of-screened-agents-external-1	num-of-screened-agents-external-2	num-of-positive-agents	num-of-positive-agents-external-1	num-of-positive-agents-external-2	num-vaccinated	num-immunized	num-immunized-in-quarantine	num-immunized-in-quarantine-external-1	num-immunized-in-quarantine-external-2	num-infected-outside	classroom-in-quarantine	num-of-classroom-in-quarantine	classroom-with-at-least-one-infected
0	123457257	216	0	0	0	0	0	0	0	0	0	0	0	0	0	0	0	0	0	0	0	0	0	74	74	0	0	0	0	[]	0	0
1	123457257	216	0	0	0	0	0	0	0	0	0	0	0	0	0	0	0	0	2	0	0	0	0	74	74	0	0	0	0	[]	0	0
2	123457257	216	0	0	0	0	0	0	0	0	0	0	0	0	0	0	0	0	4	0	0	0	0	74	74	0	0	0	0	[]	0	0
3	123457257	216	0	0	0	0	0	0	0	0	0	0	0	0	0	0	0	0	5	0	0	0	0	74	74	0	0	0	0	[]	0	0
4	123457257	215	1	0	0	0	0	0	0	0	0	0	0	0	0	0	0	0	9	0	0	0	0	74	74	0	0	0	1	[]	0	0
5	123457257	215	1	0	0	0	0	0	0	0	0	0	0	0	0	0	0	0	13	0	0	0	0	74	74	0	0	0	1	[]	0	0
6	123457257	215	1	0	0	0	0	0	0	0	0	0	0	0	0	0	0	0	14	0	0	0	0	74	74	0	0	0	1	[]	0	0
7	123457257	215	1	0	0	0	0	0	0	0	0	0	0	0	0	0	0	0	14	0	0	0	0	74	74	0	0	0	1	[]	0	0
8	123457257	215	1	0	0	0	0	0	0	0	0	0	0	0	0	0	0	0	14	0	0	0	0	74	74	0	0	0	1	[]	0	0
9	123457257	215	1	0	0	0	0	0	0	0	0	0	0	0	0	0	0	0	18	0	0	0	0	74	74	0	0	0	1	[]	0	0
10	123457257	215	1	0	0	0	0	0	0	0	0	0	0	0	0	0	0	0	19	0	0	0	0	74	74	0	0	0	1	[]	0	0
11	123457257	213	2	1	0	0	0	0	0	0	0	0	0	0	0	0	0	0	20	0	0	0	0	74	74	0	0	0	1	[]	0	1
12	123457257	212	3	1	0	0	0	0	0	0	0	0	0	0	0	0	0	0	23	0	0	0	0	74	74	0	0	0	1	[]	0	1
13	123457257	212	1	3	0	0	0	0	0	0	0	0	0	0	0	0	0	0	25	0	0	0	0	74	74	0	0	0	1	[]	0	1
14	123457257	211	2	2	0	0	0	0	0	0	0	0	0	0	0	1	0	0	25	1	0	0	1	74	74	0	0	0	2	[]	0	1
15	123457257	207	5	3	0	0	0	0	0	0	0	0	0	0	0	1	0	0	26	1	0	0	1	74	74	0	0	0	2	[]	0	2
16	123457257	203	9	3	0	0	0	0	0	0	0	0	0	0	0	1	0	0	26	1	0	0	1	74	74	0	0	0	3	[]	0	2
17	123457257	199	11	5	0	0	0	0	0	0	0	0	0	0	0	1	0	0	27	1	0	0	1	74	74	0	0	0	4	[]	0	2
18	123457257	194	13	6	2	0	0	0	0	0	0	0	0	0	0	1	0	0	33	1	0	0	1	74	74	0	0	0	4	[]	0	1
19	123457257	190	14	7	3	0	0	0	0	0	0	1	0	0	0	0	1	0	35	1	0	1	1	74	74	0	0	0	4	[]	0	2
20	123457257	190	9	9	5	0	0	0	0	0	0	1	0	0	0	1	1	0	35	2	0	1	2	74	74	0	0	0	4	[]	0	4
21	123457257	190	6	9	8	0	0	0	0	0	0	0	1	0	0	1	1	0	35	2	0	1	2	74	74	0	0	0	4	[]	0	3
22	123457257	186	9	9	9	0	0	0	0	0	0	0	1	0	0	1	1	0	39	2	0	1	2	74	74	0	0	0	4	[]	0	3
23	123457257	175	17	11	10	0	0	0	0	0	0	0	1	0	0	1	1	0	41	2	0	1	2	74	74	0	0	0	4	[]	0	4
24	123457257	169	18	15	12	0	0	0	0	0	0	0	1	0	0	1	0	0	42	2	0	1	2	74	74	0	0	0	4	[]	0	4
25	123457257	155	25	17	16	0	0	0	0	0	0	0	1	0	0	2	0	0	43	3	0	1	3	74	74	0	0	0	4	[]	0	4
26	123457257	148	25	20	19	0	0	0	0	0	0	0	1	0	0	3	0	0	44	4	0	1	4	74	74	0	0	0	4	[]	0	4
27	123457257	148	18	24	22	0	0	0	0	0	0	0	1	0	0	2	1	0	45	4	0	1	4	74	74	0	0	0	4	[]	0	5
28	123457257	148	12	28	23	0	0	0	0	0	0	0	1	0	0	3	1	0	46	5	0	1	5	74	74	0	0	0	4	[]	0	5
29	123457257	141	14	29	27	0	0	0	0	0	0	1	0	0	0	3	1	0	47	5	0	2	5	74	74	0	0	0	4	[]	0	8
30	123457257	133	16	30	32	0	0	0	0	0	0	1	0	0	0	4	0	0	51	6	0	2	6	74	74	0	0	0	4	[]	0	7
31	123457257	123	23	31	34	0	0	0	0	0	0	1	0	0	0	3	1	0	53	6	0	2	6	74	74	0	0	0	4	[]	0	7
32	123457257	110	30	34	37	0	0	0	0	0	0	1	0	0	0	1	3	0	57	6	0	2	6	74	74	0	0	0	5	[]	0	7
33	123457257	98	34	37	41	0	0	0	0	0	0	1	0	0	0	2	3	0	59	7	0	2	7	74	74	0	0	0	5	[]	0	8
34	123457257	98	20	42	49	0	0	0	0	0	0	1	0	0	0	3	3	0	61	8	0	2	8	74	74	0	0	0	5	[]	0	10
35	123457257	98	13	43	55	0	0	0	0	0	0	2	0	0	0	2	3	0	63	8	0	3	8	74	74	0	0	0	5	[]	0	10
36	123457257	82	23	41	63	0	0	0	0	0	0	2	0	0	0	3	2	0	64	9	0	3	9	74	74	0	0	0	5	[]	0	10
37	123457257	67	30	34	72	0	0	0	0	0	0	2	0	0	0	8	3	0	65	15	0	3	15	74	74	0	0	0	5	[]	0	10
38	123457257	54	35	36	78	0	0	0	0	0	0	2	0	0	0	8	3	0	66	16	0	3	16	74	74	0	0	0	5	[]	0	10
39	123457257	41	31	51	81	0	0	0	0	0	0	1	0	0	0	7	4	0	67	16	0	3	16	74	74	0	0	0	5	[]	0	10
40	123457257	30	34	52	87	0	0	0	0	0	0	1	0	0	0	8	4	0	69	18	0	3	18	74	74	0	0	0	5	[]	0	9
41	123457257	30	26	55	90	0	0	0	0	0	0	2	0	0	0	8	5	0	71	19	0	4	19	74	74	0	0	0	5	[]	0	10
42	123457257	30	19	51	100	0	0	0	0	0	0	3	0	0	0	7	6	0	72	19	0	5	19	74	74	0	0	0	5	[]	0	9
43	123457257	26	18	47	107	0	0	0	0	0	0	4	0	0	0	8	6	0	75	21	0	6	21	74	74	0	0	0	5	[]	0	9
44	123457257	22	16	41	117	0	0	0	0	0	0	3	1	0	0	10	6	0	76	24	0	6	24	74	74	0	0	0	5	[]	0	9
45	123457257	18	15	37	126	0	0	0	0	0	0	2	1	0	0	10	7	0	77	25	0	6	25	74	74	0	0	0	5	[]	0	9
46	123457257	17	10	36	133	0	0	0	0	0	0	1	2	0	0	7	10	0	78	26	0	6	26	74	74	0	0	0	5	[]	0	10
47	123457257	17	8	31	145	0	0	0	0	0	0	1	2	0	0	6	6	0	78	27	0	6	27	74	74	0	0	0	5	[]	0	8
48	123457257	17	5	26	152	0	0	0	0	0	0	3	2	0	0	5	6	0	82	27	0	8	27	74	74	0	0	0	5	[]	0	7
49	123457257	17	5	23	155	0	0	0	0	0	0	2	3	0	0	4	7	0	83	27	0	8	27	74	74	0	0	0	5	[]	0	7
50	123457257	17	4	22	158	0	0	0	0	0	0	2	4	0	0	4	5	0	86	27	0	9	27	74	74	0	0	0	5	[]	0	7
51	123457257	17	2	19	164	0	0	0	0	0	0	2	3	0	0	4	5	0	88	28	0	9	28	74	74	0	0	0	5	[]	0	7
52	123457257	17	2	15	169	0	0	0	0	0	0	1	3	0	0	3	6	0	88	28	0	9	28	74	74	0	0	0	5	[]	0	7
53	123457257	17	2	12	175	0	0	0	0	0	0	1	2	0	0	2	5	0	89	28	0	9	28	74	74	0	0	0	5	[]	0	6
54	123457257	17	1	13	178	0	0	0	0	0	0	1	2	0	0	1	3	0	91	28	0	9	28	74	74	0	0	0	5	[]	0	6
55	123457257	17	1	12	180	0	0	0	0	0	0	0	3	0	0	1	2	0	93	28	0	9	28	74	74	0	0	0	5	[]	0	6
56	123457257	17	1	11	182	0	0	0	0	0	0	0	3	0	0	1	1	0	95	28	0	9	28	74	74	0	0	0	5	[]	0	6
57	123457257	17	1	10	184	0	0	0	0	0	0	0	3	0	0	1	0	0	100	28	0	9	28	74	74	0	0	0	5	[]	0	6
58	123457257	17	1	7	189	0	0	0	0	0	0	0	1	0	0	1	0	0	100	28	0	9	28	74	74	0	0	0	5	[]	0	6
59	123457257	17	1	5	191	0	0	0	0	0	0	0	1	0	0	1	0	0	101	28	0	9	28	74	74	0	0	0	5	[]	0	5
60	123457257	17	1	4	193	0	0	0	0	0	0	0	0	0	0	1	0	0	103	28	0	9	28	74	74	0	0	0	5	[]	0	4
