day	seedRun	susceptible	exposed	infected	removed	susceptible-in-quarantine	exposed-in-quarantine	infected-in-quarantine	removed-in-quarantine	susceptible-in-quarantine-external-1	exposed-in-quarantine-external-1	infected-in-quarantine-external-1	removed-in-quarantine-external-1	susceptible-in-quarantine-external-2	exposed-in-quarantine-external-2	infected-in-quarantine-external-2	removed-in-quarantine-external-2	num-of-screened-agents	num-of-screened-agents-external-1	num-of-screened-agents-external-2	num-of-positive-agents	num-of-positive-agents-external-1	num-of-positive-agents-external-2	num-vaccinated	num-immunized	num-immunized-in-quarantine	num-immunized-in-quarantine-external-1	num-immunized-in-quarantine-external-2	num-infected-outside	classroom-in-quarantine	num-of-classroom-in-quarantine	classroom-with-at-least-one-infected
0	123457000	270	0	0	0	0	0	0	0	0	0	0	0	0	0	0	0	0	0	0	0	0	0	50	20	0	0	0	0	[]	0	0
1	123457000	260	10	0	0	0	0	0	0	0	0	0	0	0	0	0	0	0	3	0	0	0	0	50	20	0	0	0	10	[]	0	0
2	123457000	238	30	2	0	0	0	0	0	0	0	0	0	0	0	0	0	0	5	0	0	0	0	50	20	0	0	0	28	[]	0	2
3	123457000	200	58	11	1	0	0	0	0	0	0	0	0	0	0	0	0	0	7	0	0	0	0	50	20	0	0	0	46	[]	0	7
4	123457000	163	75	26	3	0	0	0	0	0	0	0	0	0	0	3	0	0	7	3	0	0	3	50	20	0	0	0	54	[]	0	10
5	123457000	110	106	43	7	0	0	0	0	0	0	1	0	0	0	3	0	0	8	3	0	1	3	50	20	0	0	0	65	[]	0	12
6	123457000	107	75	69	10	0	0	0	0	0	0	2	0	0	0	5	2	0	9	7	0	2	7	50	20	0	0	0	68	[]	0	12
7	123457000	100	59	82	17	0	0	0	0	0	0	2	0	0	0	8	2	0	11	10	0	2	10	50	20	0	0	0	75	[]	0	12
8	123457000	51	91	89	26	0	0	0	0	0	0	3	0	0	0	7	3	0	12	10	0	3	10	50	20	0	0	0	76	[]	0	12
9	123457000	30	74	110	41	0	0	0	0	0	0	2	1	0	0	9	3	0	14	12	0	3	12	50	20	0	0	0	76	[]	0	12
10	123457000	21	62	115	56	0	0	0	0	0	0	2	1	0	0	8	5	0	16	13	0	3	13	50	20	0	0	0	79	[]	0	12
11	123457000	10	56	124	62	0	0	0	0	0	0	4	1	0	0	6	7	0	18	13	0	5	13	50	20	0	0	0	80	[]	0	12
12	123457000	9	40	121	79	0	0	0	0	0	0	4	1	0	0	7	9	0	18	16	0	5	16	50	20	0	0	0	80	[]	0	12
13	123457000	9	31	106	97	0	0	0	0	0	0	4	2	0	0	10	11	0	21	21	0	6	21	50	20	0	0	0	80	[]	0	12
14	123457000	9	18	102	116	0	0	0	0	0	0	5	2	0	0	8	10	0	24	21	0	7	21	50	20	0	0	0	80	[]	0	12
15	123457000	6	17	92	130	0	0	0	0	0	0	3	3	0	0	9	10	0	25	22	0	7	22	50	20	0	0	0	81	[]	0	12
16	123457000	5	14	80	151	0	0	0	0	0	0	3	2	0	0	8	7	0	25	22	0	7	22	50	20	0	0	0	81	[]	0	12
17	123457000	4	11	73	165	0	0	0	0	0	0	2	3	0	0	8	4	0	26	22	0	7	22	50	20	0	0	0	82	[]	0	12
18	123457000	4	10	62	176	0	0	0	0	0	0	2	2	0	0	9	5	0	26	24	0	7	24	50	20	0	0	0	82	[]	0	12
19	123457000	4	9	52	187	0	0	0	0	0	0	3	2	0	0	10	3	0	30	25	0	8	25	50	20	0	0	0	82	[]	0	12
20	123457000	4	4	47	198	0	0	0	0	0	0	3	2	0	0	10	2	0	33	25	0	8	25	50	20	0	0	0	82	[]	0	12
21	123457000	4	2	42	204	0	0	0	0	0	0	3	1	0	0	12	2	0	35	27	0	9	27	50	20	0	0	0	82	[]	0	12
22	123457000	2	3	31	217	0	0	0	0	0	0	4	1	0	0	9	3	0	38	28	0	10	28	50	20	0	0	0	83	[]	0	12
23	123457000	1	3	23	231	0	0	0	0	0	0	4	1	0	0	5	2	0	41	28	0	11	28	50	20	0	0	0	83	[]	0	12
24	123457000	1	2	21	235	0	0	0	0	0	0	2	2	0	0	4	3	0	45	28	0	11	28	50	20	0	0	0	83	[]	0	11
25	123457000	1	1	17	238	0	0	0	0	0	0	2	3	0	0	4	4	0	46	30	0	12	30	50	20	0	0	0	83	[]	0	10
26	123457000	0	1	15	240	0	0	0	0	0	0	2	3	0	0	4	5	0	49	31	0	12	31	50	20	0	0	0	84	[]	0	10
27	123457000	0	1	14	241	0	0	0	0	0	0	2	3	0	0	4	5	0	49	31	0	12	31	50	20	0	0	0	84	[]	0	10
28	123457000	0	1	12	244	0	0	0	0	0	0	1	4	0	0	4	4	0	51	32	0	12	32	50	20	0	0	0	84	[]	0	9
29	123457000	0	1	10	248	0	0	0	0	0	0	1	3	0	0	4	3	0	53	32	0	12	32	50	20	0	0	0	84	[]	0	8
30	123457000	0	0	11	248	0	0	0	0	0	0	1	3	0	0	4	3	0	55	32	0	12	32	50	20	0	0	0	84	[]	0	8
31	123457000	0	0	8	254	0	0	0	0	0	0	1	2	0	0	3	2	0	56	32	0	12	32	50	20	0	0	0	84	[]	0	7
32	123457000	0	0	5	259	0	0	0	0	0	0	1	1	0	0	3	1	0	57	32	0	12	32	50	20	0	0	0	84	[]	0	6
33	123457000	0	0	3	262	0	0	0	0	0	0	1	0	0	0	3	1	0	58	32	0	12	32	50	20	0	0	0	84	[]	0	4
34	123457000	0	0	3	262	0	0	0	0	0	0	1	0	0	0	2	2	0	63	32	0	12	32	50	20	0	0	0	84	[]	0	4
35	123457000	0	0	3	265	0	0	0	0	0	0	0	0	0	0	0	2	0	68	32	0	12	32	50	20	0	0	0	84	[]	0	1
36	123457000	0	0	2	267	0	0	0	0	0	0	0	0	0	0	0	1	0	69	32	0	12	32	50	20	0	0	0	84	[]	0	1
37	123457000	0	0	2	267	0	0	0	0	0	0	0	0	0	0	0	1	0	70	32	0	12	32	50	20	0	0	0	84	[]	0	1
38	123457000	0	0	2	268	0	0	0	0	0	0	0	0	0	0	0	0	0	71	32	0	12	32	50	20	0	0	0	84	[]	0	1
39	123457000	0	0	2	268	0	0	0	0	0	0	0	0	0	0	0	0	0	71	32	0	12	32	50	20	0	0	0	84	[]	0	1
40	123457000	0	0	1	269	0	0	0	0	0	0	0	0	0	0	0	0	0	74	32	0	12	32	50	20	0	0	0	84	[]	0	1
41	123457000	0	0	1	269	0	0	0	0	0	0	0	0	0	0	0	0	0	76	32	0	12	32	50	20	0	0	0	84	[]	0	1
42	123457000	0	0	1	269	0	0	0	0	0	0	0	0	0	0	0	0	0	79	32	0	12	32	50	20	0	0	0	84	[]	0	1
43	123457000	0	0	1	269	0	0	0	0	0	0	0	0	0	0	0	0	0	83	32	0	12	32	50	20	0	0	0	84	[]	0	1
44	123457000	0	0	0	270	0	0	0	0	0	0	0	0	0	0	0	0	0	83	32	0	12	32	50	20	0	0	0	84	[]	0	0
45	123457000	0	0	0	270	0	0	0	0	0	0	0	0	0	0	0	0	0	86	32	0	12	32	50	20	0	0	0	84	[]	0	0
46	123457000	0	0	0	270	0	0	0	0	0	0	0	0	0	0	0	0	0	88	32	0	12	32	50	20	0	0	0	84	[]	0	0
47	123457000	0	0	0	270	0	0	0	0	0	0	0	0	0	0	0	0	0	91	32	0	12	32	50	20	0	0	0	84	[]	0	0
48	123457000	0	0	0	270	0	0	0	0	0	0	0	0	0	0	0	0	0	92	32	0	12	32	50	20	0	0	0	84	[]	0	0
49	123457000	0	0	0	270	0	0	0	0	0	0	0	0	0	0	0	0	0	95	32	0	12	32	50	20	0	0	0	84	[]	0	0
50	123457000	0	0	0	270	0	0	0	0	0	0	0	0	0	0	0	0	0	96	32	0	12	32	50	20	0	0	0	84	[]	0	0
51	123457000	0	0	0	270	0	0	0	0	0	0	0	0	0	0	0	0	0	99	32	0	12	32	50	20	0	0	0	84	[]	0	0
52	123457000	0	0	0	270	0	0	0	0	0	0	0	0	0	0	0	0	0	101	32	0	12	32	50	20	0	0	0	84	[]	0	0
53	123457000	0	0	0	270	0	0	0	0	0	0	0	0	0	0	0	0	0	102	32	0	12	32	50	20	0	0	0	84	[]	0	0
54	123457000	0	0	0	270	0	0	0	0	0	0	0	0	0	0	0	0	0	102	32	0	12	32	50	20	0	0	0	84	[]	0	0
55	123457000	0	0	0	270	0	0	0	0	0	0	0	0	0	0	0	0	0	102	32	0	12	32	50	20	0	0	0	84	[]	0	0
56	123457000	0	0	0	270	0	0	0	0	0	0	0	0	0	0	0	0	0	103	32	0	12	32	50	20	0	0	0	84	[]	0	0
57	123457000	0	0	0	270	0	0	0	0	0	0	0	0	0	0	0	0	0	104	32	0	12	32	50	20	0	0	0	84	[]	0	0
58	123457000	0	0	0	270	0	0	0	0	0	0	0	0	0	0	0	0	0	109	32	0	12	32	50	20	0	0	0	84	[]	0	0
59	123457000	0	0	0	270	0	0	0	0	0	0	0	0	0	0	0	0	0	110	32	0	12	32	50	20	0	0	0	84	[]	0	0
60	123457000	0	0	0	270	0	0	0	0	0	0	0	0	0	0	0	0	0	110	32	0	12	32	50	20	0	0	0	84	[]	0	0
