day	seedRun	susceptible	exposed	infected	removed	susceptible-in-quarantine	exposed-in-quarantine	infected-in-quarantine	removed-in-quarantine	susceptible-in-quarantine-external-1	exposed-in-quarantine-external-1	infected-in-quarantine-external-1	removed-in-quarantine-external-1	susceptible-in-quarantine-external-2	exposed-in-quarantine-external-2	infected-in-quarantine-external-2	removed-in-quarantine-external-2	num-of-screened-agents	num-of-screened-agents-external-1	num-of-screened-agents-external-2	num-of-positive-agents	num-of-positive-agents-external-1	num-of-positive-agents-external-2	num-vaccinated	num-immunized	num-immunized-in-quarantine	num-immunized-in-quarantine-external-1	num-immunized-in-quarantine-external-2	num-infected-outside	classroom-in-quarantine	num-of-classroom-in-quarantine	classroom-with-at-least-one-infected
0	123456817	252	0	0	0	0	0	0	0	0	0	0	0	0	0	0	0	0	0	0	0	0	0	50	38	0	0	0	0	[]	0	0
1	123456817	236	16	0	0	0	0	0	0	0	0	0	0	0	0	0	0	0	1	0	0	0	0	50	38	0	0	0	16	[]	0	0
2	123456817	216	33	3	0	0	0	0	0	0	0	0	0	0	0	0	0	0	1	0	0	0	0	50	38	0	0	0	26	[]	0	3
3	123456817	191	56	5	0	0	0	0	0	0	0	0	0	0	0	0	0	0	2	0	0	0	0	50	38	0	0	0	39	[]	0	4
4	123456817	163	71	17	1	0	0	0	0	0	0	0	0	0	0	0	0	0	5	0	0	0	0	50	38	0	0	0	48	[]	0	8
5	123456817	122	91	34	3	0	0	0	0	0	0	0	0	0	0	2	0	0	6	2	0	0	2	50	38	0	0	0	56	[]	0	10
6	123456817	120	70	54	6	0	0	0	0	0	0	0	0	0	0	2	0	0	9	2	0	0	2	50	38	0	0	0	58	[]	0	11
7	123456817	113	61	60	14	0	0	0	0	0	0	0	0	0	0	4	0	0	9	4	0	0	4	50	38	0	0	0	65	[]	0	12
8	123456817	70	80	75	21	0	0	0	0	0	0	2	0	0	0	4	0	0	12	4	0	2	4	50	38	0	0	0	69	[]	0	12
9	123456817	44	91	73	35	0	0	0	0	0	0	1	1	0	0	7	0	0	12	7	0	2	7	50	38	0	0	0	71	[]	0	12
10	123456817	20	88	88	43	0	0	0	0	0	0	2	1	0	0	10	0	0	14	10	0	3	10	50	38	0	0	0	76	[]	0	12
11	123456817	14	70	99	52	0	0	0	0	0	0	2	1	0	0	14	0	0	14	14	0	3	14	50	38	0	0	0	77	[]	0	12
12	123456817	10	59	95	64	0	0	0	0	0	0	3	1	0	0	19	1	0	16	20	0	4	20	50	38	0	0	0	77	[]	0	12
13	123456817	9	40	101	77	0	0	0	0	0	0	3	1	0	0	18	3	0	18	21	0	4	21	50	38	0	0	0	78	[]	0	12
14	123456817	9	34	102	81	0	0	0	0	0	0	4	1	0	0	15	6	0	19	21	0	5	21	50	38	0	0	0	78	[]	0	12
15	123456817	5	27	91	101	0	0	0	0	0	0	2	3	0	0	15	8	0	20	25	0	5	25	50	38	0	0	0	78	[]	0	12
16	123456817	5	22	88	109	0	0	0	0	0	0	2	3	0	0	13	10	0	20	25	0	5	25	50	38	0	0	0	78	[]	0	12
17	123456817	5	18	77	123	0	0	0	0	0	0	2	3	0	0	13	11	0	21	28	0	5	28	50	38	0	0	0	78	[]	0	12
18	123456817	4	13	72	134	0	0	0	0	0	0	3	1	0	0	12	13	0	24	29	0	6	29	50	38	0	0	0	78	[]	0	12
19	123456817	3	11	65	144	0	0	0	0	0	0	2	2	0	0	12	13	0	28	32	0	6	32	50	38	0	0	0	78	[]	0	12
20	123456817	3	8	58	156	0	0	0	0	0	0	1	2	0	0	13	11	0	30	34	0	6	34	50	38	0	0	0	78	[]	0	12
21	123456817	3	6	54	164	0	0	0	0	0	0	1	2	0	0	11	11	0	32	36	0	6	36	50	38	0	0	0	78	[]	0	12
22	123456817	2	5	47	179	0	0	0	0	0	0	1	2	0	0	8	8	0	33	36	0	7	36	50	38	0	0	0	78	[]	0	12
23	123456817	1	6	41	184	0	0	0	0	0	0	2	2	0	0	7	9	0	37	37	0	8	37	50	38	0	0	0	78	[]	0	12
24	123456817	1	3	41	188	0	0	0	0	0	0	2	1	0	0	7	9	0	37	37	0	8	37	50	38	0	0	0	78	[]	0	11
25	123456817	1	2	37	197	0	0	0	0	0	0	2	1	0	0	5	7	0	38	37	0	8	37	50	38	0	0	0	78	[]	0	11
26	123456817	1	1	26	206	0	0	0	0	0	0	1	2	0	0	8	7	0	39	40	0	8	40	50	38	0	0	0	78	[]	0	11
27	123456817	1	1	22	212	0	0	0	0	0	0	1	2	0	0	6	7	0	41	41	0	8	41	50	38	0	0	0	78	[]	0	10
28	123456817	1	1	16	218	0	0	0	0	0	0	1	1	0	0	6	8	0	42	43	0	8	43	50	38	0	0	0	78	[]	0	10
29	123456817	1	1	13	222	0	0	0	0	0	0	2	1	0	0	6	6	0	46	44	0	9	44	50	38	0	0	0	78	[]	0	10
30	123456817	1	1	11	225	0	0	0	0	0	0	2	1	0	0	6	5	0	47	45	0	9	45	50	38	0	0	0	78	[]	0	9
31	123456817	1	1	7	230	0	0	0	0	0	0	2	1	0	0	5	5	0	52	46	0	9	46	50	38	0	0	0	78	[]	0	8
32	123456817	1	1	5	233	0	0	0	0	0	0	1	1	0	0	5	5	0	53	46	0	9	46	50	38	0	0	0	78	[]	0	7
33	123456817	1	1	5	235	0	0	0	0	0	0	1	0	0	0	4	5	0	55	46	0	9	46	50	38	0	0	0	78	[]	0	7
34	123456817	1	1	5	235	0	0	0	0	0	0	1	0	0	0	3	6	0	56	46	0	9	46	50	38	0	0	0	78	[]	0	7
35	123456817	1	0	6	235	0	0	0	0	0	0	0	1	0	0	3	6	0	58	46	0	9	46	50	38	0	0	0	78	[]	0	7
36	123456817	1	0	2	242	0	0	0	0	0	0	0	1	0	0	2	4	0	60	46	0	9	46	50	38	0	0	0	78	[]	0	3
37	123456817	1	0	2	243	0	0	0	0	0	0	0	1	0	0	1	4	0	62	46	0	9	46	50	38	0	0	0	78	[]	0	2
38	123456817	1	0	1	245	0	0	0	0	0	0	0	1	0	0	2	2	0	63	47	0	9	47	50	38	0	0	0	78	[]	0	2
39	123456817	1	0	1	247	0	0	0	0	0	0	0	0	0	0	2	1	0	64	47	0	9	47	50	38	0	0	0	78	[]	0	2
40	123456817	1	0	1	248	0	0	0	0	0	0	0	0	0	0	1	1	0	67	47	0	9	47	50	38	0	0	0	78	[]	0	2
41	123456817	1	0	1	249	0	0	0	0	0	0	0	0	0	0	1	0	0	67	47	0	9	47	50	38	0	0	0	78	[]	0	2
42	123456817	1	0	1	249	0	0	0	0	0	0	0	0	0	0	1	0	0	70	47	0	9	47	50	38	0	0	0	78	[]	0	2
43	123456817	1	0	1	249	0	0	0	0	0	0	0	0	0	0	0	1	0	71	47	0	9	47	50	38	0	0	0	78	[]	0	1
44	123456817	1	0	1	249	0	0	0	0	0	0	0	0	0	0	0	1	0	71	47	0	9	47	50	38	0	0	0	78	[]	0	1
45	123456817	1	0	1	249	0	0	0	0	0	0	0	0	0	0	0	1	0	72	47	0	9	47	50	38	0	0	0	78	[]	0	1
46	123456817	1	0	1	249	0	0	0	0	0	0	0	0	0	0	0	1	0	72	47	0	9	47	50	38	0	0	0	78	[]	0	1
47	123456817	1	0	1	249	0	0	0	0	0	0	0	0	0	0	0	1	0	72	47	0	9	47	50	38	0	0	0	78	[]	0	1
48	123456817	1	0	1	250	0	0	0	0	0	0	0	0	0	0	0	0	0	74	47	0	9	47	50	38	0	0	0	78	[]	0	1
49	123456817	1	0	1	250	0	0	0	0	0	0	0	0	0	0	0	0	0	77	47	0	9	47	50	38	0	0	0	78	[]	0	1
50	123456817	1	0	1	250	0	0	0	0	0	0	0	0	0	0	0	0	0	79	47	0	9	47	50	38	0	0	0	78	[]	0	1
51	123456817	1	0	1	250	0	0	0	0	0	0	0	0	0	0	0	0	0	81	47	0	9	47	50	38	0	0	0	78	[]	0	1
52	123456817	1	0	0	250	0	0	0	0	0	0	0	0	0	0	1	0	0	84	48	0	9	48	50	38	0	0	0	78	[]	0	1
53	123456817	0	1	0	250	0	0	0	0	0	0	0	0	0	0	1	0	0	85	48	0	9	48	50	38	0	0	0	79	[]	0	1
54	123456817	0	0	1	250	0	0	0	0	0	0	0	0	0	0	0	1	0	86	48	0	9	48	50	38	0	0	0	79	[]	0	0
55	123456817	0	0	1	250	0	0	0	0	0	0	0	0	0	0	0	1	0	87	48	0	9	48	50	38	0	0	0	79	[]	0	0
56	123456817	0	0	1	250	0	0	0	0	0	0	0	0	0	0	0	1	0	88	48	0	9	48	50	38	0	0	0	79	[]	0	0
57	123456817	0	0	0	251	0	0	0	0	0	0	0	0	0	0	0	1	0	91	48	0	9	48	50	38	0	0	0	79	[]	0	0
58	123456817	0	0	0	251	0	0	0	0	0	0	0	0	0	0	0	1	0	92	48	0	9	48	50	38	0	0	0	79	[]	0	0
59	123456817	0	0	0	251	0	0	0	0	0	0	0	0	0	0	0	1	0	93	48	0	9	48	50	38	0	0	0	79	[]	0	0
60	123456817	0	0	0	251	0	0	0	0	0	0	0	0	0	0	0	1	0	97	48	0	9	48	50	38	0	0	0	79	[]	0	0
