day	seedRun	susceptible	exposed	infected	removed	susceptible-in-quarantine	exposed-in-quarantine	infected-in-quarantine	removed-in-quarantine	susceptible-in-quarantine-external-1	exposed-in-quarantine-external-1	infected-in-quarantine-external-1	removed-in-quarantine-external-1	susceptible-in-quarantine-external-2	exposed-in-quarantine-external-2	infected-in-quarantine-external-2	removed-in-quarantine-external-2	num-of-screened-agents	num-of-screened-agents-external-1	num-of-screened-agents-external-2	num-of-positive-agents	num-of-positive-agents-external-1	num-of-positive-agents-external-2	num-vaccinated	num-immunized	num-immunized-in-quarantine	num-immunized-in-quarantine-external-1	num-immunized-in-quarantine-external-2	num-infected-outside	classroom-in-quarantine	num-of-classroom-in-quarantine	classroom-with-at-least-one-infected
0	123457113	261	0	0	0	0	0	0	0	0	0	0	0	0	0	0	0	0	0	0	0	0	0	50	29	0	0	0	0	[]	0	0
1	123457113	247	14	0	0	0	0	0	0	0	0	0	0	0	0	0	0	0	3	0	0	0	0	50	29	0	0	0	14	[]	0	0
2	123457113	233	26	2	0	0	0	0	0	0	0	0	0	0	0	0	0	0	5	0	0	0	0	50	29	0	0	0	27	[]	0	2
3	123457113	202	47	12	0	0	0	0	0	0	0	0	0	0	0	0	0	0	5	0	0	0	0	50	29	0	0	0	41	[]	0	7
4	123457113	168	68	22	1	0	0	0	0	0	0	0	0	0	0	2	0	0	8	2	0	0	2	50	29	0	0	0	52	[]	0	10
5	123457113	133	87	33	6	0	0	0	0	0	0	0	0	0	0	2	0	0	10	2	0	0	2	50	29	0	0	0	59	[]	0	12
6	123457113	125	67	54	11	0	0	0	0	0	0	1	0	0	0	2	1	0	11	3	0	1	3	50	29	0	0	0	67	[]	0	12
7	123457113	117	57	63	19	0	0	0	0	0	0	1	0	0	0	1	3	0	12	4	0	1	4	50	29	0	0	0	75	[]	0	12
8	123457113	68	96	61	27	0	0	0	0	0	0	2	0	0	0	4	3	0	13	7	0	2	7	50	29	0	0	0	81	[]	0	12
9	123457113	43	96	75	36	0	0	0	0	0	0	2	0	0	0	5	4	0	18	9	0	2	9	50	29	0	0	0	85	[]	0	12
10	123457113	22	87	94	43	0	0	0	0	0	0	2	1	0	0	7	5	0	20	12	0	3	12	50	29	0	0	0	85	[]	0	12
11	123457113	15	71	96	56	0	0	0	0	0	0	2	1	0	0	15	5	0	23	20	0	3	20	50	29	0	0	0	85	[]	0	12
12	123457113	11	61	89	72	0	0	0	0	0	0	2	1	0	0	19	6	0	24	25	0	3	25	50	29	0	0	0	86	[]	0	12
13	123457113	11	44	89	86	0	0	0	0	0	0	2	1	0	0	21	7	0	25	28	0	3	28	50	29	0	0	0	86	[]	0	12
14	123457113	11	32	84	102	0	0	0	0	0	0	2	1	0	0	20	9	0	26	31	0	3	31	50	29	0	0	0	86	[]	0	12
15	123457113	9	30	77	110	0	0	0	0	0	0	3	1	0	0	19	12	0	27	33	0	4	33	50	29	0	0	0	87	[]	0	12
16	123457113	8	21	71	123	0	0	0	0	0	0	3	0	0	0	21	14	0	29	38	0	4	38	50	29	0	0	0	87	[]	0	12
17	123457113	8	16	63	133	0	0	0	0	0	0	4	1	0	0	21	15	0	33	40	0	6	40	50	29	0	0	0	87	[]	0	12
18	123457113	7	12	63	140	0	0	0	0	0	0	3	1	0	0	17	18	0	34	42	0	6	42	50	29	0	0	0	87	[]	0	12
19	123457113	7	10	58	148	0	0	0	0	0	0	3	1	0	0	13	21	0	34	43	0	6	43	50	29	0	0	0	87	[]	0	12
20	123457113	7	8	49	162	0	0	0	0	0	0	3	1	0	0	11	20	0	35	43	0	7	43	50	29	0	0	0	87	[]	0	12
21	123457113	7	6	44	175	0	0	0	0	0	0	3	1	0	0	8	17	0	35	45	0	7	45	50	29	0	0	0	87	[]	0	12
22	123457113	6	7	36	188	0	0	0	0	0	0	2	2	0	0	7	13	0	36	45	0	7	45	50	29	0	0	0	88	[]	0	12
23	123457113	6	5	34	193	0	0	0	0	0	0	3	2	0	0	8	10	0	39	46	0	8	46	50	29	0	0	0	88	[]	0	12
24	123457113	5	4	33	197	0	0	0	0	0	0	3	2	0	0	8	9	0	41	48	0	8	48	50	29	0	0	0	88	[]	0	12
25	123457113	5	4	28	203	0	0	0	0	0	0	2	2	0	0	10	7	0	42	50	0	8	50	50	29	0	0	0	88	[]	0	11
26	123457113	5	2	27	210	0	0	0	0	0	0	2	2	0	0	8	5	0	42	51	0	8	51	50	29	0	0	0	88	[]	0	11
27	123457113	4	2	25	217	0	0	0	0	0	0	1	1	0	0	6	5	0	44	51	0	8	51	50	29	0	0	0	89	[]	0	10
28	123457113	4	2	20	224	0	0	0	0	0	0	0	2	0	0	6	3	0	46	51	0	8	51	50	29	0	0	0	89	[]	0	9
29	123457113	4	1	20	226	0	0	0	0	0	0	0	2	0	0	6	2	0	46	51	0	8	51	50	29	0	0	0	89	[]	0	9
30	123457113	4	1	17	229	0	0	0	0	0	0	0	1	0	0	5	4	0	48	52	0	8	52	50	29	0	0	0	89	[]	0	9
31	123457113	4	1	14	234	0	0	0	0	0	0	0	1	0	0	4	3	0	50	52	0	8	52	50	29	0	0	0	89	[]	0	9
32	123457113	4	1	10	236	0	0	0	0	0	0	1	1	0	0	4	4	0	54	53	0	9	53	50	29	0	0	0	89	[]	0	8
33	123457113	3	2	9	239	0	0	0	0	0	0	0	1	0	0	4	3	0	56	53	0	9	53	50	29	0	0	0	90	[]	0	7
34	123457113	3	0	9	243	0	0	0	0	0	0	0	1	0	0	3	2	0	57	53	0	9	53	50	29	0	0	0	90	[]	0	8
35	123457113	3	0	8	246	0	0	0	0	0	0	0	1	0	0	2	1	0	58	53	0	9	53	50	29	0	0	0	90	[]	0	7
36	123457113	2	1	6	249	0	0	0	0	0	0	0	1	0	0	2	0	0	59	53	0	9	53	50	29	0	0	0	91	[]	0	5
37	123457113	2	1	5	250	0	0	0	0	0	0	0	1	0	0	2	0	0	60	53	0	9	53	50	29	0	0	0	91	[]	0	5
38	123457113	2	1	4	250	0	0	0	0	0	0	1	1	0	0	1	1	0	64	53	0	10	53	50	29	0	0	0	91	[]	0	4
39	123457113	2	0	4	251	0	0	0	0	0	0	1	1	0	0	0	2	0	68	53	0	10	53	50	29	0	0	0	91	[]	0	3
40	123457113	2	0	4	252	0	0	0	0	0	0	0	2	0	0	0	1	0	69	53	0	10	53	50	29	0	0	0	91	[]	0	2
41	123457113	2	0	3	253	0	0	0	0	0	0	0	2	0	0	0	1	0	69	53	0	10	53	50	29	0	0	0	91	[]	0	1
42	123457113	2	0	3	255	0	0	0	0	0	0	0	1	0	0	0	0	0	69	53	0	10	53	50	29	0	0	0	91	[]	0	1
43	123457113	2	0	3	255	0	0	0	0	0	0	0	1	0	0	0	0	0	69	53	0	10	53	50	29	0	0	0	91	[]	0	1
44	123457113	2	0	2	256	0	0	0	0	0	0	0	1	0	0	0	0	0	69	53	0	10	53	50	29	0	0	0	91	[]	0	1
45	123457113	2	0	1	257	0	0	0	0	0	0	0	1	0	0	0	0	0	72	53	0	10	53	50	29	0	0	0	91	[]	0	1
46	123457113	1	1	1	257	0	0	0	0	0	0	0	1	0	0	0	0	0	72	53	0	10	53	50	29	0	0	0	92	[]	0	1
47	123457113	1	0	2	257	0	0	0	0	0	0	0	1	0	0	0	0	0	74	53	0	10	53	50	29	0	0	0	92	[]	0	1
48	123457113	1	0	2	258	0	0	0	0	0	0	0	0	0	0	0	0	0	76	53	0	10	53	50	29	0	0	0	92	[]	0	1
49	123457113	1	0	2	258	0	0	0	0	0	0	0	0	0	0	0	0	0	77	53	0	10	53	50	29	0	0	0	92	[]	0	1
50	123457113	1	0	1	258	0	0	0	0	0	0	0	0	0	0	1	0	0	79	54	0	10	54	50	29	0	0	0	92	[]	0	1
51	123457113	1	0	0	259	0	0	0	0	0	0	0	0	0	0	1	0	0	83	54	0	10	54	50	29	0	0	0	92	[]	0	1
52	123457113	1	0	0	259	0	0	0	0	0	0	0	0	0	0	1	0	0	86	54	0	10	54	50	29	0	0	0	92	[]	0	1
53	123457113	1	0	0	259	0	0	0	0	0	0	0	0	0	0	1	0	0	87	54	0	10	54	50	29	0	0	0	92	[]	0	1
54	123457113	1	0	0	259	0	0	0	0	0	0	0	0	0	0	1	0	0	89	54	0	10	54	50	29	0	0	0	92	[]	0	1
55	123457113	1	0	0	259	0	0	0	0	0	0	0	0	0	0	0	1	0	91	54	0	10	54	50	29	0	0	0	92	[]	0	0
56	123457113	0	1	0	259	0	0	0	0	0	0	0	0	0	0	0	1	0	92	54	0	10	54	50	29	0	0	0	93	[]	0	0
57	123457113	0	0	1	259	0	0	0	0	0	0	0	0	0	0	0	1	0	94	54	0	10	54	50	29	0	0	0	93	[]	0	0
58	123457113	0	0	1	259	0	0	0	0	0	0	0	0	0	0	0	1	0	96	54	0	10	54	50	29	0	0	0	93	[]	0	0
59	123457113	0	0	1	259	0	0	0	0	0	0	0	0	0	0	0	1	0	99	54	0	10	54	50	29	0	0	0	93	[]	0	0
60	123457113	0	0	1	260	0	0	0	0	0	0	0	0	0	0	0	0	0	100	54	0	10	54	50	29	0	0	0	93	[]	0	0
