day	seedRun	susceptible	exposed	infected	removed	susceptible-in-quarantine	exposed-in-quarantine	infected-in-quarantine	removed-in-quarantine	susceptible-in-quarantine-external-1	exposed-in-quarantine-external-1	infected-in-quarantine-external-1	removed-in-quarantine-external-1	susceptible-in-quarantine-external-2	exposed-in-quarantine-external-2	infected-in-quarantine-external-2	removed-in-quarantine-external-2	num-of-screened-agents	num-of-screened-agents-external-1	num-of-screened-agents-external-2	num-of-positive-agents	num-of-positive-agents-external-1	num-of-positive-agents-external-2	num-vaccinated	num-immunized	num-immunized-in-quarantine	num-immunized-in-quarantine-external-1	num-immunized-in-quarantine-external-2	num-infected-outside	classroom-in-quarantine	num-of-classroom-in-quarantine	classroom-with-at-least-one-infected
0	123456865	216	0	0	0	0	0	0	0	0	0	0	0	0	0	0	0	0	0	0	0	0	0	74	74	0	0	0	0	[]	0	0
1	123456865	215	1	0	0	0	0	0	0	0	0	0	0	0	0	0	0	60	2	0	0	0	0	74	74	0	0	0	1	[]	0	0
2	123456865	214	2	0	0	0	0	0	0	0	0	0	0	0	0	0	0	60	4	0	0	0	0	74	74	0	0	0	2	[]	0	0
3	123456865	213	3	0	0	0	0	0	0	0	0	0	0	0	0	0	0	60	5	0	0	0	0	74	74	0	0	0	3	[]	0	0
4	123456865	203	12	1	0	0	0	0	0	0	0	0	0	0	0	0	0	60	7	0	0	0	0	74	74	0	0	0	6	[]	0	1
5	123456865	176	35	5	0	0	0	0	0	0	0	0	0	0	0	0	0	60	10	0	0	0	0	74	74	0	0	0	6	[]	0	3
6	123456865	176	24	16	0	0	0	0	0	0	0	0	0	0	0	0	0	60	13	0	0	0	0	74	74	0	0	0	6	[]	0	4
7	123456865	175	21	19	1	0	0	0	0	0	0	0	0	0	0	0	0	60	15	0	0	0	0	74	74	0	0	0	7	[]	0	4
8	123456865	147	13	2	0	16	15	21	2	0	0	0	0	0	0	0	0	174	18	0	21	0	0	74	68	6	0	0	7	[1A 2B 3B]	3	5
9	123456865	123	32	7	0	16	11	22	5	0	0	0	0	0	0	0	0	174	19	0	21	0	0	74	68	6	0	0	7	[1A 2B 3B]	3	6
10	123456865	103	35	5	1	18	17	30	6	0	0	0	0	0	0	1	0	193	20	1	27	0	1	74	66	8	0	0	7	[1A 2B 3B 2D]	4	7
11	123456865	92	35	16	1	18	12	31	10	0	0	0	0	0	0	0	1	193	23	1	27	0	1	74	66	8	0	0	7	[1A 2B 3B 2D]	4	7
12	123456865	90	17	15	4	20	16	38	14	0	0	0	0	0	0	1	1	212	25	2	32	0	2	74	64	10	0	0	7	[1A 2B 3B 2D 3D]	5	7
13	123456865	88	6	11	3	20	16	44	25	0	0	0	0	0	0	2	1	231	25	3	37	0	3	74	62	12	0	0	8	[1A 2B 3B 2D 3D 2A]	6	7
14	123456865	87	3	0	0	20	13	56	33	0	0	0	0	0	0	3	1	250	28	4	48	0	4	74	60	14	0	0	9	[1A 2B 3B 2D 3D 2A 1B]	7	7
15	123456865	87	2	0	0	20	8	54	41	0	0	0	0	0	0	3	1	294	29	4	49	0	4	74	60	14	0	0	9	[1A 2B 3B 2D 3D 2A 1B]	7	8
16	123456865	81	7	1	0	20	6	46	51	0	0	0	0	0	0	3	1	294	29	4	49	0	4	74	60	14	0	0	9	[1A 2B 3B 2D 3D 2A 1B]	7	9
17	123456865	61	25	3	0	20	3	44	56	0	0	0	0	0	0	1	3	294	30	4	49	0	4	74	60	14	0	0	9	[1A 2B 3B 2D 3D 2A 1B]	7	10
18	123456865	72	24	8	39	4	3	25	37	0	0	0	0	0	0	1	3	294	31	4	49	0	4	74	66	8	0	0	9	[2D 3D 2A 1B]	4	7
19	123456865	70	12	3	40	4	9	27	46	0	0	0	0	0	0	2	3	313	31	5	57	0	5	74	64	10	0	0	9	[2D 3D 2A 1B 1C]	5	6
20	123456865	72	8	6	57	2	6	19	42	0	0	0	0	0	0	2	2	332	33	5	57	0	5	74	66	8	0	0	9	[3D 2A 1B 1C]	4	5
21	123456865	72	6	8	57	2	2	22	43	0	0	0	0	0	0	2	2	332	33	5	57	0	5	74	66	8	0	0	9	[3D 2A 1B 1C]	4	5
22	123456865	73	0	0	70	1	7	26	35	0	0	0	0	0	0	3	1	390	34	6	63	0	6	74	66	8	0	0	9	[2A 1B 1C 3A]	4	4
23	123456865	73	0	0	88	1	5	20	26	0	0	0	0	0	0	2	1	390	36	6	63	0	6	74	68	6	0	0	9	[1B 1C 3A]	3	3
24	123456865	73	0	0	106	1	3	16	15	0	0	0	0	0	0	2	0	390	36	6	63	0	6	74	70	4	0	0	9	[1C 3A]	2	2
25	123456865	73	0	0	107	1	3	13	17	0	0	0	0	0	0	1	1	390	37	6	63	0	6	74	70	4	0	0	9	[1C 3A]	2	2
26	123456865	73	0	0	107	1	2	10	21	0	0	0	0	0	0	0	2	390	40	6	63	0	6	74	70	4	0	0	9	[1C 3A]	2	2
27	123456865	73	0	0	107	1	1	9	23	0	0	0	0	0	0	0	2	390	42	6	63	0	6	74	70	4	0	0	9	[1C 3A]	2	2
28	123456865	73	0	0	107	1	1	9	23	0	0	0	0	0	0	0	2	390	43	6	63	0	6	74	70	4	0	0	9	[1C 3A]	2	2
29	123456865	73	0	0	125	1	1	3	12	0	0	0	0	0	0	0	1	445	48	6	63	0	6	74	72	2	0	0	9	[3A]	1	1
30	123456865	73	0	0	125	1	0	3	13	0	0	0	0	0	0	0	1	445	50	6	63	0	6	74	72	2	0	0	9	[3A]	1	1
31	123456865	72	1	0	125	1	0	2	14	0	0	0	0	0	0	0	1	445	51	6	63	0	6	74	72	2	0	0	10	[3A]	1	1
32	123456865	73	1	0	142	0	0	0	0	0	0	0	0	0	0	0	0	445	56	6	63	0	6	74	74	0	0	0	10	[]	0	0
33	123456865	73	1	0	142	0	0	0	0	0	0	0	0	0	0	0	0	445	59	6	63	0	6	74	74	0	0	0	10	[]	0	0
34	123456865	73	1	0	142	0	0	0	0	0	0	0	0	0	0	0	0	445	62	6	63	0	6	74	74	0	0	0	10	[]	0	0
35	123456865	73	0	1	142	0	0	0	0	0	0	0	0	0	0	0	0	445	62	6	63	0	6	74	74	0	0	0	10	[]	0	1
36	123456865	70	3	1	142	0	0	0	0	0	0	0	0	0	0	0	0	505	66	6	63	0	6	74	74	0	0	0	11	[]	0	1
37	123456865	66	6	2	142	0	0	0	0	0	0	0	0	0	0	0	0	505	67	6	63	0	6	74	74	0	0	0	11	[]	0	1
38	123456865	66	5	3	142	0	0	0	0	0	0	0	0	0	0	0	0	505	69	6	63	0	6	74	74	0	0	0	11	[]	0	1
39	123456865	65	5	4	142	0	0	0	0	0	0	0	0	0	0	0	0	505	73	6	63	0	6	74	74	0	0	0	11	[]	0	1
40	123456865	64	2	1	131	0	2	4	11	0	0	0	0	0	0	1	0	524	74	7	67	0	7	74	72	2	0	0	11	[1A]	1	2
41	123456865	64	1	2	131	0	2	3	12	0	0	0	0	0	0	1	0	524	74	7	67	0	7	74	72	2	0	0	11	[1A]	1	2
42	123456865	64	1	2	131	0	2	3	12	0	0	0	0	0	0	1	0	524	74	7	67	0	7	74	72	2	0	0	11	[1A]	1	2
43	123456865	64	1	0	131	0	1	6	12	0	0	0	0	0	0	1	0	598	76	7	69	0	7	74	72	2	0	0	11	[1A]	1	2
44	123456865	64	1	0	131	0	1	6	12	0	0	0	0	0	0	1	0	598	77	7	69	0	7	74	72	2	0	0	11	[1A]	1	2
45	123456865	64	1	0	131	0	0	5	14	0	0	0	0	0	0	1	0	598	79	7	69	0	7	74	72	2	0	0	11	[1A]	1	2
46	123456865	52	12	1	131	0	0	5	14	0	0	0	0	0	0	1	0	598	80	7	69	0	7	74	72	2	0	0	11	[1A]	1	2
47	123456865	50	8	7	131	0	0	5	14	0	0	0	0	0	0	1	0	598	81	7	69	0	7	74	72	2	0	0	11	[1A]	1	2
48	123456865	49	0	0	131	1	8	10	16	0	0	0	0	0	0	1	0	616	81	7	76	0	7	74	70	4	0	0	11	[1A 1D]	2	2
49	123456865	49	0	0	131	1	5	12	17	0	0	0	0	0	0	1	0	616	83	7	76	0	7	74	70	4	0	0	11	[1A 1D]	2	2
50	123456865	49	0	0	149	1	3	13	1	0	0	0	0	0	0	0	0	671	84	7	76	0	7	74	72	2	0	0	11	[1D]	1	1
51	123456865	49	0	0	149	1	2	12	3	0	0	0	0	0	0	0	0	671	84	7	76	0	7	74	72	2	0	0	11	[1D]	1	1
52	123456865	49	0	0	149	1	2	11	4	0	0	0	0	0	0	0	0	671	85	7	76	0	7	74	72	2	0	0	11	[1D]	1	1
53	123456865	49	0	0	149	1	1	10	6	0	0	0	0	0	0	0	0	671	85	7	76	0	7	74	72	2	0	0	11	[1D]	1	1
54	123456865	49	0	0	149	1	0	11	6	0	0	0	0	0	0	0	0	671	86	7	76	0	7	74	72	2	0	0	11	[1D]	1	1
55	123456865	49	0	0	149	1	0	7	10	0	0	0	0	0	0	0	0	671	88	7	76	0	7	74	72	2	0	0	11	[1D]	1	1
56	123456865	49	0	0	149	1	0	5	12	0	0	0	0	0	0	0	0	671	89	7	76	0	7	74	72	2	0	0	11	[1D]	1	1
57	123456865	49	0	0	149	1	0	3	14	0	0	0	0	0	0	0	0	726	90	7	76	0	7	74	72	2	0	0	11	[1D]	1	1
58	123456865	50	0	0	166	0	0	0	0	0	0	0	0	0	0	0	0	726	90	7	76	0	7	74	74	0	0	0	11	[]	0	0
59	123456865	50	0	0	166	0	0	0	0	0	0	0	0	0	0	0	0	726	90	7	76	0	7	74	74	0	0	0	11	[]	0	0
60	123456865	50	0	0	166	0	0	0	0	0	0	0	0	0	0	0	0	726	94	7	76	0	7	74	74	0	0	0	11	[]	0	0
