day	seedRun	susceptible	exposed	infected	removed	susceptible-in-quarantine	exposed-in-quarantine	infected-in-quarantine	removed-in-quarantine	susceptible-in-quarantine-external-1	exposed-in-quarantine-external-1	infected-in-quarantine-external-1	removed-in-quarantine-external-1	susceptible-in-quarantine-external-2	exposed-in-quarantine-external-2	infected-in-quarantine-external-2	removed-in-quarantine-external-2	num-of-screened-agents	num-of-screened-agents-external-1	num-of-screened-agents-external-2	num-of-positive-agents	num-of-positive-agents-external-1	num-of-positive-agents-external-2	num-vaccinated	num-immunized	num-immunized-in-quarantine	num-immunized-in-quarantine-external-1	num-immunized-in-quarantine-external-2	num-infected-outside	classroom-in-quarantine	num-of-classroom-in-quarantine	classroom-with-at-least-one-infected
0	123457215	216	0	0	0	0	0	0	0	0	0	0	0	0	0	0	0	0	0	0	0	0	0	74	74	0	0	0	0	[]	0	0
1	123457215	216	0	0	0	0	0	0	0	0	0	0	0	0	0	0	0	60	2	0	0	0	0	74	74	0	0	0	0	[]	0	0
2	123457215	216	0	0	0	0	0	0	0	0	0	0	0	0	0	0	0	60	3	0	0	0	0	74	74	0	0	0	0	[]	0	0
3	123457215	216	0	0	0	0	0	0	0	0	0	0	0	0	0	0	0	60	5	0	0	0	0	74	74	0	0	0	0	[]	0	0
4	123457215	215	1	0	0	0	0	0	0	0	0	0	0	0	0	0	0	60	8	0	0	0	0	74	74	0	0	0	1	[]	0	0
5	123457215	215	1	0	0	0	0	0	0	0	0	0	0	0	0	0	0	60	12	0	0	0	0	74	74	0	0	0	1	[]	0	0
6	123457215	215	1	0	0	0	0	0	0	0	0	0	0	0	0	0	0	60	13	0	0	0	0	74	74	0	0	0	1	[]	0	0
7	123457215	215	1	0	0	0	0	0	0	0	0	0	0	0	0	0	0	60	18	0	0	0	0	74	74	0	0	0	1	[]	0	0
8	123457215	206	9	1	0	0	0	0	0	0	0	0	0	0	0	0	0	120	19	0	0	0	0	74	74	0	0	0	3	[]	0	1
9	123457215	197	14	5	0	0	0	0	0	0	0	0	0	0	0	0	0	120	20	0	0	0	0	74	74	0	0	0	3	[]	0	1
10	123457215	194	12	10	0	0	0	0	0	0	0	0	0	0	0	0	0	120	21	0	0	0	0	74	74	0	0	0	4	[]	0	1
11	123457215	194	4	0	0	0	7	10	0	0	0	0	0	0	0	1	0	139	22	1	10	0	1	74	72	2	0	0	4	[2C]	1	1
12	123457215	181	15	2	0	0	6	10	1	0	0	0	0	0	0	1	0	139	26	1	10	0	1	74	72	2	0	0	4	[2C]	1	3
13	123457215	181	11	6	0	0	4	10	3	0	0	0	0	0	0	1	0	139	26	1	10	0	1	74	72	2	0	0	4	[2C]	1	3
14	123457215	181	9	7	1	0	4	9	4	0	0	0	0	0	0	1	0	139	27	1	10	0	1	74	72	2	0	0	4	[2C]	1	4
15	123457215	151	23	2	0	11	3	19	6	0	0	0	0	0	0	1	0	232	27	1	19	0	1	74	70	4	0	0	4	[2C 3B]	2	5
16	123457215	131	35	9	1	11	3	18	7	0	0	0	0	0	0	0	1	232	28	1	19	0	1	74	70	4	0	0	4	[2C 3B]	2	5
17	123457215	126	26	22	2	11	3	17	8	0	0	0	0	0	0	0	1	232	32	1	19	0	1	74	70	4	0	0	4	[2C 3B]	2	5
18	123457215	124	8	10	2	11	9	25	11	0	0	1	0	0	4	8	3	251	34	2	28	1	2	74	66	6	0	2	4	[2C 3B 2D 1C]	4	5
19	123457215	110	14	2	0	11	9	38	15	0	0	1	0	0	3	10	3	270	34	3	40	1	3	74	64	8	0	2	4	[2C 3B 2D 1C 2B]	5	7
20	123457215	110	8	7	1	11	5	40	17	0	0	1	0	0	2	10	4	270	35	3	40	1	3	74	64	8	0	2	4	[2C 3B 2D 1C 2B]	5	8
21	123457215	110	5	8	21	11	3	30	12	0	0	1	0	0	2	8	5	270	36	3	40	1	3	74	66	6	0	2	4	[3B 2D 1C 2B]	4	7
22	123457215	94	8	2	21	21	5	30	19	0	0	1	0	0	1	8	6	348	36	3	46	1	3	74	64	8	0	2	4	[3B 2D 1C 2B 3A]	5	7
23	123457215	88	10	6	21	21	3	30	21	0	0	0	1	0	1	6	8	348	38	3	46	1	3	74	64	8	0	2	4	[3B 2D 1C 2B 3A]	5	7
24	123457215	81	10	13	21	21	3	26	25	0	0	0	1	0	1	6	8	348	40	3	46	1	3	74	64	8	0	2	4	[3B 2D 1C 2B 3A]	5	8
25	123457215	81	15	4	25	10	3	32	29	0	0	0	1	0	1	7	8	367	42	4	56	1	4	74	64	8	0	2	4	[2D 1C 2B 3A 1A]	5	6
26	123457215	77	3	1	25	11	9	38	33	0	0	0	1	0	1	9	8	405	43	6	63	1	6	74	62	10	0	2	4	[2D 1C 2B 3A 1A 2A]	6	8
27	123457215	77	3	1	25	11	8	32	40	0	0	0	1	0	0	10	8	424	44	6	63	1	6	74	62	10	0	2	4	[2D 1C 2B 3A 1A 2A]	6	8
28	123457215	77	1	3	61	11	7	23	29	0	0	0	0	0	0	2	2	424	44	6	63	1	6	74	66	8	0	0	4	[2B 3A 1A 2A]	4	5
29	123457215	77	0	0	79	11	4	21	21	0	0	0	0	0	0	2	1	487	44	6	67	1	6	74	68	6	0	0	4	[3A 1A 2A]	3	4
30	123457215	77	0	0	79	11	2	21	23	0	0	0	0	0	0	2	1	487	45	6	67	1	6	74	68	6	0	0	4	[3A 1A 2A]	3	4
31	123457215	77	0	0	79	11	2	18	26	0	0	0	0	0	0	2	1	506	45	6	67	1	6	74	68	6	0	0	4	[3A 1A 2A]	3	4
32	123457215	87	0	0	88	1	1	15	21	0	0	0	0	0	0	2	1	506	47	6	67	1	6	74	70	4	0	0	4	[1A 2A]	2	3
33	123457215	87	0	0	88	1	1	14	22	0	0	0	0	0	0	2	1	506	48	6	67	1	6	74	70	4	0	0	4	[1A 2A]	2	3
34	123457215	87	0	0	88	1	0	15	22	0	0	0	0	0	0	2	1	522	49	6	67	1	6	74	70	4	0	0	4	[1A 2A]	2	3
35	123457215	87	0	0	106	1	0	11	9	0	0	0	0	0	0	1	1	522	51	6	67	1	6	74	72	2	0	0	4	[2A]	1	2
36	123457215	88	0	0	124	0	0	2	2	0	0	0	0	0	0	0	0	581	51	6	67	1	6	74	74	0	0	0	4	[]	0	1
37	123457215	88	0	0	124	0	0	2	2	0	0	0	0	0	0	0	0	581	52	6	67	1	6	74	74	0	0	0	4	[]	0	1
38	123457215	88	0	0	124	0	0	2	2	0	0	0	0	0	0	0	0	581	53	6	67	1	6	74	74	0	0	0	4	[]	0	1
39	123457215	88	0	0	128	0	0	0	0	0	0	0	0	0	0	0	0	581	56	6	67	1	6	74	74	0	0	0	4	[]	0	0
40	123457215	88	0	0	128	0	0	0	0	0	0	0	0	0	0	0	0	581	58	6	67	1	6	74	74	0	0	0	4	[]	0	0
41	123457215	88	0	0	128	0	0	0	0	0	0	0	0	0	0	0	0	581	59	6	67	1	6	74	74	0	0	0	4	[]	0	0
42	123457215	88	0	0	128	0	0	0	0	0	0	0	0	0	0	0	0	581	61	6	67	1	6	74	74	0	0	0	4	[]	0	0
43	123457215	88	0	0	128	0	0	0	0	0	0	0	0	0	0	0	0	641	62	6	67	1	6	74	74	0	0	0	4	[]	0	0
44	123457215	88	0	0	128	0	0	0	0	0	0	0	0	0	0	0	0	641	62	6	67	1	6	74	74	0	0	0	4	[]	0	0
45	123457215	88	0	0	128	0	0	0	0	0	0	0	0	0	0	0	0	641	69	6	67	1	6	74	74	0	0	0	4	[]	0	0
46	123457215	88	0	0	128	0	0	0	0	0	0	0	0	0	0	0	0	641	71	6	67	1	6	74	74	0	0	0	4	[]	0	0
47	123457215	88	0	0	128	0	0	0	0	0	0	0	0	0	0	0	0	641	72	6	67	1	6	74	74	0	0	0	4	[]	0	0
48	123457215	88	0	0	128	0	0	0	0	0	0	0	0	0	0	0	0	641	73	6	67	1	6	74	74	0	0	0	4	[]	0	0
49	123457215	88	0	0	128	0	0	0	0	0	0	0	0	0	0	0	0	641	75	6	67	1	6	74	74	0	0	0	4	[]	0	0
50	123457215	88	0	0	128	0	0	0	0	0	0	0	0	0	0	0	0	701	75	6	67	1	6	74	74	0	0	0	4	[]	0	0
51	123457215	88	0	0	128	0	0	0	0	0	0	0	0	0	0	0	0	701	75	6	67	1	6	74	74	0	0	0	4	[]	0	0
52	123457215	88	0	0	128	0	0	0	0	0	0	0	0	0	0	0	0	701	76	6	67	1	6	74	74	0	0	0	4	[]	0	0
53	123457215	88	0	0	128	0	0	0	0	0	0	0	0	0	0	0	0	701	79	6	67	1	6	74	74	0	0	0	4	[]	0	0
54	123457215	88	0	0	128	0	0	0	0	0	0	0	0	0	0	0	0	701	82	6	67	1	6	74	74	0	0	0	4	[]	0	0
55	123457215	88	0	0	128	0	0	0	0	0	0	0	0	0	0	0	0	701	86	6	67	1	6	74	74	0	0	0	4	[]	0	0
56	123457215	88	0	0	128	0	0	0	0	0	0	0	0	0	0	0	0	701	89	6	67	1	6	74	74	0	0	0	4	[]	0	0
57	123457215	88	0	0	128	0	0	0	0	0	0	0	0	0	0	0	0	761	92	6	67	1	6	74	74	0	0	0	4	[]	0	0
58	123457215	88	0	0	128	0	0	0	0	0	0	0	0	0	0	0	0	761	94	6	67	1	6	74	74	0	0	0	4	[]	0	0
59	123457215	88	0	0	128	0	0	0	0	0	0	0	0	0	0	0	0	761	94	6	67	1	6	74	74	0	0	0	4	[]	0	0
60	123457215	88	0	0	128	0	0	0	0	0	0	0	0	0	0	0	0	761	96	6	67	1	6	74	74	0	0	0	4	[]	0	0
