day	seedRun	susceptible	exposed	infected	removed	susceptible-in-quarantine	exposed-in-quarantine	infected-in-quarantine	removed-in-quarantine	susceptible-in-quarantine-external-1	exposed-in-quarantine-external-1	infected-in-quarantine-external-1	removed-in-quarantine-external-1	susceptible-in-quarantine-external-2	exposed-in-quarantine-external-2	infected-in-quarantine-external-2	removed-in-quarantine-external-2	num-of-screened-agents	num-of-screened-agents-external-1	num-of-screened-agents-external-2	num-of-positive-agents	num-of-positive-agents-external-1	num-of-positive-agents-external-2	num-vaccinated	num-immunized	num-immunized-in-quarantine	num-immunized-in-quarantine-external-1	num-immunized-in-quarantine-external-2	num-infected-outside	classroom-in-quarantine	num-of-classroom-in-quarantine	classroom-with-at-least-one-infected
0	123457264	216	0	0	0	0	0	0	0	0	0	0	0	0	0	0	0	0	0	0	0	0	0	74	74	0	0	0	0	[]	0	0
1	123457264	216	0	0	0	0	0	0	0	0	0	0	0	0	0	0	0	60	0	0	0	0	0	74	74	0	0	0	0	[]	0	0
2	123457264	216	0	0	0	0	0	0	0	0	0	0	0	0	0	0	0	60	5	0	0	0	0	74	74	0	0	0	0	[]	0	0
3	123457264	216	0	0	0	0	0	0	0	0	0	0	0	0	0	0	0	60	7	0	0	0	0	74	74	0	0	0	0	[]	0	0
4	123457264	216	0	0	0	0	0	0	0	0	0	0	0	0	0	0	0	60	8	0	0	0	0	74	74	0	0	0	0	[]	0	0
5	123457264	216	0	0	0	0	0	0	0	0	0	0	0	0	0	0	0	60	8	0	0	0	0	74	74	0	0	0	0	[]	0	0
6	123457264	216	0	0	0	0	0	0	0	0	0	0	0	0	0	0	0	60	10	0	0	0	0	74	74	0	0	0	0	[]	0	0
7	123457264	216	0	0	0	0	0	0	0	0	0	0	0	0	0	0	0	60	10	0	0	0	0	74	74	0	0	0	0	[]	0	0
8	123457264	216	0	0	0	0	0	0	0	0	0	0	0	0	0	0	0	120	13	0	0	0	0	74	74	0	0	0	0	[]	0	0
9	123457264	216	0	0	0	0	0	0	0	0	0	0	0	0	0	0	0	120	15	0	0	0	0	74	74	0	0	0	0	[]	0	0
10	123457264	216	0	0	0	0	0	0	0	0	0	0	0	0	0	0	0	120	17	0	0	0	0	74	74	0	0	0	0	[]	0	0
11	123457264	216	0	0	0	0	0	0	0	0	0	0	0	0	0	0	0	120	19	0	0	0	0	74	74	0	0	0	0	[]	0	0
12	123457264	215	1	0	0	0	0	0	0	0	0	0	0	0	0	0	0	120	20	0	0	0	0	74	74	0	0	0	1	[]	0	0
13	123457264	215	0	1	0	0	0	0	0	0	0	0	0	0	0	0	0	120	24	0	0	0	0	74	74	0	0	0	1	[]	0	1
14	123457264	215	0	0	1	0	0	0	0	0	0	0	0	0	0	0	0	120	25	0	0	0	0	74	74	0	0	0	1	[]	0	0
15	123457264	215	0	0	1	0	0	0	0	0	0	0	0	0	0	0	0	180	26	0	0	0	0	74	74	0	0	0	1	[]	0	0
16	123457264	215	0	0	1	0	0	0	0	0	0	0	0	0	0	0	0	180	29	0	0	0	0	74	74	0	0	0	1	[]	0	0
17	123457264	215	0	0	1	0	0	0	0	0	0	0	0	0	0	0	0	180	29	0	0	0	0	74	74	0	0	0	1	[]	0	0
18	123457264	214	1	0	1	0	0	0	0	0	0	0	0	0	0	0	0	180	29	0	0	0	0	74	74	0	0	0	2	[]	0	0
19	123457264	214	1	0	1	0	0	0	0	0	0	0	0	0	0	0	0	180	31	0	0	0	0	74	74	0	0	0	2	[]	0	0
20	123457264	212	2	1	1	0	0	0	0	0	0	0	0	0	0	0	0	180	34	0	0	0	0	74	74	0	0	0	4	[]	0	1
21	123457264	212	2	1	1	0	0	0	0	0	0	0	0	0	0	0	0	180	37	0	0	0	0	74	74	0	0	0	4	[]	0	1
22	123457264	212	1	0	2	0	0	1	0	0	0	0	0	0	0	0	0	259	39	0	1	0	0	74	74	0	0	0	4	[]	0	1
23	123457264	203	9	1	2	0	0	0	1	0	0	0	0	0	0	0	0	259	41	0	1	0	0	74	74	0	0	0	5	[]	0	1
24	123457264	194	14	5	2	0	0	0	1	0	0	0	0	0	0	0	0	259	45	0	1	0	0	74	74	0	0	0	5	[]	0	1
25	123457264	194	10	9	2	0	0	0	1	0	0	0	0	0	0	0	0	259	46	0	1	0	0	74	74	0	0	0	5	[]	0	1
26	123457264	184	17	11	3	0	0	0	1	0	0	0	0	0	0	0	0	259	49	0	1	0	0	74	74	0	0	0	5	[]	0	2
27	123457264	184	12	14	5	0	0	0	1	0	0	0	0	0	0	0	0	278	51	0	1	0	0	74	74	0	0	0	5	[]	0	2
28	123457264	184	9	15	7	0	0	0	1	0	0	0	0	0	0	0	0	278	52	0	1	0	0	74	74	0	0	0	5	[]	0	2
29	123457264	168	19	8	2	0	3	8	8	0	0	0	0	0	0	0	0	355	56	0	9	0	0	74	72	2	0	0	5	[3A]	1	3
30	123457264	161	23	8	5	0	3	7	9	0	0	0	0	0	0	0	0	355	58	0	9	0	0	74	72	2	0	0	5	[3A]	1	3
31	123457264	158	18	12	9	0	2	5	12	0	0	0	0	0	0	0	0	355	58	0	9	0	0	74	72	2	0	0	5	[3A]	1	3
32	123457264	158	2	0	2	0	14	17	21	0	0	0	0	0	0	2	0	393	66	2	19	0	2	74	68	6	0	0	5	[3A 3D 3C]	3	3
33	123457264	158	2	0	2	0	11	18	23	0	0	0	0	0	0	2	0	393	67	2	19	0	2	74	68	6	0	0	5	[3A 3D 3C]	3	3
34	123457264	158	2	0	2	0	9	19	24	0	0	0	0	0	0	1	1	393	69	2	19	0	2	74	68	6	0	0	5	[3A 3D 3C]	3	3
35	123457264	158	1	1	2	0	7	19	26	0	0	0	0	0	0	1	1	393	70	2	19	0	2	74	68	6	0	0	5	[3A 3D 3C]	3	4
36	123457264	158	1	0	3	0	4	20	28	0	0	0	0	0	0	1	1	438	70	2	19	0	2	74	68	6	0	0	5	[3A 3D 3C]	3	3
37	123457264	158	1	0	3	0	2	19	31	0	0	0	0	0	0	1	1	438	71	2	19	0	2	74	68	6	0	0	5	[3A 3D 3C]	3	3
38	123457264	147	11	1	3	0	1	17	34	0	0	0	0	0	0	1	1	438	72	2	19	0	2	74	68	6	0	0	5	[3A 3D 3C]	3	4
39	123457264	142	13	4	21	0	0	12	22	0	0	0	0	0	0	0	2	438	75	2	19	0	2	74	70	4	0	0	5	[3D 3C]	2	3
40	123457264	140	10	9	21	0	0	10	24	0	0	0	0	0	0	0	2	438	77	2	19	0	2	74	70	4	0	0	5	[3D 3C]	2	3
41	123457264	139	7	13	21	0	0	9	25	0	0	0	0	0	0	0	2	438	77	2	19	0	2	74	70	4	0	0	5	[3D 3C]	2	3
42	123457264	139	2	0	57	0	3	13	1	0	0	0	0	0	0	1	0	457	78	3	32	0	3	74	72	2	0	0	5	[2D]	1	1
43	123457264	139	1	0	57	0	3	12	3	0	0	0	0	0	0	1	0	531	79	3	33	0	3	74	72	2	0	0	5	[2D]	1	2
44	123457264	139	1	0	57	0	2	9	7	0	0	0	0	0	0	1	0	531	82	3	33	0	3	74	72	2	0	0	5	[2D]	1	2
45	123457264	139	1	0	57	0	2	9	7	0	0	0	0	0	0	1	0	531	84	3	33	0	3	74	72	2	0	0	5	[2D]	1	2
46	123457264	129	10	1	57	0	2	7	9	0	0	0	0	0	0	1	0	531	86	3	33	0	3	74	72	2	0	0	5	[2D]	1	3
47	123457264	129	9	0	57	0	1	9	9	0	0	0	0	0	0	1	1	550	86	4	34	0	4	74	72	2	0	0	5	[2D]	1	3
48	123457264	129	7	2	57	0	1	9	9	0	0	0	0	0	0	1	1	569	86	4	34	0	4	74	72	2	0	0	5	[2D]	1	3
49	123457264	129	4	4	58	0	1	7	11	0	0	0	0	0	0	0	2	569	87	4	34	0	4	74	72	2	0	0	5	[2D]	1	3
50	123457264	122	0	0	57	7	5	9	14	0	0	0	0	0	0	0	2	639	89	4	37	0	4	74	70	4	0	0	5	[2D 1C]	2	2
51	123457264	121	1	0	57	7	2	11	15	0	0	0	0	0	0	0	2	639	90	4	37	0	4	74	70	4	0	0	6	[2D 1C]	2	2
52	123457264	121	1	0	75	7	1	5	5	0	0	0	0	0	0	0	1	639	91	4	37	0	4	74	72	2	0	0	6	[1C]	1	1
53	123457264	121	1	0	76	7	1	4	5	0	0	0	0	0	0	0	1	639	92	4	37	0	4	74	72	2	0	0	6	[1C]	1	1
54	123457264	121	1	0	76	7	1	4	5	0	0	0	0	0	0	0	1	639	95	4	37	0	4	74	72	2	0	0	6	[1C]	1	1
55	123457264	120	2	0	76	7	1	4	5	0	0	0	0	0	0	0	1	639	98	4	37	0	4	74	72	2	0	0	7	[1C]	1	1
56	123457264	120	2	0	76	7	0	4	6	0	0	0	0	0	0	0	1	639	99	4	37	0	4	74	72	2	0	0	7	[1C]	1	1
57	123457264	110	11	1	76	7	0	2	8	0	0	0	0	0	0	0	1	694	100	4	37	0	4	74	72	2	0	0	7	[1C]	1	2
58	123457264	98	18	6	76	7	0	1	9	0	0	0	0	0	0	0	1	694	101	4	37	0	4	74	72	2	0	0	7	[1C]	1	3
59	123457264	94	20	7	77	7	0	1	9	0	0	0	0	0	0	0	1	694	101	4	37	0	4	74	72	2	0	0	7	[1C]	1	3
60	123457264	93	14	5	86	0	8	5	4	0	0	0	0	0	0	1	0	713	105	5	42	0	5	74	72	2	0	0	8	[2C]	1	2
