day	seedRun	susceptible	exposed	infected	removed	susceptible-in-quarantine	exposed-in-quarantine	infected-in-quarantine	removed-in-quarantine	susceptible-in-quarantine-external-1	exposed-in-quarantine-external-1	infected-in-quarantine-external-1	removed-in-quarantine-external-1	susceptible-in-quarantine-external-2	exposed-in-quarantine-external-2	infected-in-quarantine-external-2	removed-in-quarantine-external-2	num-of-screened-agents	num-of-screened-agents-external-1	num-of-screened-agents-external-2	num-of-positive-agents	num-of-positive-agents-external-1	num-of-positive-agents-external-2	num-vaccinated	num-immunized	num-immunized-in-quarantine	num-immunized-in-quarantine-external-1	num-immunized-in-quarantine-external-2	num-infected-outside	classroom-in-quarantine	num-of-classroom-in-quarantine	classroom-with-at-least-one-infected
0	123457188	216	0	0	0	0	0	0	0	0	0	0	0	0	0	0	0	0	0	0	0	0	0	74	74	0	0	0	0	[]	0	0
1	123457188	207	9	0	0	0	0	0	0	0	0	0	0	0	0	0	0	60	0	0	0	0	0	74	74	0	0	0	9	[]	0	0
2	123457188	196	19	1	0	0	0	0	0	0	0	0	0	0	0	0	0	60	0	0	0	0	0	74	74	0	0	0	17	[]	0	1
3	123457188	179	34	3	0	0	0	0	0	0	0	0	0	0	0	0	0	60	0	0	0	0	0	74	74	0	0	0	31	[]	0	3
4	123457188	154	46	15	1	0	0	0	0	0	0	0	0	0	0	0	0	60	0	0	0	0	0	74	74	0	0	0	39	[]	0	9
5	123457188	121	65	27	3	0	0	0	0	0	0	0	0	0	0	0	0	60	0	0	0	0	0	74	74	0	0	0	44	[]	0	12
6	123457188	117	47	47	5	0	0	0	0	0	0	0	0	0	0	0	0	60	1	0	0	0	0	74	74	0	0	0	48	[]	0	12
7	123457188	111	39	55	11	0	0	0	0	0	0	0	0	0	0	0	0	60	2	0	0	0	0	74	74	0	0	0	54	[]	0	12
8	123457188	37	19	9	7	59	27	47	11	0	0	0	0	0	0	0	0	196	3	0	27	0	0	74	58	16	0	0	58	[1B 2B 2C 2D 3A 3B 3C 3D]	8	12
9	123457188	25	26	14	7	59	22	46	17	0	0	0	0	0	0	0	0	196	3	0	27	0	0	74	58	16	0	0	58	[1B 2B 2C 2D 3A 3B 3C 3D]	8	12
10	123457188	13	21	13	7	65	22	51	23	0	0	1	0	0	0	0	0	215	4	0	30	1	0	74	56	18	0	0	60	[1B 2B 2C 2D 3A 3B 3C 3D 2A]	9	12
11	123457188	7	21	17	9	65	13	54	29	0	0	1	0	0	0	0	0	215	4	0	30	1	0	74	56	18	0	0	60	[1B 2B 2C 2D 3A 3B 3C 3D 2A]	9	12
12	123457188	6	19	18	11	65	8	46	42	0	0	1	0	0	0	0	0	215	4	0	30	1	0	74	56	18	0	0	61	[1B 2B 2C 2D 3A 3B 3C 3D 2A]	9	12
13	123457188	6	15	19	14	65	6	44	46	0	0	0	1	0	0	0	0	215	4	0	30	1	0	74	56	18	0	0	61	[1B 2B 2C 2D 3A 3B 3C 3D 2A]	9	12
14	123457188	6	10	22	16	65	1	44	51	0	0	0	1	0	0	0	0	215	4	0	30	1	0	74	56	18	0	0	61	[1B 2B 2C 2D 3A 3B 3C 3D 2A]	9	12
15	123457188	0	0	0	0	71	9	59	76	0	0	0	1	0	0	0	0	268	4	0	46	1	0	74	50	24	0	0	61	[1B 2B 2C 2D 3A 3B 3C 3D 2A 1A 1C 1D]	12	12
16	123457188	0	0	0	0	71	6	56	82	0	0	0	1	0	0	0	0	268	4	0	46	1	0	74	50	24	0	0	61	[1B 2B 2C 2D 3A 3B 3C 3D 2A 1A 1C 1D]	12	12
17	123457188	0	0	0	0	71	6	43	95	0	0	0	1	0	0	0	0	268	4	0	46	1	0	74	50	24	0	0	61	[1B 2B 2C 2D 3A 3B 3C 3D 2A 1A 1C 1D]	12	12
18	123457188	0	0	0	0	71	4	39	101	0	0	0	1	0	0	0	0	268	4	0	46	1	0	74	50	24	0	0	61	[1B 2B 2C 2D 3A 3B 3C 3D 2A 1A 1C 1D]	12	12
19	123457188	0	0	0	0	71	4	35	105	0	0	0	1	0	0	0	0	268	4	0	46	1	0	74	50	24	0	0	61	[1B 2B 2C 2D 3A 3B 3C 3D 2A 1A 1C 1D]	12	12
20	123457188	0	0	0	0	71	3	33	108	0	0	0	1	0	0	0	0	268	4	0	46	1	0	74	50	24	0	0	61	[1B 2B 2C 2D 3A 3B 3C 3D 2A 1A 1C 1D]	12	12
21	123457188	0	0	0	0	71	2	29	113	0	0	0	1	0	0	0	0	268	4	0	46	1	0	74	50	24	0	0	61	[1B 2B 2C 2D 3A 3B 3C 3D 2A 1A 1C 1D]	12	11
22	123457188	55	4	0	85	12	2	13	44	0	0	0	1	0	0	0	0	308	4	0	46	1	0	74	66	8	0	0	65	[2A 1A 1C 1D]	4	4
23	123457188	52	6	1	85	12	1	12	46	0	0	0	1	0	0	0	0	308	5	0	46	1	0	74	66	8	0	0	68	[2A 1A 1C 1D]	4	5
24	123457188	50	12	2	98	6	1	6	41	0	0	0	0	0	0	0	0	308	5	0	46	1	0	74	68	6	0	0	75	[1A 1C 1D]	3	4
25	123457188	46	11	7	98	6	1	6	41	0	0	0	0	0	0	0	0	308	5	0	46	1	0	74	68	6	0	0	77	[1A 1C 1D]	3	7
26	123457188	43	13	8	98	6	1	6	41	0	0	0	0	0	0	0	0	308	5	0	46	1	0	74	68	6	0	0	78	[1A 1C 1D]	3	7
27	123457188	41	11	10	100	6	1	5	42	0	0	0	0	0	0	0	0	308	5	0	46	1	0	74	68	6	0	0	80	[1A 1C 1D]	3	8
28	123457188	41	8	11	102	6	0	4	44	0	0	0	0	0	0	0	0	308	6	0	46	1	0	74	68	6	0	0	80	[1A 1C 1D]	3	8
29	123457188	36	14	6	142	3	0	6	9	0	0	0	0	0	0	0	0	387	8	0	52	1	0	74	72	2	0	0	81	[2D]	1	6
30	123457188	29	14	13	142	3	0	6	9	0	0	0	0	0	0	0	0	387	10	0	52	1	0	74	72	2	0	0	81	[2D]	1	7
31	123457188	28	12	14	144	3	0	5	10	0	0	0	0	0	0	0	0	387	11	0	52	1	0	74	72	2	0	0	81	[2D]	1	7
32	123457188	22	14	17	145	3	0	4	11	0	0	0	0	0	0	0	0	387	11	0	52	1	0	74	72	2	0	0	81	[2D]	1	8
33	123457188	19	12	20	147	3	0	3	12	0	0	0	0	0	0	0	0	387	11	0	52	1	0	74	72	2	0	0	81	[2D]	1	8
34	123457188	18	9	20	151	3	0	3	12	0	0	0	0	0	0	0	0	387	13	0	52	1	0	74	72	2	0	0	82	[2D]	1	7
35	123457188	18	8	21	151	3	0	3	12	0	0	0	0	0	0	0	0	387	13	0	52	1	0	74	72	2	0	0	82	[2D]	1	7
36	123457188	11	4	6	105	8	4	15	63	0	0	0	0	0	0	0	0	480	14	0	62	1	0	74	64	10	0	0	84	[2D 1B 2B 3A 3B]	5	7
37	123457188	11	3	6	106	8	2	12	68	0	0	0	0	0	0	0	0	480	15	0	62	1	0	74	64	10	0	0	84	[2D 1B 2B 3A 3B]	5	8
38	123457188	11	1	8	106	8	0	12	70	0	0	0	0	0	0	0	0	480	15	0	62	1	0	74	64	10	0	0	84	[2D 1B 2B 3A 3B]	5	8
39	123457188	9	3	6	108	8	0	11	71	0	0	0	0	0	0	0	0	480	15	0	62	1	0	74	64	10	0	0	85	[2D 1B 2B 3A 3B]	5	8
40	123457188	6	4	8	108	8	0	10	72	0	0	0	0	0	0	0	0	480	16	0	62	1	0	74	64	10	0	0	87	[2D 1B 2B 3A 3B]	5	9
41	123457188	6	2	6	111	8	0	7	75	0	0	0	0	0	0	1	0	499	17	1	62	1	1	74	64	10	0	0	87	[2D 1B 2B 3A 3B]	5	8
42	123457188	6	2	6	111	8	0	6	76	0	0	0	0	0	0	1	0	499	17	1	62	1	1	74	64	10	0	0	87	[2D 1B 2B 3A 3B]	5	7
43	123457188	5	4	3	113	7	0	7	76	0	0	0	0	0	0	1	0	558	17	1	65	1	1	74	64	10	0	0	89	[1B 2B 3A 3B 3D]	5	6
44	123457188	4	3	5	113	7	0	5	78	0	0	0	0	0	0	1	0	558	17	1	65	1	1	74	64	10	0	0	90	[1B 2B 3A 3B 3D]	5	8
45	123457188	4	3	2	98	7	0	6	94	0	0	0	0	0	0	2	0	577	17	2	66	1	2	74	62	12	0	0	90	[1B 2B 3A 3B 3D 3C]	6	7
46	123457188	4	3	2	98	7	0	3	97	0	0	0	0	0	0	2	0	596	18	2	66	1	2	74	62	12	0	0	90	[1B 2B 3A 3B 3D 3C]	6	6
47	123457188	4	2	3	98	7	0	3	97	0	0	0	0	0	0	2	0	596	18	2	66	1	2	74	62	12	0	0	90	[1B 2B 3A 3B 3D 3C]	6	7
48	123457188	4	2	3	98	7	0	2	98	0	0	0	0	0	0	2	0	596	18	2	66	1	2	74	62	12	0	0	90	[1B 2B 3A 3B 3D 3C]	6	7
49	123457188	4	2	3	98	7	0	1	99	0	0	0	0	0	0	2	0	596	19	2	66	1	2	74	62	12	0	0	90	[1B 2B 3A 3B 3D 3C]	6	6
50	123457188	8	2	3	165	2	0	2	32	0	0	0	0	0	0	2	0	665	21	2	67	1	2	74	70	4	0	0	90	[3D 3C]	2	7
51	123457188	7	1	5	165	2	0	2	32	0	0	0	0	0	0	2	0	665	23	2	67	1	2	74	70	4	0	0	91	[3D 3C]	2	8
52	123457188	7	1	5	165	2	0	2	32	0	0	0	0	0	0	1	1	665	24	2	67	1	2	74	70	4	0	0	91	[3D 3C]	2	7
53	123457188	6	2	4	166	2	0	2	32	0	0	0	0	0	0	1	1	665	24	2	67	1	2	74	70	4	0	0	91	[3D 3C]	2	6
54	123457188	6	2	3	167	2	0	1	33	0	0	0	0	0	0	0	2	665	25	2	67	1	2	74	70	4	0	0	91	[3D 3C]	2	3
55	123457188	6	2	3	168	2	0	1	33	0	0	0	0	0	0	0	1	684	25	2	67	1	2	74	70	4	0	0	91	[3D 3C]	2	3
56	123457188	6	1	3	169	2	0	1	33	0	0	0	0	0	0	0	1	684	26	2	67	1	2	74	70	4	0	0	91	[3D 3C]	2	4
57	123457188	8	0	1	186	0	0	2	18	0	0	0	0	0	0	0	1	776	26	2	69	1	2	74	72	2	0	0	91	[3C]	1	3
58	123457188	8	0	1	186	0	0	2	18	0	0	0	0	0	0	0	1	776	26	2	69	1	2	74	72	2	0	0	91	[3C]	1	3
59	123457188	6	2	1	204	0	0	1	2	0	0	0	0	0	0	0	0	776	27	2	69	1	2	74	74	0	0	0	93	[]	0	2
60	123457188	6	2	1	204	0	0	1	2	0	0	0	0	0	0	0	0	776	27	2	69	1	2	74	74	0	0	0	93	[]	0	2
