day	seedRun	susceptible	exposed	infected	removed	susceptible-in-quarantine	exposed-in-quarantine	infected-in-quarantine	removed-in-quarantine	susceptible-in-quarantine-external-1	exposed-in-quarantine-external-1	infected-in-quarantine-external-1	removed-in-quarantine-external-1	susceptible-in-quarantine-external-2	exposed-in-quarantine-external-2	infected-in-quarantine-external-2	removed-in-quarantine-external-2	num-of-screened-agents	num-of-screened-agents-external-1	num-of-screened-agents-external-2	num-of-positive-agents	num-of-positive-agents-external-1	num-of-positive-agents-external-2	num-vaccinated	num-immunized	num-immunized-in-quarantine	num-immunized-in-quarantine-external-1	num-immunized-in-quarantine-external-2	num-infected-outside	classroom-in-quarantine	num-of-classroom-in-quarantine	classroom-with-at-least-one-infected
0	123457249	255	0	0	0	0	0	0	0	0	0	0	0	0	0	0	0	0	0	0	0	0	0	50	35	0	0	0	0	[]	0	0
1	123457249	253	2	0	0	0	0	0	0	0	0	0	0	0	0	0	0	0	5	0	0	0	0	50	35	0	0	0	2	[]	0	0
2	123457249	253	2	0	0	0	0	0	0	0	0	0	0	0	0	0	0	0	8	0	0	0	0	50	35	0	0	0	2	[]	0	0
3	123457249	252	3	0	0	0	0	0	0	0	0	0	0	0	0	0	0	0	11	0	0	0	0	50	35	0	0	0	3	[]	0	0
4	123457249	252	3	0	0	0	0	0	0	0	0	0	0	0	0	0	0	0	12	0	0	0	0	50	35	0	0	0	3	[]	0	0
5	123457249	245	8	1	0	0	0	0	0	0	0	0	0	0	0	1	0	19	13	1	0	0	1	50	35	0	0	0	3	[]	0	2
6	123457249	245	5	4	0	0	0	0	0	0	0	0	0	0	0	1	0	19	16	1	0	0	1	50	35	0	0	0	3	[]	0	2
7	123457249	244	5	5	0	0	0	0	0	0	0	0	0	0	0	1	0	19	18	1	0	0	1	50	35	0	0	0	4	[]	0	2
8	123457249	226	21	6	1	0	0	0	0	0	0	0	0	0	0	1	0	19	20	1	0	0	1	50	35	0	0	0	4	[]	0	3
9	123457249	205	37	10	2	0	0	0	0	0	0	0	0	0	0	0	1	19	23	1	0	0	1	50	35	0	0	0	4	[]	0	3
10	123457249	186	45	20	3	0	0	0	0	0	0	0	0	0	0	0	1	38	24	1	0	0	1	50	35	0	0	0	4	[]	0	4
11	123457249	172	46	15	1	0	5	9	5	0	0	0	0	0	0	1	1	57	26	2	9	0	2	50	35	0	0	0	6	[3B]	1	4
12	123457249	165	39	25	4	0	3	9	7	0	0	0	0	0	0	2	1	76	26	3	9	0	3	50	35	0	0	0	6	[3B]	1	5
13	123457249	165	23	20	5	0	10	16	12	0	0	1	0	0	0	2	1	95	28	3	18	1	3	50	35	0	0	0	6	[3B 3D]	2	6
14	123457249	164	14	28	6	0	5	20	13	0	0	1	0	0	0	2	2	113	29	4	18	1	4	50	35	0	0	0	7	[3B 3D]	2	9
15	123457249	137	37	29	10	0	4	18	16	0	0	1	0	0	0	2	1	113	32	4	18	1	4	50	35	0	0	0	7	[3B 3D]	2	9
16	123457249	103	61	32	15	0	4	14	20	0	0	1	0	0	0	4	1	150	34	6	18	1	6	50	35	0	0	0	7	[3B 3D]	2	10
17	123457249	85	61	37	8	0	3	22	32	0	0	0	1	0	0	5	1	187	35	7	25	1	7	50	35	0	0	0	7	[3B 3D 1C]	3	12
18	123457249	63	70	32	6	0	4	30	42	0	0	0	1	0	0	6	1	206	36	8	36	1	8	50	35	0	0	0	7	[3B 3D 1C 3C]	4	12
19	123457249	49	57	39	6	0	8	39	48	0	0	0	1	0	0	7	1	244	38	9	48	1	9	50	35	0	0	0	7	[3B 3D 1C 3C 3A]	5	12
20	123457249	49	24	32	6	0	17	57	59	0	0	1	1	0	0	8	1	282	39	10	66	2	10	50	35	0	0	0	7	[3B 3D 1C 3C 3A 2D 1B]	7	12
21	123457249	49	20	29	32	0	12	53	50	0	0	1	1	0	0	5	3	301	39	10	67	2	10	50	35	0	0	0	7	[3D 1C 3C 3A 2D 1B]	6	11
22	123457249	42	18	17	32	0	16	60	59	0	0	1	1	0	0	6	3	338	40	12	76	2	12	50	35	0	0	0	7	[3D 1C 3C 3A 2D 1B 1D]	7	11
23	123457249	42	14	18	55	0	13	52	51	0	0	0	1	0	0	5	4	338	40	12	76	2	12	50	35	0	0	0	7	[1C 3C 3A 2D 1B 1D]	6	10
24	123457249	40	10	20	60	0	10	43	63	0	0	0	1	0	0	4	4	338	40	12	76	2	12	50	35	0	0	0	7	[1C 3C 3A 2D 1B 1D]	6	10
25	123457249	40	10	17	63	0	3	46	67	0	0	0	1	0	0	3	5	338	40	12	76	2	12	50	35	0	0	0	7	[1C 3C 3A 2D 1B 1D]	6	10
26	123457249	40	4	12	56	0	4	46	85	0	0	0	1	0	0	2	5	357	42	13	82	2	13	50	35	0	0	0	7	[1C 3C 3A 2D 1B 1D 2B]	7	9
27	123457249	40	3	13	76	0	3	39	74	0	0	0	1	0	0	2	4	375	42	13	82	2	13	50	35	0	0	0	7	[3C 3A 2D 1B 1D 2B]	6	9
28	123457249	40	2	9	101	0	2	29	66	0	0	0	1	0	0	1	4	375	42	13	82	2	13	50	35	0	0	0	7	[3A 2D 1B 1D 2B]	5	8
29	123457249	40	1	8	123	0	0	22	56	0	0	0	1	0	0	1	3	375	43	13	82	2	13	50	35	0	0	0	7	[2D 1B 1D 2B]	4	7
30	123457249	40	1	8	163	0	0	8	32	0	0	0	0	0	0	1	2	375	46	13	82	2	13	50	35	0	0	0	7	[1D 2B]	2	5
31	123457249	39	2	8	164	0	0	7	32	0	0	0	0	0	0	1	2	375	48	13	82	2	13	50	35	0	0	0	7	[1D 2B]	2	4
32	123457249	33	8	7	187	0	0	3	16	0	0	0	0	0	0	1	0	375	49	13	82	2	13	50	35	0	0	0	7	[2B]	1	3
33	123457249	27	13	6	189	0	0	3	16	0	0	0	0	0	0	1	0	375	49	13	82	2	13	50	35	0	0	0	7	[2B]	1	3
34	123457249	25	1	4	185	2	6	9	21	0	0	0	0	0	0	2	0	394	50	14	89	2	14	50	35	0	0	0	7	[2B 2A]	2	3
35	123457249	25	1	4	185	2	6	8	22	0	0	0	0	0	0	2	0	394	51	14	89	2	14	50	35	0	0	0	7	[2B 2A]	2	3
36	123457249	24	2	4	205	2	5	5	7	0	0	0	0	0	0	1	0	394	52	14	89	2	14	50	35	0	0	0	7	[2A]	1	2
37	123457249	24	2	3	206	2	3	6	8	0	0	0	0	0	0	1	0	394	54	14	89	2	14	50	35	0	0	0	7	[2A]	1	2
38	123457249	24	1	3	207	2	2	7	8	0	0	0	0	0	0	1	0	394	55	14	89	2	14	50	35	0	0	0	7	[2A]	1	2
39	123457249	24	0	3	208	2	0	9	8	0	0	0	0	0	0	1	0	394	55	14	89	2	14	50	35	0	0	0	7	[2A]	1	2
40	123457249	24	0	3	208	2	0	7	10	0	0	0	0	0	0	1	0	394	56	14	89	2	14	50	35	0	0	0	7	[2A]	1	2
41	123457249	24	0	3	208	2	0	7	10	0	0	0	0	0	0	1	0	394	61	14	89	2	14	50	35	0	0	0	7	[2A]	1	2
42	123457249	24	0	3	208	2	0	5	12	0	0	0	0	0	0	1	0	394	61	14	89	2	14	50	35	0	0	0	7	[2A]	1	2
43	123457249	24	0	3	208	2	0	4	13	0	0	0	0	0	0	1	0	394	63	14	89	2	14	50	35	0	0	0	7	[2A]	1	2
44	123457249	26	0	3	226	0	0	0	0	0	0	0	0	0	0	0	0	394	65	14	89	2	14	50	35	0	0	0	7	[]	0	1
45	123457249	26	0	3	226	0	0	0	0	0	0	0	0	0	0	0	0	394	68	14	89	2	14	50	35	0	0	0	7	[]	0	1
46	123457249	26	0	3	226	0	0	0	0	0	0	0	0	0	0	0	0	394	74	14	89	2	14	50	35	0	0	0	7	[]	0	1
47	123457249	26	0	3	226	0	0	0	0	0	0	0	0	0	0	0	0	394	76	14	89	2	14	50	35	0	0	0	7	[]	0	1
48	123457249	26	0	2	227	0	0	0	0	0	0	0	0	0	0	0	0	394	77	14	89	2	14	50	35	0	0	0	7	[]	0	1
49	123457249	26	0	2	227	0	0	0	0	0	0	0	0	0	0	0	0	394	80	14	89	2	14	50	35	0	0	0	7	[]	0	1
50	123457249	26	0	2	227	0	0	0	0	0	0	0	0	0	0	0	0	394	83	14	89	2	14	50	35	0	0	0	7	[]	0	1
51	123457249	25	1	2	227	0	0	0	0	0	0	0	0	0	0	0	0	394	86	14	89	2	14	50	35	0	0	0	7	[]	0	1
52	123457249	19	6	2	228	0	0	0	0	0	0	0	0	0	0	0	0	394	86	14	89	2	14	50	35	0	0	0	7	[]	0	2
53	123457249	10	12	4	229	0	0	0	0	0	0	0	0	0	0	0	0	394	86	14	89	2	14	50	35	0	0	0	7	[]	0	2
54	123457249	6	12	8	229	0	0	0	0	0	0	0	0	0	0	0	0	394	89	14	89	2	14	50	35	0	0	0	7	[]	0	2
55	123457249	6	1	2	226	0	6	9	4	0	0	0	0	0	0	1	0	413	89	15	98	2	15	50	35	0	0	0	7	[1A]	1	2
56	123457249	6	1	2	226	0	3	10	6	0	0	0	0	0	0	1	0	413	89	15	98	2	15	50	35	0	0	0	7	[1A]	1	2
57	123457249	6	1	1	227	0	3	7	9	0	0	0	0	0	0	1	0	413	89	15	98	2	15	50	35	0	0	0	7	[1A]	1	1
58	123457249	5	2	1	227	0	2	6	11	0	0	0	0	0	0	1	0	413	90	15	98	2	15	50	35	0	0	0	7	[1A]	1	1
59	123457249	5	2	1	227	0	1	7	11	0	0	0	0	0	0	1	0	413	94	15	98	2	15	50	35	0	0	0	7	[1A]	1	1
60	123457249	5	1	1	228	0	0	6	13	0	0	0	0	0	0	1	0	413	96	15	98	2	15	50	35	0	0	0	7	[1A]	1	1
