day	seedRun	susceptible	exposed	infected	removed	susceptible-in-quarantine	exposed-in-quarantine	infected-in-quarantine	removed-in-quarantine	susceptible-in-quarantine-external-1	exposed-in-quarantine-external-1	infected-in-quarantine-external-1	removed-in-quarantine-external-1	susceptible-in-quarantine-external-2	exposed-in-quarantine-external-2	infected-in-quarantine-external-2	removed-in-quarantine-external-2	num-of-screened-agents	num-of-screened-agents-external-1	num-of-screened-agents-external-2	num-of-positive-agents	num-of-positive-agents-external-1	num-of-positive-agents-external-2	num-vaccinated	num-immunized	num-immunized-in-quarantine	num-immunized-in-quarantine-external-1	num-immunized-in-quarantine-external-2	num-infected-outside	classroom-in-quarantine	num-of-classroom-in-quarantine	classroom-with-at-least-one-infected
0	123457143	264	0	0	0	0	0	0	0	0	0	0	0	0	0	0	0	0	0	0	0	0	0	50	26	0	0	0	0	[]	0	0
1	123457143	252	12	0	0	0	0	0	0	0	0	0	0	0	0	0	0	0	2	0	0	0	0	50	26	0	0	0	12	[]	0	0
2	123457143	205	55	4	0	0	0	0	0	0	0	0	0	0	0	0	0	0	4	0	0	0	0	50	26	0	0	0	22	[]	0	3
3	123457143	181	65	14	2	0	0	0	0	0	0	0	0	0	0	2	0	0	7	2	0	0	2	50	26	0	0	0	27	[]	0	6
4	123457143	140	89	29	3	0	0	0	0	0	0	0	0	0	0	3	0	0	9	3	0	0	3	50	26	0	0	0	35	[]	0	7
5	123457143	80	120	52	6	0	0	0	0	0	0	1	0	0	0	4	1	0	13	5	0	1	5	50	26	0	0	0	45	[]	0	11
6	123457143	79	81	84	11	0	0	0	0	0	0	2	0	0	0	5	2	0	14	7	0	2	7	50	26	0	0	0	46	[]	0	12
7	123457143	75	62	93	19	0	0	0	0	0	0	2	0	0	0	9	4	0	15	13	0	2	13	50	26	0	0	0	50	[]	0	12
8	123457143	56	57	98	32	0	0	0	0	0	0	2	1	0	0	13	5	0	19	18	0	3	18	50	26	0	0	0	55	[]	0	12
9	123457143	42	57	98	45	0	0	0	0	0	0	2	1	0	0	12	7	0	20	19	0	3	19	50	26	0	0	0	58	[]	0	12
10	123457143	33	52	89	62	0	0	0	0	0	0	1	3	0	0	16	8	0	21	24	0	4	24	50	26	0	0	0	63	[]	0	12
11	123457143	31	39	90	75	0	0	0	0	0	0	1	3	0	0	16	9	0	21	25	0	4	25	50	26	0	0	0	63	[]	0	12
12	123457143	28	32	84	88	0	0	0	0	0	0	1	3	0	0	17	11	0	22	28	0	4	28	50	26	0	0	0	65	[]	0	12
13	123457143	26	25	77	104	0	0	0	0	0	0	2	3	0	0	15	12	0	24	29	0	5	29	50	26	0	0	0	67	[]	0	12
14	123457143	24	24	65	115	0	0	0	0	0	0	3	3	0	0	18	12	0	26	33	0	6	33	50	26	0	0	0	69	[]	0	12
15	123457143	13	27	64	126	0	0	0	0	0	0	4	2	0	0	15	13	0	29	33	0	7	33	50	26	0	0	0	71	[]	0	12
16	123457143	9	19	65	138	0	0	0	0	0	0	4	1	0	0	14	14	0	31	35	0	7	35	50	26	0	0	0	72	[]	0	12
17	123457143	6	20	52	157	0	0	0	0	0	0	5	1	0	0	9	14	0	32	36	0	8	36	50	26	0	0	0	72	[]	0	12
18	123457143	4	17	46	171	0	0	0	0	0	0	5	0	0	0	11	10	0	33	39	0	8	39	50	26	0	0	0	72	[]	0	12
19	123457143	4	13	45	175	0	0	0	0	0	0	4	1	0	0	11	11	0	34	41	0	8	41	50	26	0	0	0	72	[]	0	12
20	123457143	4	9	42	187	0	0	0	0	0	0	3	1	0	0	10	8	0	36	42	0	8	42	50	26	0	0	0	72	[]	0	12
21	123457143	4	5	41	191	0	0	0	0	0	0	4	1	0	0	8	10	0	41	43	0	9	43	50	26	0	0	0	72	[]	0	12
22	123457143	4	2	33	203	0	0	0	0	0	0	1	4	0	0	8	9	0	41	45	0	9	45	50	26	0	0	0	72	[]	0	11
23	123457143	4	2	26	211	0	0	0	0	0	0	1	3	0	0	9	8	0	41	46	0	9	46	50	26	0	0	0	72	[]	0	10
24	123457143	4	2	22	220	0	0	0	0	0	0	0	3	0	0	6	7	0	43	46	0	9	46	50	26	0	0	0	72	[]	0	9
25	123457143	4	2	16	225	0	0	0	0	0	0	0	2	0	0	7	8	0	45	48	0	9	48	50	26	0	0	0	72	[]	0	9
26	123457143	2	3	14	229	0	0	0	0	0	0	0	2	0	0	8	6	0	48	49	0	9	49	50	26	0	0	0	73	[]	0	9
27	123457143	2	3	13	232	0	0	0	0	0	0	0	1	0	0	6	7	0	51	49	0	9	49	50	26	0	0	0	73	[]	0	9
28	123457143	1	3	11	237	0	0	0	0	0	0	0	1	0	0	6	5	0	56	50	0	9	50	50	26	0	0	0	74	[]	0	7
29	123457143	1	2	10	240	0	0	0	0	0	0	0	1	0	0	5	5	0	57	51	0	9	51	50	26	0	0	0	74	[]	0	5
30	123457143	1	1	10	242	0	0	0	0	0	0	0	1	0	0	5	4	0	59	51	0	9	51	50	26	0	0	0	74	[]	0	6
31	123457143	1	0	10	244	0	0	0	0	0	0	0	0	0	0	4	5	0	60	52	0	9	52	50	26	0	0	0	74	[]	0	5
32	123457143	0	1	9	247	0	0	0	0	0	0	0	0	0	0	3	4	0	62	52	0	9	52	50	26	0	0	0	75	[]	0	5
33	123457143	0	1	7	249	0	0	0	0	0	0	0	0	0	0	4	3	0	62	53	0	9	53	50	26	0	0	0	75	[]	0	5
34	123457143	0	1	6	250	0	0	0	0	0	0	0	0	0	0	4	3	0	62	53	0	9	53	50	26	0	0	0	75	[]	0	5
35	123457143	0	1	3	254	0	0	0	0	0	0	0	0	0	0	5	1	0	62	54	0	9	54	50	26	0	0	0	75	[]	0	4
36	123457143	0	0	4	255	0	0	0	0	0	0	0	0	0	0	4	1	0	65	54	0	9	54	50	26	0	0	0	75	[]	0	4
37	123457143	0	0	2	256	0	0	0	0	0	0	0	0	0	0	5	1	0	68	55	0	9	55	50	26	0	0	0	75	[]	0	4
38	123457143	0	0	2	257	0	0	0	0	0	0	0	0	0	0	4	1	0	69	55	0	9	55	50	26	0	0	0	75	[]	0	4
39	123457143	0	0	2	258	0	0	0	0	0	0	0	0	0	0	3	1	0	74	55	0	9	55	50	26	0	0	0	75	[]	0	3
40	123457143	0	0	2	258	0	0	0	0	0	0	0	0	0	0	3	1	0	78	55	0	9	55	50	26	0	0	0	75	[]	0	3
41	123457143	0	0	2	259	0	0	0	0	0	0	0	0	0	0	3	0	0	78	55	0	9	55	50	26	0	0	0	75	[]	0	3
42	123457143	0	0	1	260	0	0	0	0	0	0	0	0	0	0	2	1	0	80	55	0	9	55	50	26	0	0	0	75	[]	0	2
43	123457143	0	0	1	261	0	0	0	0	0	0	0	0	0	0	2	0	0	84	55	0	9	55	50	26	0	0	0	75	[]	0	2
44	123457143	0	0	0	262	0	0	0	0	0	0	0	0	0	0	1	1	0	86	55	0	9	55	50	26	0	0	0	75	[]	0	1
45	123457143	0	0	0	263	0	0	0	0	0	0	0	0	0	0	0	1	0	86	55	0	9	55	50	26	0	0	0	75	[]	0	0
46	123457143	0	0	0	263	0	0	0	0	0	0	0	0	0	0	0	1	0	87	55	0	9	55	50	26	0	0	0	75	[]	0	0
47	123457143	0	0	0	264	0	0	0	0	0	0	0	0	0	0	0	0	0	89	55	0	9	55	50	26	0	0	0	75	[]	0	0
48	123457143	0	0	0	264	0	0	0	0	0	0	0	0	0	0	0	0	0	90	55	0	9	55	50	26	0	0	0	75	[]	0	0
49	123457143	0	0	0	264	0	0	0	0	0	0	0	0	0	0	0	0	0	93	55	0	9	55	50	26	0	0	0	75	[]	0	0
50	123457143	0	0	0	264	0	0	0	0	0	0	0	0	0	0	0	0	0	95	55	0	9	55	50	26	0	0	0	75	[]	0	0
51	123457143	0	0	0	264	0	0	0	0	0	0	0	0	0	0	0	0	0	95	55	0	9	55	50	26	0	0	0	75	[]	0	0
52	123457143	0	0	0	264	0	0	0	0	0	0	0	0	0	0	0	0	0	98	55	0	9	55	50	26	0	0	0	75	[]	0	0
53	123457143	0	0	0	264	0	0	0	0	0	0	0	0	0	0	0	0	0	101	55	0	9	55	50	26	0	0	0	75	[]	0	0
54	123457143	0	0	0	264	0	0	0	0	0	0	0	0	0	0	0	0	0	104	55	0	9	55	50	26	0	0	0	75	[]	0	0
55	123457143	0	0	0	264	0	0	0	0	0	0	0	0	0	0	0	0	0	106	55	0	9	55	50	26	0	0	0	75	[]	0	0
56	123457143	0	0	0	264	0	0	0	0	0	0	0	0	0	0	0	0	0	109	55	0	9	55	50	26	0	0	0	75	[]	0	0
57	123457143	0	0	0	264	0	0	0	0	0	0	0	0	0	0	0	0	0	111	55	0	9	55	50	26	0	0	0	75	[]	0	0
58	123457143	0	0	0	264	0	0	0	0	0	0	0	0	0	0	0	0	0	113	55	0	9	55	50	26	0	0	0	75	[]	0	0
59	123457143	0	0	0	264	0	0	0	0	0	0	0	0	0	0	0	0	0	115	55	0	9	55	50	26	0	0	0	75	[]	0	0
60	123457143	0	0	0	264	0	0	0	0	0	0	0	0	0	0	0	0	0	119	55	0	9	55	50	26	0	0	0	75	[]	0	0
