day	seedRun	susceptible	exposed	infected	removed	susceptible-in-quarantine	exposed-in-quarantine	infected-in-quarantine	removed-in-quarantine	susceptible-in-quarantine-external-1	exposed-in-quarantine-external-1	infected-in-quarantine-external-1	removed-in-quarantine-external-1	susceptible-in-quarantine-external-2	exposed-in-quarantine-external-2	infected-in-quarantine-external-2	removed-in-quarantine-external-2	num-of-screened-agents	num-of-screened-agents-external-1	num-of-screened-agents-external-2	num-of-positive-agents	num-of-positive-agents-external-1	num-of-positive-agents-external-2	num-vaccinated	num-immunized	num-immunized-in-quarantine	num-immunized-in-quarantine-external-1	num-immunized-in-quarantine-external-2	num-infected-outside	classroom-in-quarantine	num-of-classroom-in-quarantine	classroom-with-at-least-one-infected
0	123456998	223	0	0	0	0	0	0	0	0	0	0	0	0	0	0	0	0	0	0	0	0	0	146	67	0	0	0	0	[]	0	0
1	123456998	215	8	0	0	0	0	0	0	0	0	0	0	0	0	0	0	0	1	0	0	0	0	146	67	0	0	0	8	[]	0	0
2	123456998	202	19	2	0	0	0	0	0	0	0	0	0	0	0	0	0	0	3	0	0	0	0	146	67	0	0	0	17	[]	0	1
3	123456998	181	34	8	0	0	0	0	0	0	0	0	0	0	0	0	0	0	4	0	0	0	0	146	67	0	0	0	26	[]	0	5
4	123456998	153	53	16	1	0	0	0	0	0	0	0	0	0	0	0	0	0	5	0	0	0	0	146	67	0	0	0	32	[]	0	10
5	123456998	121	61	23	2	9	2	4	0	0	0	0	0	0	0	1	0	19	6	1	4	0	1	146	63	4	0	0	35	[3B]	1	11
6	123456998	115	54	34	4	9	1	5	0	0	0	0	0	0	0	1	0	19	8	1	4	0	1	146	63	4	0	0	41	[3B]	1	11
7	123456998	111	45	42	6	9	1	7	0	0	0	0	0	0	0	2	0	38	8	2	6	0	2	146	63	4	0	0	45	[3B]	1	11
8	123456998	81	60	37	11	11	5	15	0	0	0	0	0	0	0	3	0	57	10	3	14	0	3	146	58	9	0	0	55	[3B 3D]	2	12
9	123456998	61	66	43	19	11	3	16	1	0	0	0	0	0	0	3	0	57	13	3	14	0	3	146	58	9	0	0	57	[3B 3D]	2	12
10	123456998	40	61	47	22	12	6	25	5	0	0	0	0	0	0	5	0	95	13	5	24	0	5	146	53	14	0	0	61	[3B 3D 3C]	3	12
11	123456998	33	47	46	27	12	9	34	9	0	0	1	0	0	0	4	1	114	14	5	32	1	5	146	50	17	0	0	61	[3B 3D 3C 1B]	4	12
12	123456998	29	32	45	28	12	10	43	17	0	0	1	0	0	0	4	2	150	14	6	40	1	6	146	48	19	0	0	63	[3B 3D 3C 1B 2A]	5	12
13	123456998	29	24	50	31	12	7	43	20	0	0	1	0	0	0	4	2	150	14	6	40	1	6	146	48	19	0	0	63	[3B 3D 3C 1B 2A]	5	12
14	123456998	27	19	48	40	12	2	37	31	0	0	1	0	0	0	3	3	150	15	6	40	1	6	146	48	19	0	0	65	[3B 3D 3C 1B 2A]	5	12
15	123456998	29	12	37	44	7	4	43	40	0	0	1	0	0	0	3	3	185	15	7	52	1	7	146	44	23	0	0	66	[3D 3C 1B 2A 3A 2D]	6	11
16	123456998	27	8	22	33	8	5	50	61	0	0	1	0	0	0	3	5	223	15	9	64	1	9	146	36	31	0	0	67	[3D 3C 1B 2A 3A 2D 2C 1A]	8	11
17	123456998	24	7	24	38	8	5	44	65	0	0	1	0	0	0	3	4	223	15	9	64	1	9	146	36	31	0	0	68	[3D 3C 1B 2A 3A 2D 2C 1A]	8	12
18	123456998	21	9	21	53	6	5	36	64	0	0	1	0	0	0	4	3	242	15	10	67	1	10	146	41	26	0	0	69	[3C 1B 2A 3A 2D 2C 1A]	7	11
19	123456998	16	14	19	55	6	3	32	70	0	0	0	1	0	0	3	4	242	16	10	67	1	10	146	41	26	0	0	71	[3C 1B 2A 3A 2D 2C 1A]	7	10
20	123456998	17	9	16	73	5	3	29	63	0	0	1	1	0	0	2	4	261	18	10	70	2	10	146	46	21	0	0	71	[1B 2A 3A 2D 2C 1A]	6	9
21	123456998	17	6	17	92	5	0	22	57	0	0	1	0	0	0	1	5	261	20	10	70	2	10	146	49	18	0	0	71	[2A 3A 2D 2C 1A]	5	9
22	123456998	16	6	15	114	5	0	14	47	0	0	1	0	0	0	1	4	261	22	10	70	2	10	146	51	16	0	0	72	[3A 2D 2C 1A]	4	7
23	123456998	12	8	14	106	5	0	13	59	0	0	1	0	0	0	1	4	277	22	10	71	2	10	146	46	21	0	0	74	[3A 2D 2C 1A 1D]	5	7
24	123456998	10	9	11	108	5	0	13	60	0	0	2	0	0	0	1	4	296	23	10	72	3	10	146	46	21	0	0	75	[3A 2D 2C 1A 1D]	5	8
25	123456998	13	8	11	138	1	0	10	37	0	0	2	0	0	0	1	2	312	25	10	72	3	10	146	54	13	0	0	75	[2C 1A 1D]	3	7
26	123456998	14	7	8	169	0	0	7	14	0	0	2	0	0	0	1	1	331	28	11	75	3	11	146	62	5	0	0	75	[1D]	1	5
27	123456998	13	5	10	170	0	0	7	14	0	0	2	0	0	0	1	1	331	29	11	75	3	11	146	62	5	0	0	76	[1D]	1	5
28	123456998	11	5	11	171	0	0	6	15	0	0	2	0	0	0	1	1	331	30	11	75	3	11	146	62	5	0	0	78	[1D]	1	5
29	123456998	10	4	9	173	0	0	6	17	0	0	2	0	0	0	1	1	349	32	11	77	3	11	146	62	5	0	0	79	[1D]	1	5
30	123456998	9	5	9	177	0	0	4	16	0	0	1	0	0	0	1	1	349	32	11	77	3	11	146	62	5	0	0	79	[1D]	1	4
31	123456998	9	2	8	169	0	0	6	26	0	0	1	0	0	0	1	1	365	34	11	79	3	11	146	58	9	0	0	79	[1D 3B]	2	4
32	123456998	8	2	7	170	0	0	5	27	0	0	0	1	0	0	2	1	384	35	12	79	3	12	146	58	9	0	0	80	[1D 3B]	2	5
33	123456998	8	1	8	185	0	0	3	15	0	0	0	1	0	0	2	0	384	36	12	79	3	12	146	63	4	0	0	80	[3B]	1	4
34	123456998	8	1	7	187	0	0	3	14	0	0	1	0	0	0	1	1	401	39	12	79	4	12	146	63	4	0	0	80	[3B]	1	4
35	123456998	7	1	7	188	0	0	3	14	0	0	1	0	0	0	1	1	401	39	12	79	4	12	146	63	4	0	0	81	[3B]	1	4
36	123456998	7	1	6	189	0	0	3	14	0	0	1	0	0	0	1	1	401	42	12	79	4	12	146	63	4	0	0	81	[3B]	1	4
37	123456998	6	2	5	190	0	0	1	16	0	0	1	0	0	0	1	1	420	43	12	79	4	12	146	63	4	0	0	82	[3B]	1	3
38	123456998	6	2	4	191	0	0	1	16	0	0	1	0	0	0	1	1	420	43	12	79	4	12	146	63	4	0	0	82	[3B]	1	3
39	123456998	5	3	4	193	0	0	0	15	0	0	0	1	0	0	1	1	420	47	12	79	4	12	146	63	4	0	0	82	[3B]	1	2
40	123456998	5	3	4	193	0	0	0	15	0	0	0	1	0	0	1	1	420	52	12	79	4	12	146	63	4	0	0	82	[3B]	1	2
41	123456998	5	3	3	210	0	0	0	0	0	0	0	1	0	0	1	0	420	56	12	79	4	12	146	67	0	0	0	82	[]	0	2
42	123456998	5	2	3	212	0	0	0	0	0	0	0	1	0	0	0	0	420	56	12	79	4	12	146	67	0	0	0	82	[]	0	1
43	123456998	5	0	5	212	0	0	0	0	0	0	0	1	0	0	0	0	420	61	12	79	4	12	146	67	0	0	0	82	[]	0	2
44	123456998	5	0	3	213	0	0	1	0	0	0	0	0	0	0	1	0	439	64	13	80	4	13	146	67	0	0	0	82	[]	0	2
45	123456998	5	0	3	213	0	0	0	1	0	0	0	0	0	0	1	0	439	66	13	80	4	13	146	67	0	0	0	82	[]	0	2
46	123456998	5	0	3	213	0	0	0	1	0	0	0	0	0	0	1	0	439	68	13	80	4	13	146	67	0	0	0	82	[]	0	2
47	123456998	5	0	3	213	0	0	0	1	0	0	0	0	0	0	1	0	439	71	13	80	4	13	146	67	0	0	0	82	[]	0	2
48	123456998	5	0	3	213	0	0	0	1	0	0	0	0	0	0	1	0	439	74	13	80	4	13	146	67	0	0	0	82	[]	0	2
49	123456998	5	0	2	214	0	0	0	1	0	0	0	0	0	0	1	0	439	76	13	80	4	13	146	67	0	0	0	82	[]	0	2
50	123456998	5	0	2	214	0	0	0	1	0	0	0	0	0	0	1	0	439	78	13	80	4	13	146	67	0	0	0	82	[]	0	2
51	123456998	5	0	2	214	0	0	0	1	0	0	0	0	0	0	1	0	439	80	13	80	4	13	146	67	0	0	0	82	[]	0	2
52	123456998	5	0	2	214	0	0	0	1	0	0	0	0	0	0	1	0	439	81	13	80	4	13	146	67	0	0	0	82	[]	0	2
53	123456998	4	1	1	214	0	0	0	1	0	0	1	0	0	0	0	1	458	84	13	80	5	13	146	67	0	0	0	83	[]	0	1
54	123456998	4	1	1	216	0	0	0	0	0	0	1	0	0	0	0	0	458	85	13	80	5	13	146	67	0	0	0	83	[]	0	1
55	123456998	4	1	1	216	0	0	0	0	0	0	1	0	0	0	0	0	458	88	13	80	5	13	146	67	0	0	0	83	[]	0	1
56	123456998	4	1	1	216	0	0	0	0	0	0	1	0	0	0	0	0	458	90	13	80	5	13	146	67	0	0	0	83	[]	0	1
57	123456998	4	1	1	216	0	0	0	0	0	0	1	0	0	0	0	0	458	92	13	80	5	13	146	67	0	0	0	83	[]	0	1
58	123456998	4	1	1	216	0	0	0	0	0	0	0	1	0	0	0	0	477	95	13	80	5	13	146	67	0	0	0	83	[]	0	0
59	123456998	4	1	1	216	0	0	0	0	0	0	0	1	0	0	0	0	477	96	13	80	5	13	146	67	0	0	0	83	[]	0	0
60	123456998	3	2	1	216	0	0	0	0	0	0	0	1	0	0	0	0	477	99	13	80	5	13	146	67	0	0	0	84	[]	0	0
