day	seedRun	susceptible	exposed	infected	removed	susceptible-in-quarantine	exposed-in-quarantine	infected-in-quarantine	removed-in-quarantine	susceptible-in-quarantine-external-1	exposed-in-quarantine-external-1	infected-in-quarantine-external-1	removed-in-quarantine-external-1	susceptible-in-quarantine-external-2	exposed-in-quarantine-external-2	infected-in-quarantine-external-2	removed-in-quarantine-external-2	num-of-screened-agents	num-of-screened-agents-external-1	num-of-screened-agents-external-2	num-of-positive-agents	num-of-positive-agents-external-1	num-of-positive-agents-external-2	num-vaccinated-susceptible	num-vaccinated-exposed	num-vaccinated-infected	num-vaccinated-removed	num-vaccinated-susceptible-in-quarantine	num-vaccinated-exposed-in-quarantine	num-vaccinated-infected-in-quarantine	num-vaccinated-removed-in-quarantine	num-vaccinated-susceptible-in-quarantine-external-1	num-vaccinated-exposed-in-quarantine-external-1	num-vaccinated-infected-in-quarantine-external-1	num-vaccinated-removed-in-quarantine-external-1	num-vaccinated-susceptible-in-quarantine-external-2	num-vaccinated-exposed-in-quarantine-external-2	num-vaccinated-infected-in-quarantine-external-2	num-vaccinated-removed-in-quarantine-external-2	num-infected-outside	classroom-in-quarantine	num-of-classroom-in-quarantine	classroom-with-at-least-one-infected
0	123457268	72	0	0	0	0	0	0	0	0	0	0	0	0	0	0	0	0	0	0	0	0	0	218	0	0	0	0	0	0	0	0	0	0	0	0	0	0	0	0	[]	0	0
1	123457268	72	0	0	0	0	0	0	0	0	0	0	0	0	0	0	0	0	1	0	0	0	0	218	0	0	0	0	0	0	0	0	0	0	0	0	0	0	0	0	[]	0	0
2	123457268	72	0	0	0	0	0	0	0	0	0	0	0	0	0	0	0	0	2	0	0	0	0	218	0	0	0	0	0	0	0	0	0	0	0	0	0	0	0	0	[]	0	0
3	123457268	72	0	0	0	0	0	0	0	0	0	0	0	0	0	0	0	0	3	0	0	0	0	218	0	0	0	0	0	0	0	0	0	0	0	0	0	0	0	0	[]	0	0
4	123457268	71	1	0	0	0	0	0	0	0	0	0	0	0	0	0	0	0	3	0	0	0	0	218	0	0	0	0	0	0	0	0	0	0	0	0	0	0	0	1	[]	0	0
5	123457268	71	1	0	0	0	0	0	0	0	0	0	0	0	0	0	0	0	3	0	0	0	0	218	0	0	0	0	0	0	0	0	0	0	0	0	0	0	0	1	[]	0	0
6	123457268	71	1	0	0	0	0	0	0	0	0	0	0	0	0	0	0	0	6	0	0	0	0	218	0	0	0	0	0	0	0	0	0	0	0	0	0	0	0	1	[]	0	0
7	123457268	71	1	0	0	0	0	0	0	0	0	0	0	0	0	0	0	0	7	0	0	0	0	218	0	0	0	0	0	0	0	0	0	0	0	0	0	0	0	1	[]	0	0
8	123457268	71	1	0	0	0	0	0	0	0	0	0	0	0	0	0	0	0	8	0	0	0	0	218	0	0	0	0	0	0	0	0	0	0	0	0	0	0	0	1	[]	0	0
9	123457268	71	1	0	0	0	0	0	0	0	0	0	0	0	0	0	0	0	9	0	0	0	0	218	0	0	0	0	0	0	0	0	0	0	0	0	0	0	0	1	[]	0	0
10	123457268	70	1	1	0	0	0	0	0	0	0	0	0	0	0	0	0	0	10	0	0	0	0	218	0	0	0	0	0	0	0	0	0	0	0	0	0	0	0	2	[]	0	1
11	123457268	69	2	1	0	0	0	0	0	0	0	0	0	0	0	0	0	0	11	0	0	0	0	218	0	0	0	0	0	0	0	0	0	0	0	0	0	0	0	2	[]	0	1
12	123457268	68	2	2	0	0	0	0	0	0	0	0	0	0	0	0	0	0	11	0	0	0	0	217	1	0	0	0	0	0	0	0	0	0	0	0	0	0	0	2	[]	0	1
13	123457268	68	2	2	0	0	0	0	0	0	0	0	0	0	0	0	0	0	11	0	0	0	0	217	1	0	0	0	0	0	0	0	0	0	0	0	0	0	0	2	[]	0	1
14	123457268	68	0	4	0	0	0	0	0	0	0	0	0	0	0	0	0	0	11	0	0	0	0	217	1	0	0	0	0	0	0	0	0	0	0	0	0	0	0	2	[]	0	2
15	123457268	65	3	4	0	0	0	0	0	0	0	0	0	0	0	0	0	0	12	0	0	0	0	216	2	0	0	0	0	0	0	0	0	0	0	0	0	0	0	2	[]	0	2
16	123457268	60	6	6	0	0	0	0	0	0	0	0	0	0	0	0	0	0	12	0	0	0	0	212	5	1	0	0	0	0	0	0	0	0	0	0	0	0	0	2	[]	0	2
17	123457268	57	7	7	1	0	0	0	0	0	0	0	0	0	0	0	0	0	13	0	0	0	0	210	4	4	0	0	0	0	0	0	0	0	0	0	0	0	0	3	[]	0	3
18	123457268	53	8	9	2	0	0	0	0	0	0	0	0	0	0	0	0	0	13	0	0	0	0	209	3	5	1	0	0	0	0	0	0	0	0	0	0	0	0	4	[]	0	3
19	123457268	52	6	12	2	0	0	0	0	0	0	0	0	0	0	0	0	0	13	0	0	0	0	207	4	6	1	0	0	0	0	0	0	0	0	0	0	0	0	4	[]	0	4
20	123457268	52	4	13	3	0	0	0	0	0	0	0	0	0	0	0	0	0	14	0	0	0	0	207	3	6	2	0	0	0	0	0	0	0	0	0	0	0	0	4	[]	0	4
21	123457268	52	3	12	5	0	0	0	0	0	0	0	0	0	0	0	0	0	15	0	0	0	0	207	1	8	2	0	0	0	0	0	0	0	0	0	0	0	0	4	[]	0	4
22	123457268	52	3	12	5	0	0	0	0	0	0	0	0	0	0	0	0	0	17	0	0	0	0	204	4	7	3	0	0	0	0	0	0	0	0	0	0	0	0	4	[]	0	4
23	123457268	52	2	13	5	0	0	0	0	0	0	0	0	0	0	0	0	0	18	0	0	0	0	204	3	8	3	0	0	0	0	0	0	0	0	0	0	0	0	4	[]	0	4
24	123457268	50	3	12	7	0	0	0	0	0	0	0	0	0	0	0	0	0	18	0	0	0	0	202	3	10	3	0	0	0	0	0	0	0	0	0	0	0	0	4	[]	0	5
25	123457268	50	2	11	9	0	0	0	0	0	0	0	0	0	0	0	0	0	18	0	0	0	0	201	4	7	6	0	0	0	0	0	0	0	0	0	0	0	0	4	[]	0	4
26	123457268	49	2	11	10	0	0	0	0	0	0	0	0	0	0	0	0	0	18	0	0	0	0	201	2	8	7	0	0	0	0	0	0	0	0	0	0	0	0	4	[]	0	5
27	123457268	49	2	11	10	0	0	0	0	0	0	0	0	0	0	0	0	0	20	0	0	0	0	201	1	9	7	0	0	0	0	0	0	0	0	0	0	0	0	4	[]	0	6
28	123457268	49	2	9	12	0	0	0	0	0	0	0	0	0	0	0	0	0	20	0	0	0	0	201	0	9	8	0	0	0	0	0	0	0	0	0	0	0	0	4	[]	0	7
29	123457268	47	4	9	12	0	0	0	0	0	0	0	0	0	0	0	0	0	22	0	0	0	0	200	1	7	10	0	0	0	0	0	0	0	0	0	0	0	0	4	[]	0	6
30	123457268	46	4	8	14	0	0	0	0	0	0	0	0	0	0	0	0	0	23	0	0	0	0	199	2	5	12	0	0	0	0	0	0	0	0	0	0	0	0	4	[]	0	5
31	123457268	44	5	5	18	0	0	0	0	0	0	0	0	0	0	0	0	0	23	0	0	0	0	199	1	6	12	0	0	0	0	0	0	0	0	0	0	0	0	4	[]	0	5
32	123457268	43	5	5	19	0	0	0	0	0	0	0	0	0	0	0	0	0	24	0	0	0	0	199	1	4	14	0	0	0	0	0	0	0	0	0	0	0	0	4	[]	0	4
33	123457268	42	5	4	21	0	0	0	0	0	0	0	0	0	0	0	0	0	24	0	0	0	0	198	2	4	14	0	0	0	0	0	0	0	0	0	0	0	0	4	[]	0	5
34	123457268	42	4	5	21	0	0	0	0	0	0	0	0	0	0	0	0	0	25	0	0	0	0	198	2	3	15	0	0	0	0	0	0	0	0	0	0	0	0	4	[]	0	5
35	123457268	42	2	6	22	0	0	0	0	0	0	0	0	0	0	0	0	0	26	0	0	0	0	198	2	2	16	0	0	0	0	0	0	0	0	0	0	0	0	4	[]	0	5
36	123457268	41	2	7	22	0	0	0	0	0	0	0	0	0	0	0	0	0	26	0	0	0	0	198	0	4	16	0	0	0	0	0	0	0	0	0	0	0	0	4	[]	0	6
37	123457268	38	4	8	22	0	0	0	0	0	0	0	0	0	0	0	0	0	28	0	0	0	0	197	1	4	16	0	0	0	0	0	0	0	0	0	0	0	0	4	[]	0	6
38	123457268	36	5	9	22	0	0	0	0	0	0	0	0	0	0	0	0	0	29	0	0	0	0	197	0	2	19	0	0	0	0	0	0	0	0	0	0	0	0	4	[]	0	6
39	123457268	32	7	10	23	0	0	0	0	0	0	0	0	0	0	0	0	0	31	0	0	0	0	193	4	2	19	0	0	0	0	0	0	0	0	0	0	0	0	5	[]	0	5
40	123457268	31	4	12	25	0	0	0	0	0	0	0	0	0	0	0	0	0	33	0	0	0	0	193	3	3	19	0	0	0	0	0	0	0	0	0	0	0	0	5	[]	0	6
41	123457268	31	4	11	26	0	0	0	0	0	0	0	0	0	0	0	0	0	34	0	0	0	0	193	2	4	19	0	0	0	0	0	0	0	0	0	0	0	0	5	[]	0	6
42	123457268	31	3	10	28	0	0	0	0	0	0	0	0	0	0	0	0	0	34	0	0	0	0	193	2	3	20	0	0	0	0	0	0	0	0	0	0	0	0	5	[]	0	6
43	123457268	30	2	9	31	0	0	0	0	0	0	0	0	0	0	0	0	0	36	0	0	0	0	193	2	2	21	0	0	0	0	0	0	0	0	0	0	0	0	5	[]	0	5
44	123457268	30	1	7	34	0	0	0	0	0	0	0	0	0	0	0	0	0	36	0	0	0	0	192	3	1	22	0	0	0	0	0	0	0	0	0	0	0	0	5	[]	0	4
45	123457268	30	0	8	34	0	0	0	0	0	0	0	0	0	0	0	0	0	36	0	0	0	0	189	6	0	23	0	0	0	0	0	0	0	0	0	0	0	0	5	[]	0	4
46	123457268	28	2	7	35	0	0	0	0	0	0	0	0	0	0	0	0	0	38	0	0	0	0	187	7	1	23	0	0	0	0	0	0	0	0	0	0	0	0	5	[]	0	4
47	123457268	26	3	4	33	0	0	2	3	0	0	0	0	0	0	1	0	19	38	1	6	0	1	174	6	1	23	9	1	4	0	0	0	0	0	0	0	0	0	5	[1C]	1	4
48	123457268	26	1	6	33	0	0	2	3	0	0	0	0	0	0	1	0	19	39	1	6	0	1	174	5	2	23	9	0	4	1	0	0	0	0	0	0	0	0	5	[1C]	1	4
49	123457268	26	1	4	35	0	0	2	3	0	0	0	0	0	0	1	0	19	41	1	6	0	1	174	4	3	23	9	0	2	3	0	0	0	0	0	0	0	0	5	[1C]	1	4
50	123457268	26	1	3	36	0	0	2	3	0	0	0	0	0	0	1	0	19	43	1	6	0	1	174	3	4	23	9	0	2	3	0	0	0	0	0	0	0	0	5	[1C]	1	4
51	123457268	25	2	3	36	0	0	2	3	0	0	0	0	0	0	1	0	19	43	1	6	0	1	172	5	4	23	9	0	0	5	0	0	0	0	0	0	0	0	5	[1C]	1	4
52	123457268	25	1	4	36	0	0	2	3	0	0	0	0	0	0	1	0	19	44	1	6	0	1	172	5	4	23	9	0	0	5	0	0	0	0	0	0	0	0	5	[1C]	1	4
53	123457268	25	1	4	36	0	0	2	3	0	0	0	0	0	0	0	1	19	44	1	6	0	1	171	6	3	24	9	0	0	5	0	0	0	0	0	0	0	0	5	[1C]	1	3
54	123457268	25	1	3	37	0	0	2	3	0	0	0	0	0	0	0	1	19	45	1	6	0	1	171	5	4	24	9	0	0	5	0	0	0	0	0	0	0	0	5	[1C]	1	3
55	123457268	25	1	3	37	0	0	2	3	0	0	0	0	0	0	0	1	19	45	1	6	0	1	171	4	4	25	9	0	0	5	0	0	0	0	0	0	0	0	5	[1C]	1	3
56	123457268	25	1	3	37	0	0	2	3	0	0	0	0	0	0	0	1	19	46	1	6	0	1	171	3	5	25	9	0	0	5	0	0	0	0	0	0	0	0	5	[1C]	1	3
57	123457268	24	1	3	38	0	0	1	4	0	0	0	0	0	0	0	1	19	46	1	6	0	1	169	5	5	25	9	0	0	5	0	0	0	0	0	0	0	0	6	[1C]	1	3
58	123457268	24	1	3	38	0	0	1	4	0	0	0	0	0	0	0	1	19	46	1	6	0	1	169	3	5	27	9	0	0	5	0	0	0	0	0	0	0	0	6	[1C]	1	3
59	123457268	24	0	3	39	0	0	0	5	0	0	0	0	0	0	0	1	19	46	1	6	0	1	169	3	5	27	9	0	0	5	0	0	0	0	0	0	0	0	6	[1C]	1	2
60	123457268	24	0	3	39	0	0	0	5	0	0	0	0	0	0	0	1	19	46	1	6	0	1	168	3	5	28	9	0	0	5	0	0	0	0	0	0	0	0	6	[1C]	1	2
