day	seedRun	susceptible	exposed	infected	removed	susceptible-in-quarantine	exposed-in-quarantine	infected-in-quarantine	removed-in-quarantine	susceptible-in-quarantine-external-1	exposed-in-quarantine-external-1	infected-in-quarantine-external-1	removed-in-quarantine-external-1	susceptible-in-quarantine-external-2	exposed-in-quarantine-external-2	infected-in-quarantine-external-2	removed-in-quarantine-external-2	num-of-screened-agents	num-of-screened-agents-external-1	num-of-screened-agents-external-2	num-of-positive-agents	num-of-positive-agents-external-1	num-of-positive-agents-external-2	num-vaccinated	num-immunized	num-immunized-in-quarantine	num-immunized-in-quarantine-external-1	num-immunized-in-quarantine-external-2	num-infected-outside	classroom-in-quarantine	num-of-classroom-in-quarantine	classroom-with-at-least-one-infected
0	123457148	253	0	0	0	0	0	0	0	0	0	0	0	0	0	0	0	0	0	0	0	0	0	50	37	0	0	0	0	[]	0	0
1	123457148	251	2	0	0	0	0	0	0	0	0	0	0	0	0	0	0	0	4	0	0	0	0	50	37	0	0	0	2	[]	0	0
2	123457148	242	11	0	0	0	0	0	0	0	0	0	0	0	0	0	0	0	6	0	0	0	0	50	37	0	0	0	11	[]	0	0
3	123457148	227	25	1	0	0	0	0	0	0	0	0	0	0	0	0	0	0	9	0	0	0	0	50	37	0	0	0	18	[]	0	1
4	123457148	151	90	12	0	0	0	0	0	0	0	0	0	0	0	0	0	0	10	0	0	0	0	50	37	0	0	0	22	[]	0	6
5	123457148	95	122	32	2	0	0	0	0	0	0	1	0	0	0	1	0	0	14	1	0	1	1	50	37	0	0	0	24	[]	0	9
6	123457148	95	86	63	5	0	0	0	0	0	0	0	1	0	0	3	0	0	14	3	0	1	3	50	37	0	0	0	24	[]	0	10
7	123457148	92	67	71	10	0	0	0	0	0	0	2	1	0	0	10	0	0	17	10	0	3	10	50	37	0	0	0	27	[]	0	11
8	123457148	43	100	78	18	0	0	0	0	0	0	3	1	0	0	8	2	0	18	10	0	4	10	50	37	0	0	0	28	[]	0	12
9	123457148	28	82	96	29	0	0	0	0	0	0	4	1	0	0	10	3	0	20	13	0	5	13	50	37	0	0	0	29	[]	0	12
10	123457148	23	62	110	39	0	0	0	0	0	0	3	2	0	0	10	4	0	21	14	0	5	14	50	37	0	0	0	31	[]	0	12
11	123457148	22	50	104	55	0	0	0	0	0	0	4	2	0	0	12	4	0	23	16	0	6	16	50	37	0	0	0	31	[]	0	12
12	123457148	20	36	96	76	0	0	0	0	0	0	4	2	0	0	14	5	0	23	19	0	6	19	50	37	0	0	0	32	[]	0	12
13	123457148	20	29	87	91	0	0	0	0	0	0	4	2	0	0	15	5	0	23	20	0	6	20	50	37	0	0	0	32	[]	0	12
14	123457148	20	24	82	99	0	0	0	0	0	0	4	2	0	0	14	8	0	23	22	0	6	22	50	37	0	0	0	32	[]	0	12
15	123457148	19	18	77	111	0	0	0	0	0	0	4	1	0	0	13	10	0	24	24	0	6	24	50	37	0	0	0	32	[]	0	12
16	123457148	13	16	71	125	0	0	0	0	0	0	4	2	0	0	12	10	0	26	25	0	7	25	50	37	0	0	0	33	[]	0	12
17	123457148	9	15	68	142	0	0	0	0	0	0	2	2	0	0	10	5	0	27	25	0	7	25	50	37	0	0	0	33	[]	0	12
18	123457148	8	13	62	149	0	0	0	0	0	0	0	3	0	0	12	6	0	29	28	0	7	28	50	37	0	0	0	33	[]	0	12
19	123457148	5	10	61	159	0	0	0	0	0	0	0	2	0	0	10	6	0	32	29	0	7	29	50	37	0	0	0	33	[]	0	12
20	123457148	3	10	55	168	0	0	0	0	0	0	0	2	0	0	10	5	0	32	29	0	7	29	50	37	0	0	0	35	[]	0	12
21	123457148	3	8	43	183	0	0	0	0	0	0	1	1	0	0	9	5	0	38	30	0	8	30	50	37	0	0	0	35	[]	0	12
22	123457148	3	6	37	193	0	0	0	0	0	0	1	1	0	0	5	7	0	38	31	0	8	31	50	37	0	0	0	35	[]	0	11
23	123457148	3	5	32	200	0	0	0	0	0	0	1	1	0	0	4	7	0	39	31	0	8	31	50	37	0	0	0	35	[]	0	11
24	123457148	3	2	33	204	0	0	0	0	0	0	0	2	0	0	4	5	0	39	31	0	8	31	50	37	0	0	0	35	[]	0	11
25	123457148	3	2	26	211	0	0	0	0	0	0	0	2	0	0	5	4	0	41	33	0	8	33	50	37	0	0	0	35	[]	0	11
26	123457148	3	1	20	220	0	0	0	0	0	0	0	1	0	0	4	4	0	41	33	0	8	33	50	37	0	0	0	35	[]	0	10
27	123457148	3	1	15	225	0	0	0	0	0	0	0	1	0	0	4	4	0	42	33	0	8	33	50	37	0	0	0	35	[]	0	9
28	123457148	3	1	11	232	0	0	0	0	0	0	0	1	0	0	3	2	0	47	33	0	8	33	50	37	0	0	0	35	[]	0	9
29	123457148	3	1	8	235	0	0	0	0	0	0	0	1	0	0	3	2	0	49	34	0	8	34	50	37	0	0	0	35	[]	0	8
30	123457148	3	1	5	237	0	0	0	0	0	0	0	1	0	0	3	3	0	52	35	0	8	35	50	37	0	0	0	35	[]	0	6
31	123457148	3	0	4	241	0	0	0	0	0	0	0	0	0	0	2	3	0	56	35	0	8	35	50	37	0	0	0	35	[]	0	4
32	123457148	3	0	4	242	0	0	0	0	0	0	0	0	0	0	1	3	0	60	35	0	8	35	50	37	0	0	0	35	[]	0	4
33	123457148	3	0	2	244	0	0	0	0	0	0	0	0	0	0	0	4	0	63	35	0	8	35	50	37	0	0	0	35	[]	0	1
34	123457148	3	0	1	245	0	0	0	0	0	0	0	0	0	0	0	4	0	64	35	0	8	35	50	37	0	0	0	35	[]	0	1
35	123457148	3	0	1	247	0	0	0	0	0	0	0	0	0	0	0	2	0	65	35	0	8	35	50	37	0	0	0	35	[]	0	1
36	123457148	2	1	0	247	0	0	0	0	0	0	0	0	0	0	1	2	0	65	36	0	8	36	50	37	0	0	0	36	[]	0	1
37	123457148	2	1	0	247	0	0	0	0	0	0	0	0	0	0	1	2	0	66	36	0	8	36	50	37	0	0	0	36	[]	0	1
38	123457148	1	2	0	247	0	0	0	0	0	0	0	0	0	0	1	2	0	70	36	0	8	36	50	37	0	0	0	37	[]	0	1
39	123457148	1	1	1	248	0	0	0	0	0	0	0	0	0	0	0	2	0	75	36	0	8	36	50	37	0	0	0	37	[]	0	0
40	123457148	1	1	0	250	0	0	0	0	0	0	0	0	0	0	0	1	0	77	36	0	8	36	50	37	0	0	0	37	[]	0	0
41	123457148	1	1	0	250	0	0	0	0	0	0	0	0	0	0	0	1	0	78	36	0	8	36	50	37	0	0	0	37	[]	0	0
42	123457148	1	1	0	250	0	0	0	0	0	0	0	0	0	0	0	1	0	81	36	0	8	36	50	37	0	0	0	37	[]	0	0
43	123457148	1	1	0	250	0	0	0	0	0	0	0	0	0	0	0	1	0	83	36	0	8	36	50	37	0	0	0	37	[]	0	0
44	123457148	1	0	1	250	0	0	0	0	0	0	0	0	0	0	0	1	0	86	36	0	8	36	50	37	0	0	0	37	[]	0	0
45	123457148	1	0	1	250	0	0	0	0	0	0	0	0	0	0	0	1	0	86	36	0	8	36	50	37	0	0	0	37	[]	0	0
46	123457148	1	0	1	251	0	0	0	0	0	0	0	0	0	0	0	0	0	90	36	0	8	36	50	37	0	0	0	37	[]	0	0
47	123457148	1	0	1	251	0	0	0	0	0	0	0	0	0	0	0	0	0	92	36	0	8	36	50	37	0	0	0	37	[]	0	0
48	123457148	1	0	1	251	0	0	0	0	0	0	0	0	0	0	0	0	0	94	36	0	8	36	50	37	0	0	0	37	[]	0	0
49	123457148	1	0	1	251	0	0	0	0	0	0	0	0	0	0	0	0	0	94	36	0	8	36	50	37	0	0	0	37	[]	0	0
50	123457148	1	0	1	251	0	0	0	0	0	0	0	0	0	0	0	0	0	95	36	0	8	36	50	37	0	0	0	37	[]	0	0
51	123457148	1	0	0	252	0	0	0	0	0	0	0	0	0	0	0	0	0	96	36	0	8	36	50	37	0	0	0	37	[]	0	0
52	123457148	1	0	0	252	0	0	0	0	0	0	0	0	0	0	0	0	0	98	36	0	8	36	50	37	0	0	0	37	[]	0	0
53	123457148	1	0	0	252	0	0	0	0	0	0	0	0	0	0	0	0	0	100	36	0	8	36	50	37	0	0	0	37	[]	0	0
54	123457148	0	1	0	252	0	0	0	0	0	0	0	0	0	0	0	0	0	100	36	0	8	36	50	37	0	0	0	38	[]	0	0
55	123457148	0	1	0	252	0	0	0	0	0	0	0	0	0	0	0	0	0	100	36	0	8	36	50	37	0	0	0	38	[]	0	0
56	123457148	0	1	0	252	0	0	0	0	0	0	0	0	0	0	0	0	0	102	36	0	8	36	50	37	0	0	0	38	[]	0	0
57	123457148	0	1	0	252	0	0	0	0	0	0	0	0	0	0	0	0	0	103	36	0	8	36	50	37	0	0	0	38	[]	0	0
58	123457148	0	1	0	252	0	0	0	0	0	0	0	0	0	0	0	0	0	104	36	0	8	36	50	37	0	0	0	38	[]	0	0
59	123457148	0	1	0	252	0	0	0	0	0	0	0	0	0	0	0	0	0	106	36	0	8	36	50	37	0	0	0	38	[]	0	0
60	123457148	0	1	0	252	0	0	0	0	0	0	0	0	0	0	0	0	0	107	36	0	8	36	50	37	0	0	0	38	[]	0	0
