day	seedRun	susceptible	exposed	infected	removed	susceptible-in-quarantine	exposed-in-quarantine	infected-in-quarantine	removed-in-quarantine	susceptible-in-quarantine-external-1	exposed-in-quarantine-external-1	infected-in-quarantine-external-1	removed-in-quarantine-external-1	susceptible-in-quarantine-external-2	exposed-in-quarantine-external-2	infected-in-quarantine-external-2	removed-in-quarantine-external-2	num-of-screened-agents	num-of-screened-agents-external-1	num-of-screened-agents-external-2	num-of-positive-agents	num-of-positive-agents-external-1	num-of-positive-agents-external-2	num-vaccinated	num-immunized	num-immunized-in-quarantine	num-immunized-in-quarantine-external-1	num-immunized-in-quarantine-external-2	num-infected-outside	classroom-in-quarantine	num-of-classroom-in-quarantine	classroom-with-at-least-one-infected
0	123456832	254	0	0	0	0	0	0	0	0	0	0	0	0	0	0	0	0	0	0	0	0	0	50	36	0	0	0	0	[]	0	0
1	123456832	250	4	0	0	0	0	0	0	0	0	0	0	0	0	0	0	0	2	0	0	0	0	50	36	0	0	0	4	[]	0	0
2	123456832	237	16	1	0	0	0	0	0	0	0	0	0	0	0	0	0	0	4	0	0	0	0	50	36	0	0	0	8	[]	0	0
3	123456832	221	29	4	0	0	0	0	0	0	0	0	0	0	0	0	0	0	6	0	0	0	0	50	36	0	0	0	11	[]	0	1
4	123456832	200	39	14	0	0	0	0	0	0	0	1	0	0	0	0	0	0	7	0	0	1	0	50	36	0	0	0	14	[]	0	4
5	123456832	163	64	24	0	0	0	0	0	0	0	1	0	0	0	2	0	0	7	2	0	1	2	50	36	0	0	0	17	[]	0	6
6	123456832	162	47	37	4	0	0	0	0	0	0	2	0	0	0	2	0	0	11	2	0	2	2	50	36	0	0	0	18	[]	0	6
7	123456832	159	40	43	7	0	0	0	0	0	0	1	1	0	0	2	1	0	12	3	0	2	3	50	36	0	0	0	21	[]	0	7
8	123456832	104	85	48	11	0	0	0	0	0	0	1	1	0	0	3	1	0	12	4	0	2	4	50	36	0	0	0	27	[]	0	7
9	123456832	90	76	57	20	0	0	0	0	0	0	2	1	0	0	7	1	0	14	8	0	3	8	50	36	0	0	0	28	[]	0	8
10	123456832	62	84	68	26	0	0	0	0	0	0	3	1	0	0	8	2	0	15	10	0	4	10	50	36	0	0	0	28	[]	0	10
11	123456832	47	78	78	34	0	0	0	0	0	0	3	1	0	0	10	3	0	16	13	0	4	13	50	36	0	0	0	28	[]	0	11
12	123456832	28	73	92	43	0	0	0	0	0	0	3	1	0	0	11	3	0	16	14	0	4	14	50	36	0	0	0	29	[]	0	12
13	123456832	26	53	95	57	0	0	0	0	0	0	2	2	0	0	16	3	0	16	19	0	4	19	50	36	0	0	0	31	[]	0	12
14	123456832	26	35	103	65	0	0	0	0	0	0	1	2	0	0	17	5	0	18	22	0	4	22	50	36	0	0	0	31	[]	0	12
15	123456832	19	34	97	79	0	0	0	0	0	0	1	2	0	0	14	8	0	20	24	0	4	24	50	36	0	0	0	32	[]	0	12
16	123456832	16	22	97	92	0	0	0	0	0	0	3	1	0	0	12	11	0	23	25	0	6	25	50	36	0	0	0	32	[]	0	12
17	123456832	15	18	88	105	0	0	0	0	0	0	3	1	0	0	13	11	0	24	27	0	6	27	50	36	0	0	0	32	[]	0	12
18	123456832	15	14	78	118	0	0	0	0	0	0	3	2	0	0	13	11	0	26	28	0	7	28	50	36	0	0	0	32	[]	0	12
19	123456832	8	17	71	132	0	0	0	0	0	0	3	1	0	0	12	10	0	28	30	0	7	30	50	36	0	0	0	33	[]	0	12
20	123456832	8	14	57	149	0	0	0	0	0	0	3	1	0	0	9	13	0	31	32	0	8	32	50	36	0	0	0	33	[]	0	12
21	123456832	8	9	52	161	0	0	0	0	0	0	3	2	0	0	9	10	0	32	32	0	9	32	50	36	0	0	0	33	[]	0	12
22	123456832	7	6	46	171	0	0	0	0	0	0	2	3	0	0	10	9	0	34	33	0	9	33	50	36	0	0	0	33	[]	0	11
23	123456832	6	7	42	180	0	0	0	0	0	0	2	3	0	0	8	6	0	35	33	0	9	33	50	36	0	0	0	33	[]	0	11
24	123456832	6	5	39	187	0	0	0	0	0	0	3	3	0	0	4	7	0	37	33	0	10	33	50	36	0	0	0	33	[]	0	11
25	123456832	6	4	35	193	0	0	0	0	0	0	4	3	0	0	2	7	0	38	33	0	11	33	50	36	0	0	0	33	[]	0	11
26	123456832	6	4	32	197	0	0	0	0	0	0	4	1	0	0	4	6	0	38	35	0	11	35	50	36	0	0	0	33	[]	0	11
27	123456832	6	4	22	207	0	0	0	0	0	0	5	1	0	0	5	4	0	40	36	0	12	36	50	36	0	0	0	33	[]	0	11
28	123456832	6	4	18	213	0	0	0	0	0	0	3	2	0	0	5	3	0	41	36	0	12	36	50	36	0	0	0	33	[]	0	10
29	123456832	6	1	17	219	0	0	0	0	0	0	1	4	0	0	3	3	0	44	36	0	12	36	50	36	0	0	0	33	[]	0	9
30	123456832	5	1	15	225	0	0	0	0	0	0	1	3	0	0	2	2	0	45	36	0	12	36	50	36	0	0	0	33	[]	0	9
31	123456832	5	1	14	227	0	0	0	0	0	0	1	2	0	0	2	2	0	47	36	0	12	36	50	36	0	0	0	33	[]	0	9
32	123456832	5	1	9	232	0	0	0	0	0	0	0	3	0	0	3	1	0	48	37	0	12	37	50	36	0	0	0	33	[]	0	9
33	123456832	5	1	8	233	0	0	0	0	0	0	0	3	0	0	3	1	0	48	37	0	12	37	50	36	0	0	0	33	[]	0	8
34	123456832	5	0	8	234	0	0	0	0	0	0	0	2	0	0	4	1	0	51	38	0	12	38	50	36	0	0	0	33	[]	0	8
35	123456832	5	0	8	235	0	0	0	0	0	0	0	1	0	0	2	3	0	53	38	0	12	38	50	36	0	0	0	33	[]	0	6
36	123456832	5	0	6	239	0	0	0	0	0	0	0	1	0	0	2	1	0	56	38	0	12	38	50	36	0	0	0	33	[]	0	5
37	123456832	5	0	6	241	0	0	0	0	0	0	0	0	0	0	1	1	0	58	38	0	12	38	50	36	0	0	0	33	[]	0	4
38	123456832	4	1	6	241	0	0	0	0	0	0	0	0	0	0	1	1	0	63	38	0	12	38	50	36	0	0	0	33	[]	0	4
39	123456832	4	1	6	241	0	0	0	0	0	0	0	0	0	0	0	2	0	64	38	0	12	38	50	36	0	0	0	33	[]	0	3
40	123456832	4	1	6	241	0	0	0	0	0	0	0	0	0	0	0	2	0	67	38	0	12	38	50	36	0	0	0	33	[]	0	3
41	123456832	4	1	5	242	0	0	0	0	0	0	0	0	0	0	0	2	0	72	38	0	12	38	50	36	0	0	0	33	[]	0	3
42	123456832	4	0	6	243	0	0	0	0	0	0	0	0	0	0	0	1	0	73	38	0	12	38	50	36	0	0	0	33	[]	0	3
43	123456832	4	0	4	245	0	0	0	0	0	0	0	0	0	0	0	1	0	73	38	0	12	38	50	36	0	0	0	33	[]	0	1
44	123456832	4	0	4	246	0	0	0	0	0	0	0	0	0	0	0	0	0	79	38	0	12	38	50	36	0	0	0	33	[]	0	1
45	123456832	4	0	4	246	0	0	0	0	0	0	0	0	0	0	0	0	0	80	38	0	12	38	50	36	0	0	0	33	[]	0	1
46	123456832	4	0	4	246	0	0	0	0	0	0	0	0	0	0	0	0	0	82	38	0	12	38	50	36	0	0	0	33	[]	0	1
47	123456832	4	0	3	247	0	0	0	0	0	0	0	0	0	0	0	0	0	83	38	0	12	38	50	36	0	0	0	33	[]	0	1
48	123456832	4	0	1	249	0	0	0	0	0	0	0	0	0	0	0	0	0	88	38	0	12	38	50	36	0	0	0	33	[]	0	0
49	123456832	4	0	1	249	0	0	0	0	0	0	0	0	0	0	0	0	0	92	38	0	12	38	50	36	0	0	0	33	[]	0	0
50	123456832	4	0	1	249	0	0	0	0	0	0	0	0	0	0	0	0	0	94	38	0	12	38	50	36	0	0	0	33	[]	0	0
51	123456832	4	0	1	249	0	0	0	0	0	0	0	0	0	0	0	0	0	95	38	0	12	38	50	36	0	0	0	33	[]	0	0
52	123456832	4	0	1	249	0	0	0	0	0	0	0	0	0	0	0	0	0	96	38	0	12	38	50	36	0	0	0	33	[]	0	0
53	123456832	4	0	1	249	0	0	0	0	0	0	0	0	0	0	0	0	0	96	38	0	12	38	50	36	0	0	0	33	[]	0	0
54	123456832	4	0	0	250	0	0	0	0	0	0	0	0	0	0	0	0	0	98	38	0	12	38	50	36	0	0	0	33	[]	0	0
55	123456832	4	0	0	250	0	0	0	0	0	0	0	0	0	0	0	0	0	98	38	0	12	38	50	36	0	0	0	33	[]	0	0
56	123456832	4	0	0	250	0	0	0	0	0	0	0	0	0	0	0	0	0	99	38	0	12	38	50	36	0	0	0	33	[]	0	0
57	123456832	4	0	0	250	0	0	0	0	0	0	0	0	0	0	0	0	0	101	38	0	12	38	50	36	0	0	0	33	[]	0	0
58	123456832	4	0	0	250	0	0	0	0	0	0	0	0	0	0	0	0	0	103	38	0	12	38	50	36	0	0	0	33	[]	0	0
59	123456832	4	0	0	250	0	0	0	0	0	0	0	0	0	0	0	0	0	104	38	0	12	38	50	36	0	0	0	33	[]	0	0
60	123456832	4	0	0	250	0	0	0	0	0	0	0	0	0	0	0	0	0	105	38	0	12	38	50	36	0	0	0	33	[]	0	0
