day	seedRun	susceptible	exposed	infected	removed	susceptible-in-quarantine	exposed-in-quarantine	infected-in-quarantine	removed-in-quarantine	susceptible-in-quarantine-external-1	exposed-in-quarantine-external-1	infected-in-quarantine-external-1	removed-in-quarantine-external-1	susceptible-in-quarantine-external-2	exposed-in-quarantine-external-2	infected-in-quarantine-external-2	removed-in-quarantine-external-2	num-of-screened-agents	num-of-screened-agents-external-1	num-of-screened-agents-external-2	num-of-positive-agents	num-of-positive-agents-external-1	num-of-positive-agents-external-2	num-vaccinated	num-immunized	num-immunized-in-quarantine	num-immunized-in-quarantine-external-1	num-immunized-in-quarantine-external-2	num-infected-outside	classroom-in-quarantine	num-of-classroom-in-quarantine	classroom-with-at-least-one-infected
0	123457048	192	0	0	0	0	0	0	0	0	0	0	0	0	0	0	0	0	0	0	0	0	0	218	98	0	0	0	0	[]	0	0
1	123457048	189	3	0	0	0	0	0	0	0	0	0	0	0	0	0	0	0	2	0	0	0	0	218	98	0	0	0	3	[]	0	0
2	123457048	185	7	0	0	0	0	0	0	0	0	0	0	0	0	0	0	0	4	0	0	0	0	218	98	0	0	0	7	[]	0	0
3	123457048	176	14	2	0	0	0	0	0	0	0	0	0	0	0	0	0	0	6	0	0	0	0	218	98	0	0	0	11	[]	0	2
4	123457048	163	22	7	0	0	0	0	0	0	0	0	0	0	0	0	0	0	7	0	0	0	0	218	98	0	0	0	16	[]	0	4
5	123457048	150	28	13	1	0	0	0	0	0	0	0	0	0	0	0	0	0	8	0	0	0	0	218	98	0	0	0	19	[]	0	6
6	123457048	148	26	16	2	0	0	0	0	0	0	0	0	0	0	0	0	0	11	0	0	0	0	218	98	0	0	0	21	[]	0	6
7	123457048	146	23	20	3	0	0	0	0	0	0	0	0	0	0	0	0	0	12	0	0	0	0	218	98	0	0	0	23	[]	0	7
8	123457048	126	37	20	7	0	0	0	0	0	0	0	0	0	0	2	0	0	15	2	0	0	2	218	98	0	0	0	25	[]	0	10
9	123457048	110	42	30	8	0	0	0	0	0	0	0	0	0	0	1	1	0	15	2	0	0	2	218	98	0	0	0	25	[]	0	11
10	123457048	97	42	36	12	0	0	0	0	0	0	1	0	0	0	3	1	0	19	4	0	1	4	218	98	0	0	0	27	[]	0	11
11	123457048	82	49	41	14	0	0	0	0	0	0	0	1	0	0	4	1	0	20	5	0	1	5	218	98	0	0	0	29	[]	0	11
12	123457048	66	48	54	16	0	0	0	0	0	0	2	1	0	0	4	1	0	26	5	0	3	5	218	98	0	0	0	29	[]	0	12
13	123457048	66	32	61	21	0	0	0	0	0	0	2	1	0	0	7	2	0	28	9	0	3	9	218	98	0	0	0	29	[]	0	12
14	123457048	64	25	58	30	0	0	0	0	0	0	2	1	0	0	9	3	0	28	12	0	3	12	218	98	0	0	0	31	[]	0	12
15	123457048	54	29	56	37	0	0	0	0	0	0	2	1	0	0	9	4	0	29	13	0	3	13	218	98	0	0	0	33	[]	0	11
16	123457048	51	23	56	44	0	0	0	0	0	0	2	1	0	0	11	4	0	31	15	0	3	15	218	98	0	0	0	33	[]	0	11
17	123457048	39	30	54	51	0	0	0	0	0	0	2	1	0	0	10	5	0	31	15	0	3	15	218	98	0	0	0	36	[]	0	11
18	123457048	32	30	52	61	0	0	0	0	0	0	1	2	0	0	9	5	0	34	16	0	3	16	218	98	0	0	0	37	[]	0	11
19	123457048	23	28	55	68	0	0	0	0	0	0	1	2	0	0	9	6	0	38	17	0	3	17	218	98	0	0	0	38	[]	0	12
20	123457048	23	19	61	73	0	0	0	0	0	0	1	1	0	0	8	6	0	42	18	0	3	18	218	98	0	0	0	38	[]	0	12
21	123457048	23	17	55	81	0	0	0	0	0	0	1	1	0	0	7	7	0	44	19	0	3	19	218	98	0	0	0	38	[]	0	12
22	123457048	17	19	53	87	0	0	0	0	0	0	0	0	0	0	8	8	0	45	21	0	3	21	218	98	0	0	0	39	[]	0	12
23	123457048	14	14	55	96	0	0	0	0	0	0	1	0	0	0	7	5	0	46	21	0	4	21	218	98	0	0	0	39	[]	0	12
24	123457048	11	15	49	105	0	0	0	0	0	0	2	0	0	0	7	3	0	48	22	0	5	22	218	98	0	0	0	39	[]	0	12
25	123457048	9	14	42	113	0	0	0	0	0	0	2	0	0	0	9	3	0	51	25	0	5	25	218	98	0	0	0	39	[]	0	12
26	123457048	9	10	34	125	0	0	0	0	0	0	2	1	0	0	7	4	0	54	26	0	6	26	218	98	0	0	0	39	[]	0	11
27	123457048	8	7	34	128	0	0	0	0	0	0	1	2	0	0	7	5	0	54	27	0	6	27	218	98	0	0	0	40	[]	0	10
28	123457048	8	7	29	133	0	0	0	0	0	0	1	2	0	0	8	4	0	54	28	0	6	28	218	98	0	0	0	40	[]	0	10
29	123457048	5	8	27	136	0	0	0	0	0	0	2	2	0	0	5	7	0	56	29	0	7	29	218	98	0	0	0	41	[]	0	10
30	123457048	4	6	29	138	0	0	0	0	0	0	2	2	0	0	4	7	0	57	29	0	7	29	218	98	0	0	0	41	[]	0	10
31	123457048	4	5	24	144	0	0	0	0	0	0	2	2	0	0	5	6	0	60	30	0	7	30	218	98	0	0	0	41	[]	0	10
32	123457048	3	5	23	147	0	0	0	0	0	0	2	2	0	0	4	6	0	62	31	0	7	31	218	98	0	0	0	41	[]	0	10
33	123457048	3	4	23	149	0	0	0	0	0	0	1	2	0	0	4	6	0	63	31	0	7	31	218	98	0	0	0	41	[]	0	9
34	123457048	3	2	22	153	0	0	0	0	0	0	1	1	0	0	5	5	0	63	32	0	7	32	218	98	0	0	0	41	[]	0	8
35	123457048	3	2	20	158	0	0	0	0	0	0	1	1	0	0	3	4	0	64	32	0	7	32	218	98	0	0	0	41	[]	0	8
36	123457048	3	1	20	161	0	0	0	0	0	0	1	0	0	0	2	4	0	67	32	0	7	32	218	98	0	0	0	41	[]	0	8
37	123457048	3	1	14	167	0	0	0	0	0	0	1	0	0	0	2	4	0	69	33	0	7	33	218	98	0	0	0	41	[]	0	7
38	123457048	3	1	11	171	0	0	0	0	0	0	1	0	0	0	2	3	0	70	33	0	7	33	218	98	0	0	0	41	[]	0	6
39	123457048	3	1	7	176	0	0	0	0	0	0	0	0	0	0	2	3	0	76	34	0	7	34	218	98	0	0	0	41	[]	0	4
40	123457048	3	1	6	176	0	0	0	0	0	0	0	0	0	0	3	3	0	77	35	0	7	35	218	98	0	0	0	41	[]	0	4
41	123457048	3	1	6	177	0	0	0	0	0	0	0	0	0	0	1	4	0	77	35	0	7	35	218	98	0	0	0	41	[]	0	3
42	123457048	3	1	6	178	0	0	0	0	0	0	0	0	0	0	1	3	0	80	35	0	7	35	218	98	0	0	0	41	[]	0	3
43	123457048	3	1	5	179	0	0	0	0	0	0	0	0	0	0	0	4	0	82	35	0	7	35	218	98	0	0	0	41	[]	0	2
44	123457048	3	1	4	181	0	0	0	0	0	0	0	0	0	0	0	3	0	83	35	0	7	35	218	98	0	0	0	41	[]	0	2
45	123457048	3	1	4	181	0	0	0	0	0	0	0	0	0	0	0	3	0	88	35	0	7	35	218	98	0	0	0	41	[]	0	2
46	123457048	3	1	3	182	0	0	0	0	0	0	0	0	0	0	0	3	0	91	35	0	7	35	218	98	0	0	0	41	[]	0	2
47	123457048	3	1	3	183	0	0	0	0	0	0	0	0	0	0	0	2	0	93	35	0	7	35	218	98	0	0	0	41	[]	0	2
48	123457048	2	2	3	183	0	0	0	0	0	0	0	0	0	0	0	2	0	98	35	0	7	35	218	98	0	0	0	42	[]	0	2
49	123457048	2	1	4	184	0	0	0	0	0	0	0	0	0	0	0	1	0	99	35	0	7	35	218	98	0	0	0	42	[]	0	2
50	123457048	2	1	3	186	0	0	0	0	0	0	0	0	0	0	0	0	0	100	35	0	7	35	218	98	0	0	0	42	[]	0	2
51	123457048	2	0	3	186	0	0	0	0	0	0	1	0	0	0	0	0	0	104	35	0	8	35	218	98	0	0	0	42	[]	0	3
52	123457048	2	0	2	187	0	0	0	0	0	0	1	0	0	0	0	0	0	105	35	0	8	35	218	98	0	0	0	42	[]	0	2
53	123457048	2	0	2	187	0	0	0	0	0	0	1	0	0	0	0	0	0	107	35	0	8	35	218	98	0	0	0	42	[]	0	2
54	123457048	2	0	2	187	0	0	0	0	0	0	1	0	0	0	0	0	0	109	35	0	8	35	218	98	0	0	0	42	[]	0	2
55	123457048	2	0	1	188	0	0	0	0	0	0	1	0	0	0	0	0	0	112	35	0	8	35	218	98	0	0	0	42	[]	0	2
56	123457048	2	0	1	188	0	0	0	0	0	0	1	0	0	0	0	0	0	113	35	0	8	35	218	98	0	0	0	42	[]	0	2
57	123457048	2	0	1	188	0	0	0	0	0	0	1	0	0	0	0	0	0	117	35	0	8	35	218	98	0	0	0	42	[]	0	2
58	123457048	2	0	1	188	0	0	0	0	0	0	1	0	0	0	0	0	0	118	35	0	8	35	218	98	0	0	0	42	[]	0	2
59	123457048	2	0	1	188	0	0	0	0	0	0	1	0	0	0	0	0	0	119	35	0	8	35	218	98	0	0	0	42	[]	0	2
60	123457048	2	0	1	188	0	0	0	0	0	0	1	0	0	0	0	0	0	121	35	0	8	35	218	98	0	0	0	42	[]	0	2
