day	seedRun	susceptible	exposed	infected	removed	susceptible-in-quarantine	exposed-in-quarantine	infected-in-quarantine	removed-in-quarantine	susceptible-in-quarantine-external-1	exposed-in-quarantine-external-1	infected-in-quarantine-external-1	removed-in-quarantine-external-1	susceptible-in-quarantine-external-2	exposed-in-quarantine-external-2	infected-in-quarantine-external-2	removed-in-quarantine-external-2	num-of-screened-agents	num-of-screened-agents-external-1	num-of-screened-agents-external-2	num-of-positive-agents	num-of-positive-agents-external-1	num-of-positive-agents-external-2	num-vaccinated	num-immunized	num-immunized-in-quarantine	num-immunized-in-quarantine-external-1	num-immunized-in-quarantine-external-2	num-infected-outside	classroom-in-quarantine	num-of-classroom-in-quarantine	classroom-with-at-least-one-infected
0	123456985	144	0	0	0	0	0	0	0	0	0	0	0	0	0	0	0	0	0	0	0	0	0	146	146	0	0	0	0	[]	0	0
1	123456985	139	5	0	0	0	0	0	0	0	0	0	0	0	0	0	0	0	1	0	0	0	0	146	146	0	0	0	5	[]	0	0
2	123456985	128	14	2	0	0	0	0	0	0	0	0	0	0	0	0	0	0	3	0	0	0	0	146	146	0	0	0	7	[]	0	2
3	123456985	98	38	8	0	0	0	0	0	0	0	0	0	0	0	0	0	0	7	0	0	0	0	146	146	0	0	0	11	[]	0	5
4	123456985	68	55	21	0	0	0	0	0	0	0	0	0	0	0	0	0	0	11	0	0	0	0	146	146	0	0	0	15	[]	0	6
5	123456985	59	46	35	3	0	0	0	0	0	0	0	0	0	0	1	0	19	12	1	0	0	1	146	146	0	0	0	15	[]	0	8
6	123456985	57	19	25	6	0	17	15	1	0	0	0	0	0	0	4	0	76	12	4	15	0	4	146	122	24	0	0	17	[1B 3A 2B]	3	8
7	123456985	55	19	15	6	0	15	23	6	0	0	0	0	0	0	5	0	95	12	5	23	0	5	146	114	32	0	0	19	[1B 3A 2B 3D]	4	9
8	123456985	44	28	16	7	0	11	25	8	0	0	0	0	0	0	4	1	95	15	5	23	0	5	146	114	32	0	0	20	[1B 3A 2B 3D]	4	10
9	123456985	27	34	24	10	0	7	26	11	0	0	0	0	0	0	2	3	95	19	5	23	0	5	146	114	32	0	0	21	[1B 3A 2B 3D]	4	11
10	123456985	14	28	33	7	0	6	31	19	0	0	0	0	0	0	3	3	133	19	6	28	0	6	146	106	40	0	0	22	[1B 3A 2B 3D 2D]	5	11
11	123456985	10	24	25	11	0	8	35	24	0	0	0	0	0	0	4	3	152	19	7	34	0	7	146	98	48	0	0	22	[1B 3A 2B 3D 2D 2A]	6	11
12	123456985	9	16	30	15	0	3	34	30	0	0	0	0	0	0	3	4	152	20	7	34	0	7	146	98	48	0	0	23	[1B 3A 2B 3D 2D 2A]	6	11
13	123456985	9	12	32	17	0	3	29	35	0	0	0	0	0	0	1	6	152	20	7	34	0	7	146	98	48	0	0	23	[1B 3A 2B 3D 2D 2A]	6	11
14	123456985	9	8	14	15	0	5	36	48	0	0	0	0	0	0	3	6	190	21	9	46	0	9	146	82	64	0	0	23	[1B 3A 2B 3D 2D 2A 2C 1C]	8	11
15	123456985	7	7	14	19	0	1	36	52	0	0	0	0	0	0	2	6	190	23	9	46	0	9	146	82	64	0	0	24	[1B 3A 2B 3D 2D 2A 2C 1C]	8	12
16	123456985	3	10	14	56	0	1	23	32	0	0	0	0	0	0	2	3	190	25	9	46	0	9	146	106	40	0	0	24	[3D 2D 2A 2C 1C]	5	9
17	123456985	0	10	15	70	0	1	16	28	0	0	0	0	0	0	2	2	190	25	9	46	0	9	146	114	32	0	0	25	[2D 2A 2C 1C]	4	8
18	123456985	0	7	10	66	0	1	16	39	0	0	0	0	0	0	3	2	209	25	10	50	0	10	146	106	40	0	0	25	[2D 2A 2C 1C 1D]	5	8
19	123456985	0	4	10	69	0	0	14	42	0	0	0	0	0	0	3	2	209	27	10	50	0	10	146	106	40	0	0	25	[2D 2A 2C 1C 1D]	5	8
20	123456985	0	4	6	83	0	0	13	33	0	0	0	0	0	0	4	1	228	29	11	52	0	11	146	114	32	0	0	25	[2A 2C 1C 1D]	4	7
21	123456985	0	3	7	95	0	0	11	24	0	0	0	0	0	0	3	1	228	32	11	52	0	11	146	122	24	0	0	25	[2C 1C 1D]	3	6
22	123456985	0	1	7	97	0	0	8	27	0	0	0	0	0	0	3	1	228	33	11	52	0	11	146	122	24	0	0	25	[2C 1C 1D]	3	5
23	123456985	0	0	8	97	0	0	7	28	0	0	0	0	0	0	3	1	228	33	11	52	0	11	146	122	24	0	0	25	[2C 1C 1D]	3	5
24	123456985	0	0	7	122	0	0	4	9	0	0	0	0	0	0	1	1	228	34	11	52	0	11	146	138	8	0	0	25	[1D]	1	3
25	123456985	0	0	0	116	0	0	9	16	0	0	0	0	0	0	2	1	264	35	12	58	0	12	146	130	16	0	0	25	[1D 3C]	2	3
26	123456985	0	0	0	116	0	0	9	16	0	0	0	0	0	0	2	1	264	35	12	58	0	12	146	130	16	0	0	25	[1D 3C]	2	3
27	123456985	0	0	0	116	0	0	8	17	0	0	0	0	0	0	2	1	264	38	12	58	0	12	146	130	16	0	0	25	[1D 3C]	2	3
28	123456985	0	0	0	128	0	0	7	7	0	0	0	0	0	0	1	1	264	38	12	58	0	12	146	138	8	0	0	25	[3C]	1	2
29	123456985	0	0	0	128	0	0	6	8	0	0	0	0	0	0	1	1	264	40	12	58	0	12	146	138	8	0	0	25	[3C]	1	2
30	123456985	0	0	0	131	0	0	3	9	0	0	0	0	0	0	1	0	264	42	12	58	0	12	146	138	8	0	0	25	[3C]	1	2
31	123456985	0	0	0	131	0	0	2	10	0	0	0	0	0	0	1	0	264	43	12	58	0	12	146	138	8	0	0	25	[3C]	1	2
32	123456985	0	0	0	131	0	0	1	11	0	0	0	0	0	0	1	0	264	43	12	58	0	12	146	138	8	0	0	25	[3C]	1	2
33	123456985	0	0	0	131	0	0	1	11	0	0	0	0	0	0	1	0	264	45	12	58	0	12	146	138	8	0	0	25	[3C]	1	2
34	123456985	0	0	0	131	0	0	1	11	0	0	0	0	0	0	1	0	264	47	12	58	0	12	146	138	8	0	0	25	[3C]	1	2
35	123456985	0	0	0	144	0	0	0	0	0	0	0	0	0	0	0	0	264	48	12	58	0	12	146	146	0	0	0	25	[]	0	0
36	123456985	0	0	0	144	0	0	0	0	0	0	0	0	0	0	0	0	264	51	12	58	0	12	146	146	0	0	0	25	[]	0	0
37	123456985	0	0	0	144	0	0	0	0	0	0	0	0	0	0	0	0	264	52	12	58	0	12	146	146	0	0	0	25	[]	0	0
38	123456985	0	0	0	144	0	0	0	0	0	0	0	0	0	0	0	0	264	52	12	58	0	12	146	146	0	0	0	25	[]	0	0
39	123456985	0	0	0	144	0	0	0	0	0	0	0	0	0	0	0	0	264	54	12	58	0	12	146	146	0	0	0	25	[]	0	0
40	123456985	0	0	0	144	0	0	0	0	0	0	0	0	0	0	0	0	264	57	12	58	0	12	146	146	0	0	0	25	[]	0	0
41	123456985	0	0	0	144	0	0	0	0	0	0	0	0	0	0	0	0	264	61	12	58	0	12	146	146	0	0	0	25	[]	0	0
42	123456985	0	0	0	144	0	0	0	0	0	0	0	0	0	0	0	0	264	63	12	58	0	12	146	146	0	0	0	25	[]	0	0
43	123456985	0	0	0	144	0	0	0	0	0	0	0	0	0	0	0	0	264	66	12	58	0	12	146	146	0	0	0	25	[]	0	0
44	123456985	0	0	0	144	0	0	0	0	0	0	0	0	0	0	0	0	264	68	12	58	0	12	146	146	0	0	0	25	[]	0	0
45	123456985	0	0	0	144	0	0	0	0	0	0	0	0	0	0	0	0	264	71	12	58	0	12	146	146	0	0	0	25	[]	0	0
46	123456985	0	0	0	144	0	0	0	0	0	0	0	0	0	0	0	0	264	72	12	58	0	12	146	146	0	0	0	25	[]	0	0
47	123456985	0	0	0	144	0	0	0	0	0	0	0	0	0	0	0	0	264	73	12	58	0	12	146	146	0	0	0	25	[]	0	0
48	123456985	0	0	0	144	0	0	0	0	0	0	0	0	0	0	0	0	264	74	12	58	0	12	146	146	0	0	0	25	[]	0	0
49	123456985	0	0	0	144	0	0	0	0	0	0	0	0	0	0	0	0	264	78	12	58	0	12	146	146	0	0	0	25	[]	0	0
50	123456985	0	0	0	144	0	0	0	0	0	0	0	0	0	0	0	0	264	79	12	58	0	12	146	146	0	0	0	25	[]	0	0
51	123456985	0	0	0	144	0	0	0	0	0	0	0	0	0	0	0	0	264	80	12	58	0	12	146	146	0	0	0	25	[]	0	0
52	123456985	0	0	0	144	0	0	0	0	0	0	0	0	0	0	0	0	264	81	12	58	0	12	146	146	0	0	0	25	[]	0	0
53	123456985	0	0	0	144	0	0	0	0	0	0	0	0	0	0	0	0	264	83	12	58	0	12	146	146	0	0	0	25	[]	0	0
54	123456985	0	0	0	144	0	0	0	0	0	0	0	0	0	0	0	0	264	84	12	58	0	12	146	146	0	0	0	25	[]	0	0
55	123456985	0	0	0	144	0	0	0	0	0	0	0	0	0	0	0	0	264	84	12	58	0	12	146	146	0	0	0	25	[]	0	0
56	123456985	0	0	0	144	0	0	0	0	0	0	0	0	0	0	0	0	264	85	12	58	0	12	146	146	0	0	0	25	[]	0	0
57	123456985	0	0	0	144	0	0	0	0	0	0	0	0	0	0	0	0	264	85	12	58	0	12	146	146	0	0	0	25	[]	0	0
58	123456985	0	0	0	144	0	0	0	0	0	0	0	0	0	0	0	0	264	88	12	58	0	12	146	146	0	0	0	25	[]	0	0
59	123456985	0	0	0	144	0	0	0	0	0	0	0	0	0	0	0	0	264	92	12	58	0	12	146	146	0	0	0	25	[]	0	0
60	123456985	0	0	0	144	0	0	0	0	0	0	0	0	0	0	0	0	264	95	12	58	0	12	146	146	0	0	0	25	[]	0	0
