day	seedRun	susceptible	exposed	infected	removed	susceptible-in-quarantine	exposed-in-quarantine	infected-in-quarantine	removed-in-quarantine	susceptible-in-quarantine-external-1	exposed-in-quarantine-external-1	infected-in-quarantine-external-1	removed-in-quarantine-external-1	susceptible-in-quarantine-external-2	exposed-in-quarantine-external-2	infected-in-quarantine-external-2	removed-in-quarantine-external-2	num-of-screened-agents	num-of-screened-agents-external-1	num-of-screened-agents-external-2	num-of-positive-agents	num-of-positive-agents-external-1	num-of-positive-agents-external-2	num-vaccinated	num-immunized	num-immunized-in-quarantine	num-immunized-in-quarantine-external-1	num-immunized-in-quarantine-external-2	num-infected-outside	classroom-in-quarantine	num-of-classroom-in-quarantine	classroom-with-at-least-one-infected
0	123456950	144	0	0	0	0	0	0	0	0	0	0	0	0	0	0	0	0	0	0	0	0	0	146	146	0	0	0	0	[]	0	0
1	123456950	141	3	0	0	0	0	0	0	0	0	0	0	0	0	0	0	60	0	0	0	0	0	146	146	0	0	0	3	[]	0	0
2	123456950	136	6	2	0	0	0	0	0	0	0	0	0	0	0	0	0	60	1	0	0	0	0	146	146	0	0	0	6	[]	0	2
3	123456950	129	13	2	0	0	0	0	0	0	0	0	0	0	0	0	0	60	2	0	0	0	0	146	146	0	0	0	11	[]	0	2
4	123456950	126	15	3	0	0	0	0	0	0	0	0	0	0	0	0	0	60	3	0	0	0	0	146	146	0	0	0	12	[]	0	3
5	123456950	118	17	7	2	0	0	0	0	0	0	0	0	0	0	0	0	60	6	0	0	0	0	146	146	0	0	0	13	[]	0	5
6	123456950	113	20	8	3	0	0	0	0	0	0	0	0	0	0	0	0	60	7	0	0	0	0	146	146	0	0	0	18	[]	0	4
7	123456950	112	16	12	4	0	0	0	0	0	0	0	0	0	0	0	0	60	8	0	0	0	0	146	146	0	0	0	19	[]	0	8
8	123456950	84	12	5	3	22	4	10	2	0	0	1	0	0	0	1	0	228	9	1	10	1	1	146	122	24	0	0	19	[2D 1D 3D]	3	10
9	123456950	77	15	8	4	22	4	8	4	0	0	1	0	0	0	1	0	228	10	1	10	1	1	146	122	24	0	0	20	[2D 1D 3D]	3	10
10	123456950	65	22	13	4	22	4	6	6	0	0	0	1	0	0	1	0	228	10	1	10	1	1	146	122	24	0	0	21	[2D 1D 3D]	3	9
11	123456950	56	19	14	3	22	6	8	13	0	0	0	1	0	0	2	0	247	12	2	14	1	2	146	114	32	0	0	22	[2D 1D 3D 3A]	4	7
12	123456950	48	17	12	3	23	7	11	19	0	0	1	1	0	0	2	0	266	13	2	18	2	2	146	106	40	0	0	23	[2D 1D 3D 3A 2B]	5	9
13	123456950	29	7	7	4	42	9	20	22	0	0	1	1	0	0	2	0	342	13	2	24	2	2	146	82	64	0	0	23	[2D 1D 3D 3A 2B 1C 2C 3B]	8	9
14	123456950	28	5	9	5	42	9	18	24	0	0	0	2	0	0	2	0	342	13	2	24	2	2	146	82	64	0	0	24	[2D 1D 3D 3A 2B 1C 2C 3B]	8	10
15	123456950	16	4	2	1	52	8	27	30	0	0	0	2	0	0	0	2	380	13	2	28	2	2	146	66	80	0	0	25	[2D 1D 3D 3A 2B 1C 2C 3B 1A 1B]	10	11
16	123456950	13	6	3	1	52	7	24	34	0	0	0	2	0	0	0	2	380	13	2	28	2	2	146	66	80	0	0	25	[2D 1D 3D 3A 2B 1C 2C 3B 1A 1B]	10	9
17	123456950	9	8	4	2	52	5	23	37	0	0	0	2	0	0	0	2	380	13	2	28	2	2	146	66	80	0	0	25	[2D 1D 3D 3A 2B 1C 2C 3B 1A 1B]	10	9
18	123456950	8	6	7	2	52	4	22	39	0	0	0	2	0	0	0	2	380	13	2	28	2	2	146	66	80	0	0	25	[2D 1D 3D 3A 2B 1C 2C 3B 1A 1B]	10	9
19	123456950	6	7	8	2	52	3	22	40	0	0	0	2	0	0	0	2	380	13	2	28	2	2	146	66	80	0	0	25	[2D 1D 3D 3A 2B 1C 2C 3B 1A 1B]	10	9
20	123456950	5	5	10	3	52	1	20	44	0	0	0	2	0	0	0	2	380	13	2	28	2	2	146	66	80	0	0	26	[2D 1D 3D 3A 2B 1C 2C 3B 1A 1B]	10	9
21	123456950	5	3	11	4	52	1	18	46	0	0	0	2	0	0	0	2	380	13	2	28	2	2	146	66	80	0	0	26	[2D 1D 3D 3A 2B 1C 2C 3B 1A 1B]	10	9
22	123456950	20	2	0	14	35	2	27	41	0	0	0	1	0	0	0	2	405	14	2	32	2	2	146	74	72	0	0	28	[3A 2B 1C 2C 3B 1A 1B 2A 3C]	9	8
23	123456950	19	2	1	14	35	2	27	41	0	0	0	1	0	0	0	2	405	14	2	32	2	2	146	74	72	0	0	29	[3A 2B 1C 2C 3B 1A 1B 2A 3C]	9	9
24	123456950	19	2	1	14	35	0	26	44	0	0	0	1	0	0	0	2	405	14	2	32	2	2	146	74	72	0	0	29	[3A 2B 1C 2C 3B 1A 1B 2A 3C]	9	9
25	123456950	19	2	1	26	35	0	20	39	0	0	0	1	0	0	0	1	405	15	2	32	2	2	146	82	64	0	0	29	[2B 1C 2C 3B 1A 1B 2A 3C]	8	7
26	123456950	20	2	1	37	34	0	17	32	0	0	0	0	0	0	0	1	405	15	2	32	2	2	146	90	56	0	0	29	[1C 2C 3B 1A 1B 2A 3C]	7	6
27	123456950	39	1	2	54	15	0	14	19	0	0	0	0	0	0	0	0	405	15	2	32	2	2	146	114	32	0	0	29	[1A 1B 2A 3C]	4	4
28	123456950	39	1	2	54	15	0	14	19	0	0	0	0	0	0	0	0	405	15	2	32	2	2	146	114	32	0	0	29	[1A 1B 2A 3C]	4	4
29	123456950	44	2	0	62	9	0	9	18	0	0	0	0	0	0	0	0	474	15	2	34	2	2	146	122	24	0	0	30	[2A 3C 3D]	3	3
30	123456950	43	2	1	62	9	0	7	20	0	0	0	0	0	0	0	0	474	15	2	34	2	2	146	122	24	0	0	30	[2A 3C 3D]	3	4
31	123456950	43	2	1	62	9	0	4	23	0	0	0	0	0	0	0	0	474	15	2	34	2	2	146	122	24	0	0	30	[2A 3C 3D]	3	4
32	123456950	42	2	2	62	9	0	4	23	0	0	0	0	0	0	0	0	474	16	2	34	2	2	146	122	24	0	0	30	[2A 3C 3D]	3	4
33	123456950	38	6	2	62	9	0	2	25	0	0	0	0	0	0	0	0	474	16	2	34	2	2	146	122	24	0	0	30	[2A 3C 3D]	3	3
34	123456950	36	7	2	63	9	0	2	25	0	0	0	0	0	0	0	0	474	17	2	34	2	2	146	122	24	0	0	32	[2A 3C 3D]	3	3
35	123456950	36	3	6	63	9	0	2	25	0	0	0	0	0	0	0	0	474	17	2	34	2	2	146	122	24	0	0	32	[2A 3C 3D]	3	4
36	123456950	39	5	5	82	4	0	1	8	0	0	0	0	0	0	0	0	548	18	2	35	2	2	146	138	8	0	0	32	[3D]	1	2
37	123456950	39	4	5	83	4	0	0	9	0	0	0	0	0	0	0	0	548	21	2	35	2	2	146	138	8	0	0	32	[3D]	1	1
38	123456950	38	4	5	84	4	0	0	9	0	0	0	0	0	0	0	0	548	21	2	35	2	2	146	138	8	0	0	33	[3D]	1	1
39	123456950	38	2	6	85	4	0	0	9	0	0	0	0	0	0	0	0	548	22	2	35	2	2	146	138	8	0	0	33	[3D]	1	2
40	123456950	36	2	7	86	4	0	0	9	0	0	0	0	0	0	0	0	548	22	2	35	2	2	146	138	8	0	0	33	[3D]	1	3
41	123456950	36	2	5	88	4	0	0	9	0	0	0	0	0	0	0	0	567	23	2	35	2	2	146	138	8	0	0	33	[3D]	1	3
42	123456950	36	1	6	88	4	0	0	9	0	0	0	0	0	0	0	0	567	23	2	35	2	2	146	138	8	0	0	33	[3D]	1	3
43	123456950	34	0	0	85	6	1	4	14	0	0	0	0	0	0	0	0	664	25	2	39	2	2	146	130	16	0	0	33	[1C 1D]	2	2
44	123456950	34	0	0	85	6	1	3	15	0	0	0	0	0	0	0	0	664	25	2	39	2	2	146	130	16	0	0	33	[1C 1D]	2	2
45	123456950	33	1	0	85	6	1	3	15	0	0	0	0	0	0	0	0	664	27	2	39	2	2	146	130	16	0	0	34	[1C 1D]	2	2
46	123456950	32	2	0	85	6	1	3	15	0	0	0	0	0	0	0	0	664	27	2	39	2	2	146	130	16	0	0	35	[1C 1D]	2	2
47	123456950	30	4	0	85	6	0	4	15	0	0	0	0	0	0	0	0	664	27	2	39	2	2	146	130	16	0	0	37	[1C 1D]	2	2
48	123456950	29	3	2	85	6	0	4	15	0	0	0	0	0	0	0	0	664	27	2	39	2	2	146	130	16	0	0	38	[1C 1D]	2	4
49	123456950	29	2	3	85	6	0	4	15	0	0	0	0	0	0	0	0	664	28	2	39	2	2	146	130	16	0	0	38	[1C 1D]	2	5
50	123456950	28	2	3	86	6	0	5	14	0	0	0	0	0	0	0	0	733	29	2	40	2	2	146	130	16	0	0	38	[1C 1D]	2	6
51	123456950	25	3	5	86	6	0	5	14	0	0	0	0	0	0	0	0	733	29	2	40	2	2	146	130	16	0	0	39	[1C 1D]	2	6
52	123456950	23	4	6	86	6	0	4	15	0	0	0	0	0	0	0	0	733	29	2	40	2	2	146	130	16	0	0	39	[1C 1D]	2	6
53	123456950	23	2	7	87	6	0	3	16	0	0	0	0	0	0	0	0	733	30	2	40	2	2	146	130	16	0	0	39	[1C 1D]	2	7
54	123456950	20	5	7	87	6	0	2	17	0	0	0	0	0	0	0	0	733	31	2	40	2	2	146	130	16	0	0	40	[1C 1D]	2	6
55	123456950	19	5	8	87	6	0	2	17	0	0	0	0	0	0	0	0	733	31	2	40	2	2	146	130	16	0	0	41	[1C 1D]	2	6
56	123456950	19	4	8	88	6	0	2	17	0	0	0	0	0	0	0	0	733	31	2	40	2	2	146	130	16	0	0	41	[1C 1D]	2	6
57	123456950	22	1	5	102	3	1	6	4	0	0	0	0	0	0	0	0	811	33	2	43	2	2	146	138	8	0	0	41	[1A]	1	6
58	123456950	20	3	5	102	3	1	5	5	0	0	0	0	0	0	0	0	811	33	2	43	2	2	146	138	8	0	0	42	[1A]	1	5
59	123456950	20	2	5	103	3	0	6	5	0	0	0	0	0	0	0	0	811	33	2	43	2	2	146	138	8	0	0	42	[1A]	1	5
60	123456950	20	2	3	105	3	0	6	5	0	0	0	0	0	0	0	0	811	33	2	43	2	2	146	138	8	0	0	42	[1A]	1	5
