day	seedRun	susceptible	exposed	infected	removed	susceptible-in-quarantine	exposed-in-quarantine	infected-in-quarantine	removed-in-quarantine	susceptible-in-quarantine-external-1	exposed-in-quarantine-external-1	infected-in-quarantine-external-1	removed-in-quarantine-external-1	susceptible-in-quarantine-external-2	exposed-in-quarantine-external-2	infected-in-quarantine-external-2	removed-in-quarantine-external-2	num-of-screened-students	num-of-screened-students-external-1	num-of-screened-students-external-2	num-of-positive-students	num-of-positive-students-external-1	num-of-positive-students-external-2	num-vaccinated-susceptible	num-vaccinated-exposed	num-vaccinated-infected	num-vaccinated-removed	num-infected-outside	classroom-in-quarantine	num-of-classroom-in-quarantine	classroom-with-at-least-one-infected
0	123456927	240	0	0	0	0	0	0	0	0	0	0	0	0	0	0	0	0	0	0	0	0	0	0	0	0	50	0	[]	0	0
1	123456927	240	0	0	0	0	0	0	0	0	0	0	0	0	0	0	0	0	1	0	0	0	0	0	0	0	50	0	[]	0	0
2	123456927	240	0	0	0	0	0	0	0	0	0	0	0	0	0	0	0	0	1	0	0	0	0	0	0	0	50	0	[]	0	0
3	123456927	240	0	0	0	0	0	0	0	0	0	0	0	0	0	0	0	12	2	0	0	0	0	0	0	0	50	0	[]	0	0
4	123456927	240	0	0	0	0	0	0	0	0	0	0	0	0	0	0	0	12	2	0	0	0	0	0	0	0	50	0	[]	0	0
5	123456927	240	0	0	0	0	0	0	0	0	0	0	0	0	0	0	0	12	2	0	0	0	0	0	0	0	50	0	[]	0	0
6	123456927	240	0	0	0	0	0	0	0	0	0	0	0	0	0	0	0	12	4	0	0	0	0	0	0	0	50	0	[]	0	0
7	123456927	239	1	0	0	0	0	0	0	0	0	0	0	0	0	0	0	12	6	0	0	0	0	0	0	0	50	1	[]	0	0
8	123456927	239	0	1	0	0	0	0	0	0	0	0	0	0	0	0	0	12	6	0	0	0	0	0	0	0	50	1	[]	0	1
9	123456927	236	3	1	0	0	0	0	0	0	0	0	0	0	0	0	0	12	6	0	0	0	0	0	0	0	50	2	[]	0	1
10	123456927	236	3	1	0	0	0	0	0	0	0	0	0	0	0	0	0	24	7	0	0	0	0	0	0	0	50	2	[]	0	1
11	123456927	236	3	1	0	0	0	0	0	0	0	0	0	0	0	0	0	24	9	0	0	0	0	0	0	0	50	2	[]	0	1
12	123456927	233	5	2	0	0	0	0	0	0	0	0	0	0	0	0	0	24	9	0	0	0	0	0	0	0	50	2	[]	0	1
13	123456927	232	4	4	0	0	0	0	0	0	0	0	0	0	0	0	0	24	9	0	0	0	0	0	0	0	50	3	[]	0	2
14	123456927	217	1	2	0	0	0	0	0	0	0	0	0	14	2	4	0	24	10	1	0	0	1	0	0	0	50	4	[3A]	1	3
15	123456927	216	2	2	0	0	0	0	0	0	0	0	0	14	2	4	0	24	10	1	0	0	1	0	0	0	50	4	[3A]	1	3
16	123456927	213	4	3	0	0	0	0	0	0	0	0	0	14	1	2	3	24	10	1	0	0	1	0	0	0	50	5	[3A]	1	4
17	123456927	209	8	3	0	0	0	0	0	0	0	0	0	14	1	2	3	35	10	1	0	0	1	0	0	0	50	5	[3A]	1	4
18	123456927	207	9	2	2	0	0	0	0	0	0	0	0	14	0	3	3	35	10	1	0	0	1	0	0	0	50	5	[3A]	1	3
19	123456927	200	11	6	3	0	0	0	0	0	0	0	0	14	0	2	4	35	10	1	0	0	1	0	0	0	50	5	[3A]	1	4
20	123456927	200	8	9	3	0	0	0	0	0	0	0	0	14	0	2	4	35	10	1	0	0	1	0	0	0	50	5	[3A]	1	4
21	123456927	199	7	8	6	0	0	0	0	0	0	0	0	14	0	2	4	35	10	1	0	0	1	0	0	0	50	6	[3A]	1	5
22	123456927	189	15	10	6	0	0	0	0	0	0	0	0	14	0	1	5	35	10	1	0	0	1	0	0	0	50	6	[3A]	1	5
23	123456927	182	18	13	7	0	0	0	0	0	0	0	0	14	0	1	5	35	10	1	0	0	1	0	0	0	50	6	[3A]	1	5
24	123456927	166	17	13	4	9	3	4	4	0	0	0	0	14	0	1	5	46	12	1	1	0	1	0	0	0	50	6	[3A 2A]	2	5
25	123456927	161	20	13	6	9	2	5	4	0	0	0	0	14	0	1	5	46	13	1	1	0	1	0	0	0	50	6	[3A 2A]	2	5
26	123456927	158	18	16	8	9	1	4	6	0	0	0	0	14	0	0	6	46	13	1	1	0	1	0	0	0	50	6	[3A 2A]	2	4
27	123456927	158	12	21	9	9	0	4	7	0	0	0	0	14	0	0	6	46	15	1	1	0	1	0	0	0	50	6	[3A 2A]	2	4
28	123456927	172	10	20	18	9	0	4	7	0	0	0	0	0	0	0	0	46	15	1	1	0	1	0	0	0	50	6	[2A]	1	4
29	123456927	169	8	23	20	9	0	3	8	0	0	0	0	0	0	0	0	46	15	1	1	0	1	0	0	0	50	6	[2A]	1	4
30	123456927	168	5	22	25	9	0	2	9	0	0	0	0	0	0	0	0	46	16	1	1	0	1	0	0	0	50	6	[2A]	1	5
31	123456927	136	5	9	10	37	2	15	26	0	0	0	0	0	0	0	0	57	20	1	4	0	1	0	0	0	50	6	[2A 2D 3C 3D]	4	5
32	123456927	136	3	10	11	37	1	15	27	0	0	0	0	0	0	0	0	57	20	1	4	0	1	0	0	0	50	6	[2A 2D 3C 3D]	4	6
33	123456927	136	2	10	12	37	0	14	29	0	0	0	0	0	0	0	0	57	22	1	4	0	1	0	0	0	50	6	[2A 2D 3C 3D]	4	6
34	123456927	136	2	9	13	37	0	11	32	0	0	0	0	0	0	0	0	57	24	1	4	0	1	0	0	0	50	6	[2A 2D 3C 3D]	4	6
35	123456927	136	2	7	15	37	0	10	33	0	0	0	0	0	0	0	0	57	24	1	4	0	1	0	0	0	50	6	[2A 2D 3C 3D]	4	6
