day	seedRun	susceptible	exposed	infected	removed	susceptible-in-quarantine	exposed-in-quarantine	infected-in-quarantine	removed-in-quarantine	susceptible-in-quarantine-external-1	exposed-in-quarantine-external-1	infected-in-quarantine-external-1	removed-in-quarantine-external-1	susceptible-in-quarantine-external-2	exposed-in-quarantine-external-2	infected-in-quarantine-external-2	removed-in-quarantine-external-2	num-of-screened-agents	num-of-screened-agents-external-1	num-of-screened-agents-external-2	num-of-positive-agents	num-of-positive-agents-external-1	num-of-positive-agents-external-2	num-vaccinated-susceptible	num-vaccinated-exposed	num-vaccinated-infected	num-vaccinated-removed	num-vaccinated-susceptible-in-quarantine	num-vaccinated-exposed-in-quarantine	num-vaccinated-infected-in-quarantine	num-vaccinated-removed-in-quarantine	num-vaccinated-susceptible-in-quarantine-external-1	num-vaccinated-exposed-in-quarantine-external-1	num-vaccinated-infected-in-quarantine-external-1	num-vaccinated-removed-in-quarantine-external-1	num-vaccinated-susceptible-in-quarantine-external-2	num-vaccinated-exposed-in-quarantine-external-2	num-vaccinated-infected-in-quarantine-external-2	num-vaccinated-removed-in-quarantine-external-2	num-infected-outside	classroom-in-quarantine	num-of-classroom-in-quarantine	classroom-with-at-least-one-infected
0	123457067	72	0	0	0	0	0	0	0	0	0	0	0	0	0	0	0	0	0	0	0	0	0	0	0	0	218	0	0	0	0	0	0	0	0	0	0	0	0	0	[]	0	0
1	123457067	71	1	0	0	0	0	0	0	0	0	0	0	0	0	0	0	0	0	0	0	0	0	0	0	0	218	0	0	0	0	0	0	0	0	0	0	0	0	1	[]	0	0
2	123457067	64	7	1	0	0	0	0	0	0	0	0	0	0	0	0	0	0	0	0	0	0	0	0	0	0	218	0	0	0	0	0	0	0	0	0	0	0	0	7	[]	0	1
3	123457067	61	8	3	0	0	0	0	0	0	0	0	0	0	0	0	0	0	0	0	0	0	0	0	0	0	218	0	0	0	0	0	0	0	0	0	0	0	0	9	[]	0	3
4	123457067	47	17	8	0	0	0	0	0	0	0	0	0	0	0	0	0	0	0	0	0	0	0	0	0	0	218	0	0	0	0	0	0	0	0	0	0	0	0	17	[]	0	7
5	123457067	46	16	6	3	0	0	0	0	0	0	0	0	0	0	1	0	19	0	1	0	0	1	0	0	0	218	0	0	0	0	0	0	0	0	0	0	0	0	18	[]	0	6
6	123457067	46	8	14	3	0	0	0	0	0	0	0	0	0	0	1	0	19	0	1	0	0	1	0	0	0	218	0	0	0	0	0	0	0	0	0	0	0	0	18	[]	0	10
7	123457067	43	8	14	6	0	0	0	0	0	0	0	0	0	0	1	0	19	1	1	0	0	1	0	0	0	218	0	0	0	0	0	0	0	0	0	0	0	0	21	[]	0	8
8	123457067	40	7	15	9	0	0	0	0	0	0	0	0	0	0	1	0	19	2	1	0	0	1	0	0	0	218	0	0	0	0	0	0	0	0	0	0	0	0	23	[]	0	7
9	123457067	31	7	17	10	4	0	1	0	0	0	0	0	0	0	2	0	38	2	2	1	0	2	0	0	0	204	0	0	0	14	0	0	0	0	0	0	0	0	23	[2A]	1	8
10	123457067	25	8	16	11	6	2	1	1	0	0	0	0	0	0	2	0	57	5	2	2	0	2	0	0	0	190	0	0	0	28	0	0	0	0	0	0	0	0	26	[2A 1C]	2	8
11	123457067	24	8	14	14	6	1	2	1	0	0	0	0	0	0	2	0	57	6	2	2	0	2	0	0	0	190	0	0	0	28	0	0	0	0	0	0	0	0	27	[2A 1C]	2	9
12	123457067	20	11	15	14	6	1	2	1	0	0	0	0	0	0	2	0	57	6	2	2	0	2	0	0	0	190	0	0	0	28	0	0	0	0	0	0	0	0	28	[2A 1C]	2	9
13	123457067	17	10	14	13	7	1	3	4	0	0	1	0	0	0	2	0	76	8	2	3	1	2	0	0	0	176	0	0	0	42	0	0	0	0	0	0	0	0	30	[2A 1C 1D]	3	10
14	123457067	17	8	14	15	7	1	3	4	0	0	1	0	0	0	2	0	76	9	2	3	1	2	0	0	0	176	0	0	0	42	0	0	0	0	0	0	0	0	30	[2A 1C 1D]	3	10
15	123457067	13	8	12	15	8	1	4	7	0	0	1	0	0	0	2	1	95	10	3	5	1	3	0	0	0	162	0	0	0	56	0	0	0	0	0	0	0	0	31	[2A 1C 1D 1A]	4	10
16	123457067	12	7	13	16	8	1	3	8	0	0	1	0	0	0	2	1	95	10	3	5	1	3	0	0	0	162	0	0	0	56	0	0	0	0	0	0	0	0	31	[2A 1C 1D 1A]	4	9
17	123457067	11	5	14	18	8	0	4	8	0	0	1	0	0	0	0	3	95	10	3	5	1	3	0	0	0	162	0	0	0	56	0	0	0	0	0	0	0	0	31	[2A 1C 1D 1A]	4	9
18	123457067	10	3	16	19	8	0	3	9	0	0	1	0	0	0	0	3	95	10	3	5	1	3	0	0	0	162	0	0	0	56	0	0	0	0	0	0	0	0	32	[2A 1C 1D 1A]	4	9
19	123457067	9	4	15	20	8	0	3	9	0	0	1	0	0	0	0	3	95	11	3	5	1	3	0	0	0	162	0	0	0	56	0	0	0	0	0	0	0	0	32	[2A 1C 1D 1A]	4	9
20	123457067	8	4	12	24	8	0	2	10	0	0	1	0	0	0	0	3	95	12	3	5	1	3	0	0	0	162	0	0	0	56	0	0	0	0	0	0	0	0	33	[2A 1C 1D 1A]	4	9
21	123457067	7	5	11	25	8	0	2	10	0	0	1	0	0	0	0	3	95	13	3	5	1	3	0	0	0	162	0	0	0	56	0	0	0	0	0	0	0	0	34	[2A 1C 1D 1A]	4	9
22	123457067	6	4	12	26	8	0	2	10	0	0	1	0	0	0	0	3	95	13	3	5	1	3	0	0	0	162	0	0	0	56	0	0	0	0	0	0	0	0	35	[2A 1C 1D 1A]	4	8
23	123457067	9	5	9	31	4	0	2	9	0	0	1	0	0	0	0	2	95	14	3	5	1	3	0	0	0	176	0	0	0	42	0	0	0	0	0	0	0	0	36	[1C 1D 1A]	3	7
24	123457067	11	5	7	37	2	0	0	8	0	0	0	1	0	0	0	1	95	15	3	5	1	3	0	0	0	190	0	0	0	28	0	0	0	0	0	0	0	0	36	[1D 1A]	2	4
25	123457067	10	5	7	38	2	0	0	8	0	0	0	1	0	0	0	1	95	17	3	5	1	3	0	0	0	190	0	0	0	28	0	0	0	0	0	0	0	0	37	[1D 1A]	2	4
26	123457067	10	2	9	39	2	0	0	8	0	0	0	1	0	0	0	1	95	18	3	5	1	3	0	0	0	190	0	0	0	28	0	0	0	0	0	0	0	0	37	[1D 1A]	2	5
27	123457067	9	3	8	46	1	0	0	4	0	0	0	0	0	0	0	1	95	19	3	5	1	3	0	0	0	204	0	0	0	14	0	0	0	0	0	0	0	0	39	[1A]	1	5
28	123457067	8	4	7	47	1	0	0	4	0	0	0	0	0	0	0	1	95	20	3	5	1	3	0	0	0	204	0	0	0	14	0	0	0	0	0	0	0	0	40	[1A]	1	5
29	123457067	9	4	6	53	0	0	0	0	0	0	0	0	0	0	0	0	95	20	3	5	1	3	0	0	0	218	0	0	0	0	0	0	0	0	0	0	0	0	40	[]	0	4
30	123457067	8	5	6	53	0	0	0	0	0	0	0	0	0	0	0	0	95	21	3	5	1	3	0	0	0	218	0	0	0	0	0	0	0	0	0	0	0	0	40	[]	0	4
31	123457067	6	5	8	53	0	0	0	0	0	0	0	0	0	0	0	0	95	22	3	5	1	3	0	0	0	218	0	0	0	0	0	0	0	0	0	0	0	0	42	[]	0	5
32	123457067	5	6	8	53	0	0	0	0	0	0	0	0	0	0	0	0	95	24	3	5	1	3	0	0	0	218	0	0	0	0	0	0	0	0	0	0	0	0	42	[]	0	5
33	123457067	3	6	8	54	0	0	0	0	0	0	0	0	0	0	1	0	114	26	4	5	1	4	0	0	0	218	0	0	0	0	0	0	0	0	0	0	0	0	44	[]	0	6
34	123457067	3	4	9	55	0	0	0	0	0	0	0	0	0	0	1	0	114	26	4	5	1	4	0	0	0	218	0	0	0	0	0	0	0	0	0	0	0	0	44	[]	0	6
35	123457067	3	2	10	56	0	0	0	0	0	0	0	0	0	0	1	0	114	26	4	5	1	4	0	0	0	218	0	0	0	0	0	0	0	0	0	0	0	0	44	[]	0	6
36	123457067	2	3	8	58	0	0	0	0	0	0	0	0	0	0	1	0	114	26	4	5	1	4	0	0	0	218	0	0	0	0	0	0	0	0	0	0	0	0	45	[]	0	6
37	123457067	2	1	9	59	0	0	0	0	0	0	0	0	0	0	1	0	114	28	4	5	1	4	0	0	0	218	0	0	0	0	0	0	0	0	0	0	0	0	45	[]	0	6
38	123457067	1	2	9	59	0	0	0	0	0	0	0	0	0	0	0	1	133	28	4	5	1	4	0	0	0	218	0	0	0	0	0	0	0	0	0	0	0	0	46	[]	0	5
39	123457067	1	1	10	59	0	0	0	0	0	0	0	0	0	0	0	1	133	28	4	5	1	4	0	0	0	218	0	0	0	0	0	0	0	0	0	0	0	0	46	[]	0	6
40	123457067	1	1	7	62	0	0	0	0	0	0	0	0	0	0	0	1	133	29	4	5	1	4	0	0	0	218	0	0	0	0	0	0	0	0	0	0	0	0	46	[]	0	5
41	123457067	1	1	7	62	0	0	0	0	0	0	0	0	0	0	0	1	133	30	4	5	1	4	0	0	0	218	0	0	0	0	0	0	0	0	0	0	0	0	46	[]	0	5
42	123457067	1	1	7	62	0	0	0	0	0	0	0	0	0	0	0	1	133	31	4	5	1	4	0	0	0	218	0	0	0	0	0	0	0	0	0	0	0	0	46	[]	0	5
43	123457067	1	0	7	63	0	0	0	0	0	0	0	0	0	0	0	1	133	32	4	5	1	4	0	0	0	218	0	0	0	0	0	0	0	0	0	0	0	0	46	[]	0	6
44	123457067	1	0	6	64	0	0	0	0	0	0	0	0	0	0	0	1	133	32	4	5	1	4	0	0	0	218	0	0	0	0	0	0	0	0	0	0	0	0	46	[]	0	6
45	123457067	1	0	4	66	0	0	0	0	0	0	0	0	0	0	0	1	133	32	4	5	1	4	0	0	0	218	0	0	0	0	0	0	0	0	0	0	0	0	46	[]	0	4
46	123457067	1	0	4	66	0	0	0	0	0	0	0	0	0	0	0	1	133	33	4	5	1	4	0	0	0	218	0	0	0	0	0	0	0	0	0	0	0	0	46	[]	0	4
47	123457067	1	0	3	68	0	0	0	0	0	0	0	0	0	0	0	0	133	33	4	5	1	4	0	0	0	218	0	0	0	0	0	0	0	0	0	0	0	0	46	[]	0	3
48	123457067	1	0	3	68	0	0	0	0	0	0	0	0	0	0	0	0	133	33	4	5	1	4	0	0	0	218	0	0	0	0	0	0	0	0	0	0	0	0	46	[]	0	3
49	123457067	1	0	2	69	0	0	0	0	0	0	0	0	0	0	0	0	133	33	4	5	1	4	0	0	0	218	0	0	0	0	0	0	0	0	0	0	0	0	46	[]	0	2
50	123457067	1	0	2	69	0	0	0	0	0	0	0	0	0	0	0	0	133	35	4	5	1	4	0	0	0	218	0	0	0	0	0	0	0	0	0	0	0	0	46	[]	0	2
51	123457067	1	0	2	69	0	0	0	0	0	0	0	0	0	0	0	0	133	36	4	5	1	4	0	0	0	218	0	0	0	0	0	0	0	0	0	0	0	0	46	[]	0	2
52	123457067	1	0	1	70	0	0	0	0	0	0	0	0	0	0	0	0	133	36	4	5	1	4	0	0	0	218	0	0	0	0	0	0	0	0	0	0	0	0	46	[]	0	1
53	123457067	1	0	1	70	0	0	0	0	0	0	0	0	0	0	0	0	133	38	4	5	1	4	0	0	0	218	0	0	0	0	0	0	0	0	0	0	0	0	46	[]	0	1
54	123457067	1	0	1	70	0	0	0	0	0	0	0	0	0	0	0	0	133	39	4	5	1	4	0	0	0	218	0	0	0	0	0	0	0	0	0	0	0	0	46	[]	0	1
55	123457067	1	0	1	70	0	0	0	0	0	0	0	0	0	0	0	0	133	42	4	5	1	4	0	0	0	218	0	0	0	0	0	0	0	0	0	0	0	0	46	[]	0	1
56	123457067	1	0	1	70	0	0	0	0	0	0	0	0	0	0	0	0	133	42	4	5	1	4	0	0	0	218	0	0	0	0	0	0	0	0	0	0	0	0	46	[]	0	1
57	123457067	1	0	1	70	0	0	0	0	0	0	0	0	0	0	0	0	133	43	4	5	1	4	0	0	0	218	0	0	0	0	0	0	0	0	0	0	0	0	46	[]	0	1
58	123457067	1	0	1	70	0	0	0	0	0	0	0	0	0	0	0	0	133	43	4	5	1	4	0	0	0	218	0	0	0	0	0	0	0	0	0	0	0	0	46	[]	0	1
59	123457067	1	0	1	70	0	0	0	0	0	0	0	0	0	0	0	0	133	43	4	5	1	4	0	0	0	218	0	0	0	0	0	0	0	0	0	0	0	0	46	[]	0	1
60	123457067	1	0	1	70	0	0	0	0	0	0	0	0	0	0	0	0	133	44	4	5	1	4	0	0	0	218	0	0	0	0	0	0	0	0	0	0	0	0	46	[]	0	1
