day	seedRun	susceptible	exposed	infected	removed	susceptible-in-quarantine	exposed-in-quarantine	infected-in-quarantine	removed-in-quarantine	susceptible-in-quarantine-external-1	exposed-in-quarantine-external-1	infected-in-quarantine-external-1	removed-in-quarantine-external-1	susceptible-in-quarantine-external-2	exposed-in-quarantine-external-2	infected-in-quarantine-external-2	removed-in-quarantine-external-2	num-of-screened-agents	num-of-screened-agents-external-1	num-of-screened-agents-external-2	num-of-positive-agents	num-of-positive-agents-external-1	num-of-positive-agents-external-2	num-vaccinated-susceptible	num-vaccinated-exposed	num-vaccinated-infected	num-vaccinated-removed	num-vaccinated-susceptible-in-quarantine	num-vaccinated-exposed-in-quarantine	num-vaccinated-infected-in-quarantine	num-vaccinated-removed-in-quarantine	num-vaccinated-susceptible-in-quarantine-external-1	num-vaccinated-exposed-in-quarantine-external-1	num-vaccinated-infected-in-quarantine-external-1	num-vaccinated-removed-in-quarantine-external-1	num-vaccinated-susceptible-in-quarantine-external-2	num-vaccinated-exposed-in-quarantine-external-2	num-vaccinated-infected-in-quarantine-external-2	num-vaccinated-removed-in-quarantine-external-2	num-infected-outside	classroom-in-quarantine	num-of-classroom-in-quarantine	classroom-with-at-least-one-infected
0	123456935	72	0	0	0	0	0	0	0	0	0	0	0	0	0	0	0	0	0	0	0	0	0	0	0	0	218	0	0	0	0	0	0	0	0	0	0	0	0	0	[]	0	0
1	123456935	71	1	0	0	0	0	0	0	0	0	0	0	0	0	0	0	0	0	0	0	0	0	0	0	0	218	0	0	0	0	0	0	0	0	0	0	0	0	1	[]	0	0
2	123456935	68	3	1	0	0	0	0	0	0	0	0	0	0	0	0	0	0	2	0	0	0	0	0	0	0	218	0	0	0	0	0	0	0	0	0	0	0	0	4	[]	0	1
3	123456935	65	6	1	0	0	0	0	0	0	0	0	0	0	0	0	0	0	2	0	0	0	0	0	0	0	218	0	0	0	0	0	0	0	0	0	0	0	0	7	[]	0	1
4	123456935	58	10	4	0	0	0	0	0	0	0	0	0	0	0	0	0	0	4	0	0	0	0	0	0	0	218	0	0	0	0	0	0	0	0	0	0	0	0	12	[]	0	4
5	123456935	52	13	7	0	0	0	0	0	0	0	0	0	0	0	0	0	0	4	0	0	0	0	0	0	0	218	0	0	0	0	0	0	0	0	0	0	0	0	16	[]	0	6
6	123456935	49	13	10	0	0	0	0	0	0	0	0	0	0	0	0	0	0	5	0	0	0	0	0	0	0	218	0	0	0	0	0	0	0	0	0	0	0	0	19	[]	0	7
7	123456935	49	8	13	2	0	0	0	0	0	0	0	0	0	0	0	0	0	5	0	0	0	0	0	0	0	218	0	0	0	0	0	0	0	0	0	0	0	0	19	[]	0	10
8	123456935	46	6	16	4	0	0	0	0	0	0	0	0	0	0	0	0	0	5	0	0	0	0	0	0	0	218	0	0	0	0	0	0	0	0	0	0	0	0	20	[]	0	9
9	123456935	38	9	12	7	2	0	2	1	0	0	0	0	0	0	1	0	19	6	1	2	0	1	0	0	0	204	0	0	0	14	0	0	0	0	0	0	0	0	23	[1A]	1	10
10	123456935	35	10	12	9	2	0	2	1	0	0	0	0	0	0	1	0	19	6	1	2	0	1	0	0	0	204	0	0	0	14	0	0	0	0	0	0	0	0	24	[1A]	1	9
11	123456935	32	9	13	12	2	0	2	1	0	0	0	0	0	0	1	0	19	8	1	2	0	1	0	0	0	204	0	0	0	14	0	0	0	0	0	0	0	0	25	[1A]	1	9
12	123456935	28	12	13	13	2	0	1	2	0	0	0	0	0	0	0	1	19	9	1	2	0	1	0	0	0	204	0	0	0	14	0	0	0	0	0	0	0	0	26	[1A]	1	9
13	123456935	26	11	15	14	2	0	1	2	0	0	0	0	0	0	0	1	19	9	1	2	0	1	0	0	0	204	0	0	0	14	0	0	0	0	0	0	0	0	28	[1A]	1	9
14	123456935	24	10	17	15	2	0	1	2	0	0	0	0	0	0	0	1	19	9	1	2	0	1	0	0	0	204	0	0	0	14	0	0	0	0	0	0	0	0	30	[1A]	1	10
15	123456935	20	12	18	16	2	0	1	2	0	0	0	0	0	0	0	1	19	9	1	2	0	1	0	0	0	204	0	0	0	14	0	0	0	0	0	0	0	0	31	[1A]	1	10
16	123456935	19	10	19	18	2	0	1	2	0	0	0	0	0	0	0	1	19	11	1	2	0	1	0	0	0	204	0	0	0	14	0	0	0	0	0	0	0	0	31	[1A]	1	10
17	123456935	14	13	20	19	2	0	1	2	0	0	0	0	0	0	0	1	19	11	1	2	0	1	0	0	0	204	0	0	0	14	0	0	0	0	0	0	0	0	33	[1A]	1	10
18	123456935	12	13	19	22	2	0	1	2	0	0	0	0	0	0	0	1	19	11	1	2	0	1	0	0	0	204	0	0	0	14	0	0	0	0	0	0	0	0	34	[1A]	1	10
19	123456935	10	13	19	24	2	0	1	2	0	0	0	0	0	0	0	1	19	12	1	2	0	1	0	0	0	204	0	0	0	14	0	0	0	0	0	0	0	0	36	[1A]	1	10
20	123456935	9	13	16	28	2	0	1	2	0	0	0	0	0	0	0	1	19	13	1	2	0	1	0	0	0	204	0	0	0	14	0	0	0	0	0	0	0	0	37	[1A]	1	10
21	123456935	9	9	16	32	2	0	1	2	0	0	0	0	0	0	0	1	19	13	1	2	0	1	0	0	0	204	0	0	0	14	0	0	0	0	0	0	0	0	37	[1A]	1	8
22	123456935	9	8	13	36	2	0	1	2	0	0	0	0	0	0	0	1	19	15	1	2	0	1	0	0	0	204	0	0	0	14	0	0	0	0	0	0	0	0	37	[1A]	1	8
23	123456935	9	7	15	41	0	0	0	0	0	0	0	0	0	0	0	0	19	15	1	2	0	1	0	0	0	218	0	0	0	0	0	0	0	0	0	0	0	0	38	[]	0	9
24	123456935	8	5	12	41	1	0	1	3	0	0	1	0	0	0	0	0	38	16	1	3	1	1	0	0	0	204	0	0	0	14	0	0	0	0	0	0	0	0	38	[1C]	1	8
25	123456935	7	5	10	44	1	0	1	3	0	0	1	0	0	0	0	0	38	17	1	3	1	1	0	0	0	204	0	0	0	14	0	0	0	0	0	0	0	0	38	[1C]	1	7
26	123456935	6	5	11	44	1	0	1	3	0	0	1	0	0	0	0	0	38	18	1	3	1	1	0	0	0	204	0	0	0	14	0	0	0	0	0	0	0	0	39	[1C]	1	7
27	123456935	6	3	12	45	1	0	1	3	0	0	1	0	0	0	0	0	38	19	1	3	1	1	0	0	0	204	0	0	0	14	0	0	0	0	0	0	0	0	39	[1C]	1	8
28	123456935	5	4	9	48	1	0	0	4	0	0	1	0	0	0	0	0	38	19	1	3	1	1	0	0	0	204	0	0	0	14	0	0	0	0	0	0	0	0	40	[1C]	1	7
29	123456935	5	4	8	49	1	0	0	4	0	0	1	0	0	0	0	0	38	20	1	3	1	1	0	0	0	204	0	0	0	14	0	0	0	0	0	0	0	0	40	[1C]	1	7
30	123456935	5	4	7	50	1	0	0	4	0	0	1	0	0	0	0	0	38	21	1	3	1	1	0	0	0	204	0	0	0	14	0	0	0	0	0	0	0	0	40	[1C]	1	6
31	123456935	4	5	6	51	1	0	0	4	0	0	1	0	0	0	0	0	38	21	1	3	1	1	0	0	0	204	0	0	0	14	0	0	0	0	0	0	0	0	41	[1C]	1	5
32	123456935	4	5	5	52	1	0	0	4	0	0	1	0	0	0	0	0	38	24	1	3	1	1	0	0	0	204	0	0	0	14	0	0	0	0	0	0	0	0	41	[1C]	1	4
33	123456935	4	4	5	53	1	0	0	4	0	0	1	0	0	0	0	0	38	25	1	3	1	1	0	0	0	204	0	0	0	14	0	0	0	0	0	0	0	0	41	[1C]	1	5
34	123456935	2	5	5	54	1	0	0	4	0	0	1	0	0	0	0	0	38	25	1	3	1	1	0	0	0	204	0	0	0	14	0	0	0	0	0	0	0	0	43	[1C]	1	6
35	123456935	2	2	8	54	1	0	0	4	0	0	0	1	0	0	0	0	38	26	1	3	1	1	0	0	0	204	0	0	0	14	0	0	0	0	0	0	0	0	43	[1C]	1	7
36	123456935	2	2	7	55	1	0	0	4	0	0	0	1	0	0	0	0	38	26	1	3	1	1	0	0	0	204	0	0	0	14	0	0	0	0	0	0	0	0	43	[1C]	1	7
37	123456935	2	1	7	56	1	0	0	4	0	0	0	1	0	0	0	0	38	26	1	3	1	1	0	0	0	204	0	0	0	14	0	0	0	0	0	0	0	0	43	[1C]	1	7
38	123456935	3	1	7	61	0	0	0	0	0	0	0	0	0	0	0	0	38	28	1	3	1	1	0	0	0	218	0	0	0	0	0	0	0	0	0	0	0	0	43	[]	0	7
39	123456935	3	1	5	63	0	0	0	0	0	0	0	0	0	0	0	0	38	28	1	3	1	1	0	0	0	218	0	0	0	0	0	0	0	0	0	0	0	0	43	[]	0	5
40	123456935	3	1	5	63	0	0	0	0	0	0	0	0	0	0	0	0	38	28	1	3	1	1	0	0	0	218	0	0	0	0	0	0	0	0	0	0	0	0	43	[]	0	5
41	123456935	2	1	5	64	0	0	0	0	0	0	0	0	0	0	0	0	38	28	1	3	1	1	0	0	0	218	0	0	0	0	0	0	0	0	0	0	0	0	44	[]	0	4
42	123456935	2	1	5	64	0	0	0	0	0	0	0	0	0	0	0	0	38	29	1	3	1	1	0	0	0	218	0	0	0	0	0	0	0	0	0	0	0	0	44	[]	0	4
43	123456935	2	1	5	64	0	0	0	0	0	0	0	0	0	0	0	0	38	29	1	3	1	1	0	0	0	218	0	0	0	0	0	0	0	0	0	0	0	0	44	[]	0	4
44	123456935	2	0	6	64	0	0	0	0	0	0	0	0	0	0	0	0	38	29	1	3	1	1	0	0	0	218	0	0	0	0	0	0	0	0	0	0	0	0	44	[]	0	5
45	123456935	2	0	6	64	0	0	0	0	0	0	0	0	0	0	0	0	38	31	1	3	1	1	0	0	0	218	0	0	0	0	0	0	0	0	0	0	0	0	44	[]	0	5
46	123456935	2	0	6	64	0	0	0	0	0	0	0	0	0	0	0	0	38	31	1	3	1	1	0	0	0	218	0	0	0	0	0	0	0	0	0	0	0	0	44	[]	0	5
47	123456935	2	0	6	64	0	0	0	0	0	0	0	0	0	0	0	0	38	32	1	3	1	1	0	0	0	218	0	0	0	0	0	0	0	0	0	0	0	0	44	[]	0	5
48	123456935	2	0	4	66	0	0	0	0	0	0	0	0	0	0	0	0	38	32	1	3	1	1	0	0	0	218	0	0	0	0	0	0	0	0	0	0	0	0	44	[]	0	4
49	123456935	2	0	3	67	0	0	0	0	0	0	0	0	0	0	0	0	38	34	1	3	1	1	0	0	0	218	0	0	0	0	0	0	0	0	0	0	0	0	44	[]	0	3
50	123456935	2	0	3	67	0	0	0	0	0	0	0	0	0	0	0	0	38	36	1	3	1	1	0	0	0	218	0	0	0	0	0	0	0	0	0	0	0	0	44	[]	0	3
51	123456935	2	0	3	67	0	0	0	0	0	0	0	0	0	0	0	0	38	38	1	3	1	1	0	0	0	218	0	0	0	0	0	0	0	0	0	0	0	0	44	[]	0	3
52	123456935	2	0	3	67	0	0	0	0	0	0	0	0	0	0	0	0	38	42	1	3	1	1	0	0	0	218	0	0	0	0	0	0	0	0	0	0	0	0	44	[]	0	3
53	123456935	2	0	3	67	0	0	0	0	0	0	0	0	0	0	0	0	38	42	1	3	1	1	0	0	0	218	0	0	0	0	0	0	0	0	0	0	0	0	44	[]	0	3
54	123456935	2	0	2	68	0	0	0	0	0	0	0	0	0	0	0	0	38	42	1	3	1	1	0	0	0	218	0	0	0	0	0	0	0	0	0	0	0	0	44	[]	0	2
55	123456935	2	0	2	68	0	0	0	0	0	0	0	0	0	0	0	0	38	44	1	3	1	1	0	0	0	218	0	0	0	0	0	0	0	0	0	0	0	0	44	[]	0	2
56	123456935	1	1	2	68	0	0	0	0	0	0	0	0	0	0	0	0	38	45	1	3	1	1	0	0	0	218	0	0	0	0	0	0	0	0	0	0	0	0	45	[]	0	2
57	123456935	1	1	2	68	0	0	0	0	0	0	0	0	0	0	0	0	38	46	1	3	1	1	0	0	0	218	0	0	0	0	0	0	0	0	0	0	0	0	45	[]	0	2
58	123456935	1	1	2	68	0	0	0	0	0	0	0	0	0	0	0	0	38	46	1	3	1	1	0	0	0	218	0	0	0	0	0	0	0	0	0	0	0	0	45	[]	0	2
59	123456935	1	1	2	68	0	0	0	0	0	0	0	0	0	0	0	0	38	46	1	3	1	1	0	0	0	218	0	0	0	0	0	0	0	0	0	0	0	0	45	[]	0	2
60	123456935	1	0	2	69	0	0	0	0	0	0	0	0	0	0	0	0	38	46	1	3	1	1	0	0	0	218	0	0	0	0	0	0	0	0	0	0	0	0	45	[]	0	2
