day	seedRun	susceptible	exposed	infected	removed	susceptible-in-quarantine	exposed-in-quarantine	infected-in-quarantine	removed-in-quarantine	susceptible-in-quarantine-external-1	exposed-in-quarantine-external-1	infected-in-quarantine-external-1	removed-in-quarantine-external-1	susceptible-in-quarantine-external-2	exposed-in-quarantine-external-2	infected-in-quarantine-external-2	removed-in-quarantine-external-2	num-of-screened-agents	num-of-screened-agents-external-1	num-of-screened-agents-external-2	num-of-positive-agents	num-of-positive-agents-external-1	num-of-positive-agents-external-2	num-vaccinated-susceptible	num-vaccinated-exposed	num-vaccinated-infected	num-vaccinated-removed	num-vaccinated-susceptible-in-quarantine	num-vaccinated-exposed-in-quarantine	num-vaccinated-infected-in-quarantine	num-vaccinated-removed-in-quarantine	num-vaccinated-susceptible-in-quarantine-external-1	num-vaccinated-exposed-in-quarantine-external-1	num-vaccinated-infected-in-quarantine-external-1	num-vaccinated-removed-in-quarantine-external-1	num-vaccinated-susceptible-in-quarantine-external-2	num-vaccinated-exposed-in-quarantine-external-2	num-vaccinated-infected-in-quarantine-external-2	num-vaccinated-removed-in-quarantine-external-2	num-infected-outside	classroom-in-quarantine	num-of-classroom-in-quarantine	classroom-with-at-least-one-infected
0	123456881	240	0	0	0	0	0	0	0	0	0	0	0	0	0	0	0	0	0	0	0	0	0	50	0	0	0	0	0	0	0	0	0	0	0	0	0	0	0	0	[]	0	0
1	123456881	240	0	0	0	0	0	0	0	0	0	0	0	0	0	0	0	60	1	0	0	0	0	50	0	0	0	0	0	0	0	0	0	0	0	0	0	0	0	0	[]	0	0
2	123456881	239	1	0	0	0	0	0	0	0	0	0	0	0	0	0	0	60	2	0	0	0	0	50	0	0	0	0	0	0	0	0	0	0	0	0	0	0	0	1	[]	0	0
3	123456881	239	1	0	0	0	0	0	0	0	0	0	0	0	0	0	0	60	4	0	0	0	0	50	0	0	0	0	0	0	0	0	0	0	0	0	0	0	0	1	[]	0	0
4	123456881	239	1	0	0	0	0	0	0	0	0	0	0	0	0	0	0	60	5	0	0	0	0	50	0	0	0	0	0	0	0	0	0	0	0	0	0	0	0	1	[]	0	0
5	123456881	239	1	0	0	0	0	0	0	0	0	0	0	0	0	0	0	60	6	0	0	0	0	50	0	0	0	0	0	0	0	0	0	0	0	0	0	0	0	1	[]	0	0
6	123456881	238	2	0	0	0	0	0	0	0	0	0	0	0	0	0	0	60	7	0	0	0	0	50	0	0	0	0	0	0	0	0	0	0	0	0	0	0	0	2	[]	0	0
7	123456881	238	1	1	0	0	0	0	0	0	0	0	0	0	0	0	0	60	8	0	0	0	0	50	0	0	0	0	0	0	0	0	0	0	0	0	0	0	0	2	[]	0	1
8	123456881	238	1	0	0	0	0	1	0	0	0	0	0	0	0	0	0	139	9	0	1	0	0	50	0	0	0	0	0	0	0	0	0	0	0	0	0	0	0	2	[]	0	1
9	123456881	238	1	0	0	0	0	1	0	0	0	0	0	0	0	0	0	139	9	0	1	0	0	50	0	0	0	0	0	0	0	0	0	0	0	0	0	0	0	2	[]	0	1
10	123456881	238	1	0	0	0	0	1	0	0	0	0	0	0	0	0	0	139	10	0	1	0	0	50	0	0	0	0	0	0	0	0	0	0	0	0	0	0	0	2	[]	0	1
11	123456881	232	6	1	0	0	0	1	0	0	0	0	0	0	0	0	0	139	10	0	1	0	0	50	0	0	0	0	0	0	0	0	0	0	0	0	0	0	0	4	[]	0	2
12	123456881	226	10	3	0	0	0	1	0	0	0	0	0	0	0	0	0	139	12	0	1	0	0	50	0	0	0	0	0	0	0	0	0	0	0	0	0	0	0	4	[]	0	2
13	123456881	225	10	3	1	0	0	1	0	0	0	0	0	0	0	0	0	158	14	0	1	0	0	50	0	0	0	0	0	0	0	0	0	0	0	0	0	0	0	5	[]	0	2
14	123456881	225	7	6	1	0	0	1	0	0	0	0	0	0	0	0	0	158	14	0	1	0	0	50	0	0	0	0	0	0	0	0	0	0	0	0	0	0	0	5	[]	0	2
15	123456881	198	2	0	0	27	4	7	2	0	0	0	0	0	0	0	0	217	15	0	4	0	0	50	0	0	0	0	0	0	0	0	0	0	0	0	0	0	0	5	[3C 3D]	2	2
16	123456881	198	2	0	0	27	4	7	2	0	0	0	0	0	0	0	0	217	15	0	4	0	0	50	0	0	0	0	0	0	0	0	0	0	0	0	0	0	0	5	[3C 3D]	2	2
17	123456881	198	2	0	0	27	4	7	2	0	0	0	0	0	0	0	0	217	16	0	4	0	0	50	0	0	0	0	0	0	0	0	0	0	0	0	0	0	0	5	[3C 3D]	2	2
18	123456881	195	3	2	0	27	2	9	2	0	0	0	0	0	0	0	0	217	17	0	4	0	0	50	0	0	0	0	0	0	0	0	0	0	0	0	0	0	0	5	[3C 3D]	2	4
19	123456881	191	6	3	0	27	2	7	4	0	0	0	0	0	0	0	0	217	17	0	4	0	0	50	0	0	0	0	0	0	0	0	0	0	0	0	0	0	0	5	[3C 3D]	2	3
20	123456881	190	6	3	1	27	2	5	6	0	0	0	0	0	0	0	0	217	18	0	4	0	0	50	0	0	0	0	0	0	0	0	0	0	0	0	0	0	0	6	[3C 3D]	2	3
21	123456881	190	4	3	2	27	2	4	7	0	0	0	0	0	0	1	0	236	19	1	4	0	1	50	0	0	0	0	0	0	0	0	0	0	0	0	0	0	0	6	[3C 3D]	2	3
22	123456881	186	7	3	3	27	1	4	8	0	0	0	0	0	0	1	0	286	20	1	4	0	1	50	0	0	0	0	0	0	0	0	0	0	0	0	0	0	0	6	[3C 3D]	2	3
23	123456881	181	10	5	3	27	0	4	9	0	0	0	0	0	0	0	1	286	20	1	4	0	1	50	0	0	0	0	0	0	0	0	0	0	0	0	0	0	0	6	[3C 3D]	2	3
24	123456881	176	13	7	3	27	0	4	9	0	0	0	0	0	0	0	1	286	21	1	4	0	1	50	0	0	0	0	0	0	0	0	0	0	0	0	0	0	0	7	[3C 3D]	2	3
25	123456881	171	16	9	3	27	0	3	10	0	0	0	0	0	0	0	1	286	21	1	4	0	1	50	0	0	0	0	0	0	0	0	0	0	0	0	0	0	0	7	[3C 3D]	2	3
26	123456881	160	10	8	2	36	3	9	11	0	0	0	0	0	0	0	1	305	21	1	6	0	1	50	0	0	0	0	0	0	0	0	0	0	0	0	0	0	0	7	[3C 3D 2D]	3	3
27	123456881	160	9	6	5	36	2	10	11	0	0	0	0	0	0	0	1	305	24	1	6	0	1	50	0	0	0	0	0	0	0	0	0	0	0	0	0	0	0	7	[3C 3D 2D]	3	4
28	123456881	160	8	6	6	36	2	9	12	0	0	0	0	0	0	0	1	305	26	1	6	0	1	50	0	0	0	0	0	0	0	0	0	0	0	0	0	0	0	7	[3C 3D 2D]	3	4
29	123456881	184	1	2	13	11	4	14	10	0	0	0	0	0	0	0	1	360	26	1	9	0	1	50	0	0	0	0	0	0	0	0	0	0	0	0	0	0	0	7	[2D 3A]	2	3
30	123456881	176	8	3	13	11	4	10	14	0	0	0	0	0	0	0	1	360	28	1	9	0	1	49	1	0	0	0	0	0	0	0	0	0	0	0	0	0	0	7	[2D 3A]	2	4
31	123456881	174	8	3	15	11	4	10	14	0	0	0	0	0	0	0	1	360	29	1	9	0	1	49	1	0	0	0	0	0	0	0	0	0	0	0	0	0	0	7	[2D 3A]	2	4
32	123456881	172	8	4	16	11	3	9	16	0	0	0	0	0	0	0	1	360	30	1	9	0	1	49	0	1	0	0	0	0	0	0	0	0	0	0	0	0	0	7	[2D 3A]	2	4
33	123456881	167	12	4	17	11	1	10	17	0	0	0	0	0	0	0	1	360	33	1	9	0	1	49	0	1	0	0	0	0	0	0	0	0	0	0	0	0	0	7	[2D 3A]	2	4
34	123456881	167	10	6	17	11	1	10	17	0	0	0	0	0	0	0	1	360	33	1	9	0	1	49	0	1	0	0	0	0	0	0	0	0	0	0	0	0	0	7	[2D 3A]	2	4
35	123456881	167	7	9	17	11	1	10	17	0	0	0	0	0	0	0	1	360	33	1	9	0	1	49	0	0	1	0	0	0	0	0	0	0	0	0	0	0	0	7	[2D 3A]	2	4
36	123456881	154	7	4	15	20	4	15	20	0	0	0	0	0	0	0	1	410	33	1	11	0	1	49	0	0	1	0	0	0	0	0	0	0	0	0	0	0	0	7	[2D 3A 1D]	3	4
37	123456881	150	11	4	15	20	2	17	20	0	0	0	0	0	0	0	1	410	34	1	11	0	1	49	0	0	1	0	0	0	0	0	0	0	0	0	0	0	0	7	[2D 3A 1D]	3	4
38	123456881	147	11	6	16	20	2	15	22	0	0	0	0	0	0	0	1	410	34	1	11	0	1	49	0	0	1	0	0	0	0	0	0	0	0	0	0	0	0	7	[2D 3A 1D]	3	4
39	123456881	146	10	7	17	20	2	11	26	0	0	0	0	0	0	0	1	410	34	1	11	0	1	48	1	0	1	0	0	0	0	0	0	0	0	0	0	0	0	7	[2D 3A 1D]	3	4
40	123456881	154	7	10	29	11	2	8	19	0	0	0	0	0	0	0	0	410	34	1	11	0	1	47	2	0	1	0	0	0	0	0	0	0	0	0	0	0	0	8	[3A 1D]	2	3
41	123456881	154	7	8	31	11	1	4	24	0	0	0	0	0	0	0	0	410	34	1	11	0	1	47	1	1	1	0	0	0	0	0	0	0	0	0	0	0	0	8	[3A 1D]	2	2
42	123456881	154	4	10	32	11	1	4	24	0	0	0	0	0	0	0	0	410	35	1	11	0	1	46	2	1	1	0	0	0	0	0	0	0	0	0	0	0	0	9	[3A 1D]	2	2
43	123456881	156	2	0	42	9	1	14	16	0	0	0	0	0	0	0	0	465	35	1	15	0	1	46	1	2	1	0	0	0	0	0	0	0	0	0	0	0	0	9	[1D 1A]	2	2
44	123456881	153	4	1	42	9	1	12	18	0	0	0	0	0	0	0	0	465	35	1	15	0	1	46	1	2	1	0	0	0	0	0	0	0	0	0	0	0	0	9	[1D 1A]	2	3
45	123456881	152	5	0	43	9	1	9	21	0	0	0	0	0	0	0	0	465	37	1	15	0	1	46	0	3	1	0	0	0	0	0	0	0	0	0	0	0	0	10	[1D 1A]	2	2
46	123456881	151	5	1	43	9	1	8	22	0	0	0	0	0	0	0	0	465	38	1	15	0	1	46	0	3	1	0	0	0	0	0	0	0	0	0	0	0	0	10	[1D 1A]	2	3
47	123456881	147	7	3	43	9	1	6	24	0	0	0	0	0	0	0	0	465	38	1	15	0	1	45	1	3	1	0	0	0	0	0	0	0	0	0	0	0	0	10	[1D 1A]	2	4
48	123456881	147	3	7	43	9	1	5	25	0	0	0	0	0	0	0	0	465	40	1	15	0	1	45	1	3	1	0	0	0	0	0	0	0	0	0	0	0	0	10	[1D 1A]	2	5
49	123456881	147	1	7	45	9	0	5	26	0	0	0	0	0	0	0	0	465	41	1	15	0	1	45	1	3	1	0	0	0	0	0	0	0	0	0	0	0	0	10	[1D 1A]	2	5
50	123456881	151	6	4	58	0	0	4	17	0	0	0	0	0	0	0	0	539	43	1	16	0	1	45	1	3	1	0	0	0	0	0	0	0	0	0	0	0	0	10	[1A]	1	4
51	123456881	142	12	7	58	0	0	4	17	0	0	0	0	0	0	0	0	539	43	1	16	0	1	45	1	3	1	0	0	0	0	0	0	0	0	0	0	0	0	10	[1A]	1	4
52	123456881	134	16	10	59	0	0	3	18	0	0	0	0	0	0	0	0	539	43	1	16	0	1	45	1	3	1	0	0	0	0	0	0	0	0	0	0	0	0	10	[1A]	1	4
53	123456881	130	19	8	62	0	0	3	18	0	0	0	0	0	0	0	0	539	43	1	16	0	1	45	1	2	2	0	0	0	0	0	0	0	0	0	0	0	0	10	[1A]	1	4
54	123456881	125	10	4	60	2	5	11	22	0	0	1	0	0	0	0	0	558	44	1	24	1	1	45	1	2	2	0	0	0	0	0	0	0	0	0	0	0	0	10	[1A 1B]	2	4
55	123456881	125	7	6	61	2	3	12	23	0	0	1	0	0	0	0	0	577	45	1	24	1	1	45	0	3	2	0	0	0	0	0	0	0	0	0	0	0	0	10	[1A 1B]	2	4
56	123456881	125	5	7	62	2	1	14	23	0	0	1	0	0	0	0	0	577	45	1	24	1	1	45	0	3	2	0	0	0	0	0	0	0	0	0	0	0	0	10	[1A 1B]	2	5
57	123456881	118	5	1	73	4	3	17	18	0	0	1	0	0	0	0	0	688	45	1	32	1	1	44	1	2	3	0	0	0	0	0	0	0	0	0	0	0	0	10	[1B 3C]	2	6
58	123456881	116	5	3	73	4	2	15	21	0	0	0	1	0	0	0	0	688	46	1	32	1	1	44	1	1	4	0	0	0	0	0	0	0	0	0	0	0	0	10	[1B 3C]	2	6
59	123456881	108	11	5	73	4	1	13	24	0	0	0	1	0	0	0	0	688	46	1	32	1	1	43	2	1	4	0	0	0	0	0	0	0	0	0	0	0	0	10	[1B 3C]	2	5
60	123456881	104	11	9	73	4	0	11	27	0	0	0	1	0	0	0	0	688	46	1	32	1	1	43	2	0	5	0	0	0	0	0	0	0	0	0	0	0	0	10	[1B 3C]	2	4
