day	seedRun	susceptible	exposed	infected	removed	susceptible-in-quarantine	exposed-in-quarantine	infected-in-quarantine	removed-in-quarantine	susceptible-in-quarantine-external-1	exposed-in-quarantine-external-1	infected-in-quarantine-external-1	removed-in-quarantine-external-1	susceptible-in-quarantine-external-2	exposed-in-quarantine-external-2	infected-in-quarantine-external-2	removed-in-quarantine-external-2	num-of-screened-agents	num-of-screened-agents-external-1	num-of-screened-agents-external-2	num-of-positive-agents	num-of-positive-agents-external-1	num-of-positive-agents-external-2	num-vaccinated-susceptible	num-vaccinated-exposed	num-vaccinated-infected	num-vaccinated-removed	num-vaccinated-susceptible-in-quarantine	num-vaccinated-exposed-in-quarantine	num-vaccinated-infected-in-quarantine	num-vaccinated-removed-in-quarantine	num-vaccinated-susceptible-in-quarantine-external-1	num-vaccinated-exposed-in-quarantine-external-1	num-vaccinated-infected-in-quarantine-external-1	num-vaccinated-removed-in-quarantine-external-1	num-vaccinated-susceptible-in-quarantine-external-2	num-vaccinated-exposed-in-quarantine-external-2	num-vaccinated-infected-in-quarantine-external-2	num-vaccinated-removed-in-quarantine-external-2	num-infected-outside	classroom-in-quarantine	num-of-classroom-in-quarantine	classroom-with-at-least-one-infected
0	123456854	240	0	0	0	0	0	0	0	0	0	0	0	0	0	0	0	0	0	0	0	0	0	50	0	0	0	0	0	0	0	0	0	0	0	0	0	0	0	0	[]	0	0
1	123456854	240	0	0	0	0	0	0	0	0	0	0	0	0	0	0	0	60	0	0	0	0	0	50	0	0	0	0	0	0	0	0	0	0	0	0	0	0	0	0	[]	0	0
2	123456854	240	0	0	0	0	0	0	0	0	0	0	0	0	0	0	0	60	1	0	0	0	0	49	1	0	0	0	0	0	0	0	0	0	0	0	0	0	0	1	[]	0	0
3	123456854	240	0	0	0	0	0	0	0	0	0	0	0	0	0	0	0	60	1	0	0	0	0	49	1	0	0	0	0	0	0	0	0	0	0	0	0	0	0	1	[]	0	0
4	123456854	240	0	0	0	0	0	0	0	0	0	0	0	0	0	0	0	60	1	0	0	0	0	49	1	0	0	0	0	0	0	0	0	0	0	0	0	0	0	1	[]	0	0
5	123456854	238	2	0	0	0	0	0	0	0	0	0	0	0	0	0	0	60	2	0	0	0	0	49	0	1	0	0	0	0	0	0	0	0	0	0	0	0	0	2	[]	0	0
6	123456854	237	2	1	0	0	0	0	0	0	0	0	0	0	0	0	0	60	3	0	0	0	0	49	0	1	0	0	0	0	0	0	0	0	0	0	0	0	0	3	[]	0	1
7	123456854	237	1	2	0	0	0	0	0	0	0	0	0	0	0	0	0	60	3	0	0	0	0	49	0	1	0	0	0	0	0	0	0	0	0	0	0	0	0	3	[]	0	2
8	123456854	234	4	2	0	0	0	0	0	0	0	0	0	0	0	0	0	120	3	0	0	0	0	49	0	1	0	0	0	0	0	0	0	0	0	0	0	0	0	5	[]	0	2
9	123456854	224	14	2	0	0	0	0	0	0	0	0	0	0	0	0	0	120	3	0	0	0	0	49	0	1	0	0	0	0	0	0	0	0	0	0	0	0	0	6	[]	0	2
10	123456854	220	15	4	1	0	0	0	0	0	0	0	0	0	0	0	0	120	5	0	0	0	0	49	0	1	0	0	0	0	0	0	0	0	0	0	0	0	0	6	[]	0	2
11	123456854	211	19	9	1	0	0	0	0	0	0	0	0	0	0	0	0	120	5	0	0	0	0	48	1	1	0	0	0	0	0	0	0	0	0	0	0	0	0	7	[]	0	3
12	123456854	198	30	10	2	0	0	0	0	0	0	0	0	0	0	0	0	120	6	0	0	0	0	46	3	1	0	0	0	0	0	0	0	0	0	0	0	0	0	7	[]	0	4
13	123456854	197	25	15	3	0	0	0	0	0	0	0	0	0	0	0	0	120	6	0	0	0	0	46	2	2	0	0	0	0	0	0	0	0	0	0	0	0	0	8	[]	0	5
14	123456854	197	20	17	6	0	0	0	0	0	0	0	0	0	0	0	0	120	6	0	0	0	0	46	2	2	0	0	0	0	0	0	0	0	0	0	0	0	0	8	[]	0	7
15	123456854	169	7	2	1	23	14	16	8	0	0	0	0	0	0	0	0	237	8	0	13	0	0	45	1	4	0	0	0	0	0	0	0	0	0	0	0	0	0	9	[1C 2A 3B]	3	6
16	123456854	162	12	4	1	23	8	20	10	0	0	0	0	0	0	0	0	237	8	0	13	0	0	45	1	2	2	0	0	0	0	0	0	0	0	0	0	0	0	9	[1C 2A 3B]	3	7
17	123456854	147	23	8	1	23	4	24	10	0	0	0	0	0	0	0	0	237	8	0	13	0	0	44	1	3	2	0	0	0	0	0	0	0	0	0	0	0	0	9	[1C 2A 3B]	3	8
18	123456854	122	36	19	2	23	3	21	14	0	0	0	0	0	0	0	0	237	8	0	13	0	0	44	1	2	3	0	0	0	0	0	0	0	0	0	0	0	0	9	[1C 2A 3B]	3	8
19	123456854	112	34	28	5	23	2	21	15	0	0	0	0	0	0	0	0	237	8	0	13	0	0	41	3	3	3	0	0	0	0	0	0	0	0	0	0	0	0	9	[1C 2A 3B]	3	8
20	123456854	112	19	42	6	23	2	19	17	0	0	0	0	0	0	0	0	256	9	0	13	0	0	41	1	5	3	0	0	0	0	0	0	0	0	0	0	0	0	9	[1C 2A 3B]	3	10
21	123456854	112	16	41	9	23	0	18	20	0	0	0	0	0	0	1	0	275	10	1	13	0	1	41	1	4	4	0	0	0	0	0	0	0	0	0	0	0	0	9	[1C 2A 3B]	3	9
22	123456854	93	2	1	2	40	10	53	36	0	0	1	0	0	0	2	0	347	11	2	34	1	2	41	1	4	4	0	0	0	0	0	0	0	0	0	0	0	0	9	[1C 2A 3B 1B 2C 1A 3C]	7	9
23	123456854	92	3	1	2	40	8	43	48	0	0	0	1	0	0	2	0	347	11	2	34	1	2	41	1	3	5	0	0	0	0	0	0	0	0	0	0	0	0	9	[1C 2A 3B 1B 2C 1A 3C]	7	9
24	123456854	91	4	1	2	40	3	43	53	0	0	0	1	0	0	2	0	347	12	2	34	1	2	40	1	3	6	0	0	0	0	0	0	0	0	0	0	0	0	9	[1C 2A 3B 1B 2C 1A 3C]	7	9
25	123456854	89	5	1	3	40	3	38	58	0	0	0	1	0	0	2	0	347	12	2	34	1	2	40	0	3	7	0	0	0	0	0	0	0	0	0	0	0	0	9	[1C 2A 3B 1B 2C 1A 3C]	7	9
26	123456854	88	3	4	3	40	3	35	61	0	0	0	1	0	0	2	0	366	12	2	34	1	2	40	0	3	7	0	0	0	0	0	0	0	0	0	0	0	0	9	[1C 2A 3B 1B 2C 1A 3C]	7	9
27	123456854	88	2	3	5	40	2	30	67	0	0	0	1	0	0	2	0	366	13	2	34	1	2	39	1	1	9	0	0	0	0	0	0	0	0	0	0	0	0	10	[1C 2A 3B 1B 2C 1A 3C]	7	9
28	123456854	88	2	3	5	40	0	30	69	0	0	0	1	0	0	2	0	366	14	2	34	1	2	39	1	1	9	0	0	0	0	0	0	0	0	0	0	0	0	10	[1C 2A 3B 1B 2C 1A 3C]	7	9
29	123456854	100	0	0	39	28	2	24	44	0	0	0	1	0	0	2	0	406	15	2	36	1	2	39	1	1	9	0	0	0	0	0	0	0	0	0	0	0	0	10	[1B 2C 1A 3C 3A]	5	6
30	123456854	100	0	0	39	28	2	20	48	0	0	0	1	0	0	2	0	406	16	2	36	1	2	39	0	2	9	0	0	0	0	0	0	0	0	0	0	0	0	10	[1B 2C 1A 3C 3A]	5	6
31	123456854	100	0	0	39	28	0	20	50	0	0	0	1	0	0	2	0	406	16	2	36	1	2	38	1	2	9	0	0	0	0	0	0	0	0	0	0	0	0	11	[1B 2C 1A 3C 3A]	5	6
32	123456854	100	0	0	39	28	0	16	54	0	0	0	1	0	0	2	0	406	16	2	36	1	2	38	1	2	9	0	0	0	0	0	0	0	0	0	0	0	0	11	[1B 2C 1A 3C 3A]	5	6
33	123456854	100	0	0	39	28	0	14	56	0	0	0	1	0	0	2	0	406	16	2	36	1	2	38	1	1	10	0	0	0	0	0	0	0	0	0	0	0	0	11	[1B 2C 1A 3C 3A]	5	6
34	123456854	100	0	0	39	28	0	14	56	0	0	0	1	0	0	2	0	406	17	2	36	1	2	38	0	2	10	0	0	0	0	0	0	0	0	0	0	0	0	11	[1B 2C 1A 3C 3A]	5	6
35	123456854	100	0	0	40	28	0	9	61	0	0	0	1	0	0	1	0	406	17	2	36	1	2	38	0	2	10	0	0	0	0	0	0	0	0	0	0	0	0	11	[1B 2C 1A 3C 3A]	5	5
36	123456854	117	0	0	103	11	0	2	7	0	0	0	0	0	0	0	0	461	17	2	36	1	2	38	0	2	10	0	0	0	0	0	0	0	0	0	0	0	0	11	[3A]	1	1
37	123456854	117	0	0	103	11	0	2	7	0	0	0	0	0	0	0	0	461	17	2	36	1	2	38	0	1	11	0	0	0	0	0	0	0	0	0	0	0	0	11	[3A]	1	1
38	123456854	117	0	0	103	11	0	2	7	0	0	0	0	0	0	0	0	461	18	2	36	1	2	38	0	1	11	0	0	0	0	0	0	0	0	0	0	0	0	11	[3A]	1	1
39	123456854	117	0	0	103	11	0	2	7	0	0	0	0	0	0	0	0	461	18	2	36	1	2	38	0	1	11	0	0	0	0	0	0	0	0	0	0	0	0	11	[3A]	1	1
40	123456854	117	0	0	103	11	0	1	8	0	0	0	0	0	0	0	0	461	19	2	36	1	2	38	0	1	11	0	0	0	0	0	0	0	0	0	0	0	0	11	[3A]	1	1
41	123456854	117	0	0	103	11	0	1	8	0	0	0	0	0	0	0	0	461	20	2	36	1	2	38	0	1	11	0	0	0	0	0	0	0	0	0	0	0	0	11	[3A]	1	1
42	123456854	117	0	0	103	11	0	1	8	0	0	0	0	0	0	0	0	461	22	2	36	1	2	38	0	1	11	0	0	0	0	0	0	0	0	0	0	0	0	11	[3A]	1	1
43	123456854	127	1	0	112	0	0	0	0	0	0	0	0	0	0	0	0	521	23	2	36	1	2	38	0	1	11	0	0	0	0	0	0	0	0	0	0	0	0	12	[]	0	0
44	123456854	126	2	0	112	0	0	0	0	0	0	0	0	0	0	0	0	521	23	2	36	1	2	38	0	1	11	0	0	0	0	0	0	0	0	0	0	0	0	13	[]	0	0
45	123456854	123	4	1	112	0	0	0	0	0	0	0	0	0	0	0	0	521	23	2	36	1	2	37	1	1	11	0	0	0	0	0	0	0	0	0	0	0	0	13	[]	0	1
46	123456854	114	10	4	112	0	0	0	0	0	0	0	0	0	0	0	0	521	24	2	36	1	2	37	0	2	11	0	0	0	0	0	0	0	0	0	0	0	0	14	[]	0	2
47	123456854	107	15	6	112	0	0	0	0	0	0	0	0	0	0	0	0	521	24	2	36	1	2	37	0	2	11	0	0	0	0	0	0	0	0	0	0	0	0	14	[]	0	2
48	123456854	107	9	12	112	0	0	0	0	0	0	0	0	0	0	0	0	521	24	2	36	1	2	37	0	1	12	0	0	0	0	0	0	0	0	0	0	0	0	14	[]	0	2
49	123456854	107	7	9	117	0	0	0	0	0	0	0	0	0	0	0	0	521	24	2	36	1	2	37	0	1	12	0	0	0	0	0	0	0	0	0	0	0	0	14	[]	0	3
50	123456854	102	2	1	114	5	3	9	4	0	0	0	0	0	0	0	0	619	25	2	45	1	2	37	0	1	12	0	0	0	0	0	0	0	0	0	0	0	0	14	[1D]	1	3
51	123456854	101	3	1	114	5	1	10	5	0	0	0	0	0	0	0	0	619	27	2	45	1	2	37	0	0	13	0	0	0	0	0	0	0	0	0	0	0	0	14	[1D]	1	3
52	123456854	100	3	2	114	5	1	10	5	0	0	0	0	0	0	0	0	619	27	2	45	1	2	37	0	0	13	0	0	0	0	0	0	0	0	0	0	0	0	14	[1D]	1	3
53	123456854	93	7	5	114	5	1	8	7	0	0	0	0	0	0	0	0	619	27	2	45	1	2	37	0	0	13	0	0	0	0	0	0	0	0	0	0	0	0	16	[1D]	1	4
54	123456854	89	8	7	115	5	1	6	9	0	0	0	0	0	0	0	0	619	28	2	45	1	2	36	1	0	13	0	0	0	0	0	0	0	0	0	0	0	0	16	[1D]	1	5
55	123456854	85	4	7	104	9	1	9	21	0	0	0	0	0	0	0	0	638	29	2	47	1	2	36	0	1	13	0	0	0	0	0	0	0	0	0	0	0	0	16	[1D 3A]	2	6
56	123456854	85	3	8	104	9	0	10	21	0	0	0	0	0	0	0	0	638	29	2	47	1	2	36	0	0	14	0	0	0	0	0	0	0	0	0	0	0	0	16	[1D 3A]	2	6
57	123456854	76	5	2	95	14	0	16	32	0	0	0	0	0	0	0	0	745	29	2	54	1	2	36	0	0	14	0	0	0	0	0	0	0	0	0	0	0	0	17	[1D 3A 2A]	3	6
58	123456854	71	9	3	95	14	0	15	33	0	0	0	0	0	0	0	0	745	29	2	54	1	2	36	0	0	14	0	0	0	0	0	0	0	0	0	0	0	0	17	[1D 3A 2A]	3	6
59	123456854	70	8	5	95	14	0	13	35	0	0	0	0	0	0	0	0	745	29	2	54	1	2	36	0	0	14	0	0	0	0	0	0	0	0	0	0	0	0	17	[1D 3A 2A]	3	6
60	123456854	67	9	7	95	14	0	11	37	0	0	0	0	0	0	0	0	745	29	2	54	1	2	35	1	0	14	0	0	0	0	0	0	0	0	0	0	0	0	17	[1D 3A 2A]	3	5
