day	seedRun	susceptible	exposed	infected	removed	susceptible-in-quarantine	exposed-in-quarantine	infected-in-quarantine	removed-in-quarantine	susceptible-in-quarantine-external-1	exposed-in-quarantine-external-1	infected-in-quarantine-external-1	removed-in-quarantine-external-1	susceptible-in-quarantine-external-2	exposed-in-quarantine-external-2	infected-in-quarantine-external-2	removed-in-quarantine-external-2	num-of-screened-agents	num-of-screened-agents-external-1	num-of-screened-agents-external-2	num-of-positive-agents	num-of-positive-agents-external-1	num-of-positive-agents-external-2	num-vaccinated-susceptible	num-vaccinated-exposed	num-vaccinated-infected	num-vaccinated-removed	num-vaccinated-susceptible-in-quarantine	num-vaccinated-exposed-in-quarantine	num-vaccinated-infected-in-quarantine	num-vaccinated-removed-in-quarantine	num-vaccinated-susceptible-in-quarantine-external-1	num-vaccinated-exposed-in-quarantine-external-1	num-vaccinated-infected-in-quarantine-external-1	num-vaccinated-removed-in-quarantine-external-1	num-vaccinated-susceptible-in-quarantine-external-2	num-vaccinated-exposed-in-quarantine-external-2	num-vaccinated-infected-in-quarantine-external-2	num-vaccinated-removed-in-quarantine-external-2	num-infected-outside	classroom-in-quarantine	num-of-classroom-in-quarantine	classroom-with-at-least-one-infected
0	123457142	240	0	0	0	0	0	0	0	0	0	0	0	0	0	0	0	0	0	0	0	0	0	50	0	0	0	0	0	0	0	0	0	0	0	0	0	0	0	0	[]	0	0
1	123457142	240	0	0	0	0	0	0	0	0	0	0	0	0	0	0	0	60	0	0	0	0	0	50	0	0	0	0	0	0	0	0	0	0	0	0	0	0	0	0	[]	0	0
2	123457142	239	1	0	0	0	0	0	0	0	0	0	0	0	0	0	0	60	1	0	0	0	0	50	0	0	0	0	0	0	0	0	0	0	0	0	0	0	0	1	[]	0	0
3	123457142	239	1	0	0	0	0	0	0	0	0	0	0	0	0	0	0	60	1	0	0	0	0	50	0	0	0	0	0	0	0	0	0	0	0	0	0	0	0	1	[]	0	0
4	123457142	239	1	0	0	0	0	0	0	0	0	0	0	0	0	0	0	60	1	0	0	0	0	49	1	0	0	0	0	0	0	0	0	0	0	0	0	0	0	2	[]	0	0
5	123457142	235	4	1	0	0	0	0	0	0	0	0	0	0	0	0	0	60	2	0	0	0	0	49	1	0	0	0	0	0	0	0	0	0	0	0	0	0	0	4	[]	0	1
6	123457142	235	2	3	0	0	0	0	0	0	0	0	0	0	0	0	0	60	2	0	0	0	0	49	1	0	0	0	0	0	0	0	0	0	0	0	0	0	0	4	[]	0	2
7	123457142	235	2	2	1	0	0	0	0	0	0	0	0	0	0	0	0	60	2	0	0	0	0	49	1	0	0	0	0	0	0	0	0	0	0	0	0	0	0	4	[]	0	2
8	123457142	230	7	2	1	0	0	0	0	0	0	0	0	0	0	0	0	120	2	0	0	0	0	49	1	0	0	0	0	0	0	0	0	0	0	0	0	0	0	4	[]	0	2
9	123457142	224	9	6	1	0	0	0	0	0	0	0	0	0	0	0	0	120	3	0	0	0	0	46	4	0	0	0	0	0	0	0	0	0	0	0	0	0	0	5	[]	0	2
10	123457142	214	15	9	2	0	0	0	0	0	0	0	0	0	0	0	0	120	3	0	0	0	0	46	3	1	0	0	0	0	0	0	0	0	0	0	0	0	0	5	[]	0	2
11	123457142	206	20	12	2	0	0	0	0	0	0	0	0	0	0	0	0	120	3	0	0	0	0	46	3	1	0	0	0	0	0	0	0	0	0	0	0	0	0	5	[]	0	2
12	123457142	197	23	14	6	0	0	0	0	0	0	0	0	0	0	0	0	120	5	0	0	0	0	45	4	1	0	0	0	0	0	0	0	0	0	0	0	0	0	6	[]	0	3
13	123457142	197	20	15	8	0	0	0	0	0	0	0	0	0	0	0	0	120	5	0	0	0	0	45	2	2	1	0	0	0	0	0	0	0	0	0	0	0	0	6	[]	0	4
14	123457142	197	13	20	10	0	0	0	0	0	0	0	0	0	0	0	0	120	7	0	0	0	0	45	2	2	1	0	0	0	0	0	0	0	0	0	0	0	0	6	[]	0	5
15	123457142	174	3	2	1	21	9	17	12	0	0	0	0	0	0	1	0	213	7	1	11	0	1	45	2	2	1	0	0	0	0	0	0	0	0	0	0	0	0	6	[2B 1A 3B]	3	5
16	123457142	168	8	3	1	21	8	17	13	0	0	0	0	0	0	1	0	213	8	1	11	0	1	44	3	0	3	0	0	0	0	0	0	0	0	0	0	0	0	6	[2B 1A 3B]	3	5
17	123457142	163	12	4	1	21	5	19	14	0	0	0	0	0	0	1	0	213	8	1	11	0	1	43	3	1	3	0	0	0	0	0	0	0	0	0	0	0	0	6	[2B 1A 3B]	3	5
18	123457142	158	15	6	1	21	3	19	16	0	0	0	0	0	0	1	0	213	8	1	11	0	1	42	2	2	4	0	0	0	0	0	0	0	0	0	0	0	0	6	[2B 1A 3B]	3	5
19	123457142	151	17	11	1	21	2	18	18	0	0	0	0	0	0	1	0	213	9	1	11	0	1	42	2	1	5	0	0	0	0	0	0	0	0	0	0	0	0	6	[2B 1A 3B]	3	5
20	123457142	151	9	16	4	21	1	16	21	0	0	0	0	0	0	1	0	213	9	1	11	0	1	42	1	1	6	0	0	0	0	0	0	0	0	0	0	0	0	6	[2B 1A 3B]	3	5
21	123457142	151	6	17	6	21	1	14	23	0	0	0	0	0	0	1	0	213	10	1	11	0	1	42	1	1	6	0	0	0	0	0	0	0	0	0	0	0	0	6	[2B 1A 3B]	3	5
22	123457142	139	1	0	0	32	6	31	30	0	0	0	0	0	0	1	0	258	10	1	17	0	1	42	0	2	6	0	0	0	0	0	0	0	0	0	0	0	0	7	[2B 1A 3B 2A 3A]	5	5
23	123457142	138	2	0	0	32	4	29	34	0	0	0	0	0	0	1	0	258	10	1	17	0	1	42	0	1	7	0	0	0	0	0	0	0	0	0	0	0	0	7	[2B 1A 3B 2A 3A]	5	5
24	123457142	136	2	2	0	32	4	27	36	0	0	0	0	0	0	1	0	258	10	1	17	0	1	42	0	0	8	0	0	0	0	0	0	0	0	0	0	0	0	7	[2B 1A 3B 2A 3A]	5	7
25	123457142	131	7	2	0	32	2	26	39	0	0	0	0	0	0	1	0	258	13	1	17	0	1	41	1	0	8	0	0	0	0	0	0	0	0	0	0	0	0	7	[2B 1A 3B 2A 3A]	5	7
26	123457142	123	14	3	0	32	2	25	40	0	0	0	0	0	0	1	0	258	13	1	17	0	1	41	0	1	8	0	0	0	0	0	0	0	0	0	0	0	0	7	[2B 1A 3B 2A 3A]	5	7
27	123457142	123	8	9	0	32	2	21	44	0	0	0	0	0	0	1	0	258	13	1	17	0	1	41	0	1	8	0	0	0	0	0	0	0	0	0	0	0	0	7	[2B 1A 3B 2A 3A]	5	7
28	123457142	123	5	11	1	32	0	22	45	0	0	0	0	0	0	1	0	258	14	1	17	0	1	41	0	1	8	0	0	0	0	0	0	0	0	0	0	0	0	7	[2B 1A 3B 2A 3A]	5	6
29	123457142	120	1	0	39	34	3	26	17	0	0	0	0	0	0	0	0	346	14	1	29	0	1	41	0	1	8	0	0	0	0	0	0	0	0	0	0	0	0	8	[2A 3A 1B 3C]	4	4
30	123457142	119	1	1	39	34	3	25	18	0	0	0	0	0	0	0	0	346	15	1	29	0	1	40	1	0	9	0	0	0	0	0	0	0	0	0	0	0	0	9	[2A 3A 1B 3C]	4	5
31	123457142	117	3	1	39	34	2	24	20	0	0	0	0	0	0	0	0	346	16	1	29	0	1	39	2	0	9	0	0	0	0	0	0	0	0	0	0	0	0	10	[2A 3A 1B 3C]	4	5
32	123457142	115	5	1	39	34	2	20	24	0	0	0	0	0	0	0	0	346	17	1	29	0	1	39	2	0	9	0	0	0	0	0	0	0	0	0	0	0	0	10	[2A 3A 1B 3C]	4	5
33	123457142	111	7	2	40	34	1	20	25	0	0	0	0	0	0	0	0	346	17	1	29	0	1	39	2	0	9	0	0	0	0	0	0	0	0	0	0	0	0	10	[2A 3A 1B 3C]	4	6
34	123457142	111	5	4	40	34	0	14	32	0	0	0	0	0	0	0	0	346	17	1	29	0	1	39	0	2	9	0	0	0	0	0	0	0	0	0	0	0	0	10	[2A 3A 1B 3C]	4	6
35	123457142	111	3	6	40	34	0	13	33	0	0	0	0	0	0	0	0	346	18	1	29	0	1	39	0	2	9	0	0	0	0	0	0	0	0	0	0	0	0	10	[2A 3A 1B 3C]	4	6
36	123457142	92	0	0	68	53	1	12	14	0	0	0	0	0	0	0	0	415	20	1	33	0	1	39	0	2	9	0	0	0	0	0	0	0	0	0	0	0	0	10	[1B 3C 1D 2D]	4	4
37	123457142	92	0	0	68	53	1	11	15	0	0	0	0	0	0	0	0	415	20	1	33	0	1	39	0	2	9	0	0	0	0	0	0	0	0	0	0	0	0	10	[1B 3C 1D 2D]	4	4
38	123457142	92	0	0	68	53	1	10	16	0	0	0	0	0	0	0	0	415	21	1	33	0	1	39	0	2	9	0	0	0	0	0	0	0	0	0	0	0	0	10	[1B 3C 1D 2D]	4	4
39	123457142	91	1	0	68	53	1	6	20	0	0	0	0	0	0	0	0	415	21	1	33	0	1	38	1	2	9	0	0	0	0	0	0	0	0	0	0	0	0	12	[1B 3C 1D 2D]	4	4
40	123457142	91	1	0	68	53	0	7	20	0	0	0	0	0	0	0	0	415	21	1	33	0	1	38	1	1	10	0	0	0	0	0	0	0	0	0	0	0	0	12	[1B 3C 1D 2D]	4	4
41	123457142	91	1	0	68	53	0	5	22	0	0	0	0	0	0	0	0	415	21	1	33	0	1	38	0	2	10	0	0	0	0	0	0	0	0	0	0	0	0	12	[1B 3C 1D 2D]	4	4
42	123457142	91	1	0	68	53	0	4	23	0	0	0	0	0	0	0	0	415	21	1	33	0	1	38	0	1	11	0	0	0	0	0	0	0	0	0	0	0	0	12	[1B 3C 1D 2D]	4	3
43	123457142	114	1	0	85	30	0	3	7	0	0	0	0	0	0	0	0	465	21	1	33	0	1	38	0	1	11	0	0	0	0	0	0	0	0	0	0	0	0	12	[1D 2D]	2	2
44	123457142	114	1	0	85	30	0	2	8	0	0	0	0	0	0	0	0	465	24	1	33	0	1	38	0	1	11	0	0	0	0	0	0	0	0	0	0	0	0	12	[1D 2D]	2	2
45	123457142	113	2	0	85	30	0	2	8	0	0	0	0	0	0	0	0	465	24	1	33	0	1	38	0	1	11	0	0	0	0	0	0	0	0	0	0	0	0	13	[1D 2D]	2	2
46	123457142	111	3	1	85	30	0	2	8	0	0	0	0	0	0	0	0	465	24	1	33	0	1	37	1	1	11	0	0	0	0	0	0	0	0	0	0	0	0	14	[1D 2D]	2	3
47	123457142	111	2	2	85	30	0	2	8	0	0	0	0	0	0	0	0	465	25	1	33	0	1	37	0	1	12	0	0	0	0	0	0	0	0	0	0	0	0	14	[1D 2D]	2	4
48	123457142	111	1	3	85	30	0	2	8	0	0	0	0	0	0	0	0	465	26	1	33	0	1	37	0	1	12	0	0	0	0	0	0	0	0	0	0	0	0	14	[1D 2D]	2	4
49	123457142	111	0	4	85	30	0	2	8	0	0	0	0	0	0	0	0	465	26	1	33	0	1	37	0	1	12	0	0	0	0	0	0	0	0	0	0	0	0	14	[1D 2D]	2	5
50	123457142	134	7	3	95	0	0	1	0	0	0	0	0	0	0	0	0	544	27	1	34	0	1	37	0	0	13	0	0	0	0	0	0	0	0	0	0	0	0	14	[]	0	3
51	123457142	128	10	6	95	0	0	1	0	0	0	0	0	0	0	0	0	544	28	1	34	0	1	37	0	0	13	0	0	0	0	0	0	0	0	0	0	0	0	14	[]	0	3
52	123457142	116	19	8	96	0	0	1	0	0	0	0	0	0	0	0	0	544	30	1	34	0	1	37	0	0	13	0	0	0	0	0	0	0	0	0	0	0	0	15	[]	0	4
53	123457142	112	23	7	97	0	0	1	0	0	0	0	0	0	0	0	0	544	31	1	34	0	1	37	0	0	13	0	0	0	0	0	0	0	0	0	0	0	0	15	[]	0	4
54	123457142	101	29	11	98	0	0	1	0	0	0	0	0	0	0	0	0	544	32	1	34	0	1	36	1	0	13	0	0	0	0	0	0	0	0	0	0	0	0	15	[]	0	5
55	123457142	100	18	19	102	0	0	1	0	0	0	0	0	0	0	0	0	563	33	1	34	0	1	36	1	0	13	0	0	0	0	0	0	0	0	0	0	0	0	16	[]	0	6
56	123457142	100	14	18	107	0	0	1	0	0	0	0	0	0	0	0	0	563	33	1	34	0	1	36	0	1	13	0	0	0	0	0	0	0	0	0	0	0	0	16	[]	0	5
57	123457142	64	7	2	86	32	8	19	22	0	0	0	0	0	0	0	0	641	33	1	42	0	1	36	0	1	13	0	0	0	0	0	0	0	0	0	0	0	0	16	[1C 2C 3C 3D]	4	6
58	123457142	57	9	6	87	32	5	19	25	0	0	0	0	0	0	0	0	641	35	1	42	0	1	35	1	1	13	0	0	0	0	0	0	0	0	0	0	0	0	16	[1C 2C 3C 3D]	4	5
59	123457142	55	10	7	87	32	5	18	26	0	0	0	0	0	0	0	0	641	35	1	42	0	1	35	1	1	13	0	0	0	0	0	0	0	0	0	0	0	0	16	[1C 2C 3C 3D]	4	5
60	123457142	51	13	7	88	32	5	16	28	0	0	0	0	0	0	0	0	641	35	1	42	0	1	35	1	1	13	0	0	0	0	0	0	0	0	0	0	0	0	16	[1C 2C 3C 3D]	4	6
