day	seedRun	susceptible	exposed	infected	removed	susceptible-in-quarantine	exposed-in-quarantine	infected-in-quarantine	removed-in-quarantine	susceptible-in-quarantine-external-1	exposed-in-quarantine-external-1	infected-in-quarantine-external-1	removed-in-quarantine-external-1	susceptible-in-quarantine-external-2	exposed-in-quarantine-external-2	infected-in-quarantine-external-2	removed-in-quarantine-external-2	num-of-screened-agents	num-of-screened-agents-external-1	num-of-screened-agents-external-2	num-of-positive-agents	num-of-positive-agents-external-1	num-of-positive-agents-external-2	num-vaccinated	num-immunized	num-immunized-in-quarantine	num-immunized-in-quarantine-external-1	num-immunized-in-quarantine-external-2	num-infected-outside	classroom-in-quarantine	num-of-classroom-in-quarantine	classroom-with-at-least-one-infected
0	123457084	240	0	0	0	0	0	0	0	0	0	0	0	0	0	0	0	0	0	0	0	0	0	74	50	0	0	0	0	[]	0	0
1	123457084	233	7	0	0	0	0	0	0	0	0	0	0	0	0	0	0	0	2	0	0	0	0	74	50	0	0	0	7	[]	0	0
2	123457084	225	15	0	0	0	0	0	0	0	0	0	0	0	0	0	0	0	7	0	0	0	0	74	50	0	0	0	15	[]	0	0
3	123457084	189	48	3	0	0	0	0	0	0	0	0	0	0	0	0	0	0	10	0	0	0	0	74	50	0	0	0	30	[]	0	1
4	123457084	111	110	19	0	0	0	0	0	0	0	0	0	0	0	0	0	0	12	0	0	0	0	74	50	0	0	0	38	[]	0	9
5	123457084	59	132	45	3	0	0	0	0	0	0	0	0	0	0	1	0	0	16	1	0	0	1	74	50	0	0	0	43	[]	0	11
6	123457084	56	91	76	13	0	0	0	0	0	0	1	0	0	0	3	0	0	20	3	0	1	3	74	50	0	0	0	46	[]	0	12
7	123457084	53	64	91	25	0	0	0	0	0	0	1	0	0	0	6	0	0	21	6	0	1	6	74	50	0	0	0	49	[]	0	12
8	123457084	25	70	103	34	0	0	0	0	0	0	0	1	0	0	7	0	0	22	7	0	1	7	74	50	0	0	0	49	[]	0	12
9	123457084	18	54	111	47	0	0	0	0	0	0	1	1	0	0	7	1	0	24	8	0	2	8	74	50	0	0	0	50	[]	0	12
10	123457084	16	43	109	58	0	0	0	0	0	0	2	1	0	0	9	2	0	26	11	0	3	11	74	50	0	0	0	50	[]	0	12
11	123457084	11	36	100	73	0	0	0	0	0	0	5	1	0	0	11	3	0	31	14	0	6	14	74	50	0	0	0	50	[]	0	12
12	123457084	10	24	94	89	0	0	0	0	0	0	6	1	0	0	12	4	0	33	16	0	7	16	74	50	0	0	0	50	[]	0	12
13	123457084	9	20	86	102	0	0	0	0	0	0	4	3	0	0	10	6	0	33	16	0	7	16	74	50	0	0	0	51	[]	0	12
14	123457084	8	14	78	115	0	0	0	0	0	0	3	4	0	0	10	8	0	33	18	0	7	18	74	50	0	0	0	52	[]	0	12
15	123457084	4	13	68	127	0	0	0	0	0	0	3	5	0	0	11	9	0	34	21	0	8	21	74	50	0	0	0	52	[]	0	12
16	123457084	4	10	58	142	0	0	0	0	0	0	3	4	0	0	9	10	0	34	22	0	8	22	74	50	0	0	0	52	[]	0	12
17	123457084	4	7	50	153	0	0	0	0	0	0	6	4	0	0	8	8	0	38	22	0	11	22	74	50	0	0	0	52	[]	0	12
18	123457084	4	4	45	160	0	0	0	0	0	0	3	7	0	0	9	8	0	39	24	0	11	24	74	50	0	0	0	52	[]	0	12
19	123457084	4	3	38	168	0	0	0	0	0	0	3	7	0	0	9	8	0	43	25	0	12	25	74	50	0	0	0	52	[]	0	12
20	123457084	4	1	35	177	0	0	0	0	0	0	3	6	0	0	8	6	0	43	25	0	12	25	74	50	0	0	0	52	[]	0	11
21	123457084	4	1	32	185	0	0	0	0	0	0	3	3	0	0	8	4	0	45	26	0	12	26	74	50	0	0	0	52	[]	0	11
22	123457084	4	1	28	191	0	0	0	0	0	0	4	2	0	0	7	3	0	48	26	0	13	26	74	50	0	0	0	52	[]	0	11
23	123457084	4	1	26	193	0	0	0	0	0	0	4	2	0	0	7	3	0	50	26	0	13	26	74	50	0	0	0	52	[]	0	11
24	123457084	4	0	25	197	0	0	0	0	0	0	4	2	0	0	6	2	0	51	26	0	13	26	74	50	0	0	0	52	[]	0	11
25	123457084	3	1	22	203	0	0	0	0	0	0	3	2	0	0	4	2	0	51	27	0	13	27	74	50	0	0	0	53	[]	0	10
26	123457084	3	1	16	208	0	0	0	0	0	0	2	3	0	0	4	3	0	51	29	0	13	29	74	50	0	0	0	53	[]	0	10
27	123457084	3	1	14	213	0	0	0	0	0	0	2	0	0	0	4	3	0	52	29	0	13	29	74	50	0	0	0	53	[]	0	10
28	123457084	3	0	15	215	0	0	0	0	0	0	2	0	0	0	3	2	0	53	29	0	13	29	74	50	0	0	0	53	[]	0	10
29	123457084	2	1	10	221	0	0	0	0	0	0	1	0	0	0	4	1	0	55	30	0	13	30	74	50	0	0	0	54	[]	0	8
30	123457084	2	1	10	221	0	0	0	0	0	0	1	0	0	0	4	1	0	59	30	0	13	30	74	50	0	0	0	54	[]	0	8
31	123457084	2	1	9	223	0	0	0	0	0	0	1	0	0	0	4	0	0	59	30	0	13	30	74	50	0	0	0	54	[]	0	8
32	123457084	2	0	9	225	0	0	0	0	0	0	0	0	0	0	3	1	0	60	30	0	13	30	74	50	0	0	0	54	[]	0	6
33	123457084	2	0	9	225	0	0	0	0	0	0	0	0	0	0	3	1	0	61	30	0	13	30	74	50	0	0	0	54	[]	0	6
34	123457084	2	0	8	225	0	0	0	0	0	0	0	0	0	0	4	1	0	62	31	0	13	31	74	50	0	0	0	54	[]	0	6
35	123457084	2	0	5	229	0	0	0	0	0	0	0	0	0	0	2	2	0	63	31	0	13	31	74	50	0	0	0	54	[]	0	3
36	123457084	2	0	5	231	0	0	0	0	0	0	0	0	0	0	0	2	0	67	31	0	13	31	74	50	0	0	0	54	[]	0	2
37	123457084	2	0	4	232	0	0	0	0	0	0	0	0	0	0	0	2	0	68	31	0	13	31	74	50	0	0	0	54	[]	0	2
38	123457084	2	0	4	232	0	0	0	0	0	0	0	0	0	0	0	2	0	68	31	0	13	31	74	50	0	0	0	54	[]	0	2
39	123457084	1	1	4	233	0	0	0	0	0	0	0	0	0	0	0	1	0	71	31	0	13	31	74	50	0	0	0	55	[]	0	2
40	123457084	1	1	3	234	0	0	0	0	0	0	0	0	0	0	0	1	0	72	31	0	13	31	74	50	0	0	0	55	[]	0	2
41	123457084	1	1	2	235	0	0	0	0	0	0	0	0	0	0	0	1	0	73	31	0	13	31	74	50	0	0	0	55	[]	0	1
42	123457084	1	1	2	235	0	0	0	0	0	0	0	0	0	0	0	1	0	75	31	0	13	31	74	50	0	0	0	55	[]	0	1
43	123457084	1	1	2	235	0	0	0	0	0	0	0	0	0	0	0	1	0	78	31	0	13	31	74	50	0	0	0	55	[]	0	1
44	123457084	1	1	2	236	0	0	0	0	0	0	0	0	0	0	0	0	0	80	31	0	13	31	74	50	0	0	0	55	[]	0	1
45	123457084	1	0	3	236	0	0	0	0	0	0	0	0	0	0	0	0	0	81	31	0	13	31	74	50	0	0	0	55	[]	0	1
46	123457084	0	1	3	236	0	0	0	0	0	0	0	0	0	0	0	0	0	83	31	0	13	31	74	50	0	0	0	56	[]	0	1
47	123457084	0	1	3	236	0	0	0	0	0	0	0	0	0	0	0	0	0	86	31	0	13	31	74	50	0	0	0	56	[]	0	1
48	123457084	0	0	4	236	0	0	0	0	0	0	0	0	0	0	0	0	0	87	31	0	13	31	74	50	0	0	0	56	[]	0	1
49	123457084	0	0	4	236	0	0	0	0	0	0	0	0	0	0	0	0	0	88	31	0	13	31	74	50	0	0	0	56	[]	0	1
50	123457084	0	0	4	236	0	0	0	0	0	0	0	0	0	0	0	0	0	90	31	0	13	31	74	50	0	0	0	56	[]	0	1
51	123457084	0	0	4	236	0	0	0	0	0	0	0	0	0	0	0	0	0	91	31	0	13	31	74	50	0	0	0	56	[]	0	1
52	123457084	0	0	4	236	0	0	0	0	0	0	0	0	0	0	0	0	0	92	31	0	13	31	74	50	0	0	0	56	[]	0	1
53	123457084	0	0	4	236	0	0	0	0	0	0	0	0	0	0	0	0	0	96	31	0	13	31	74	50	0	0	0	56	[]	0	1
54	123457084	0	0	4	236	0	0	0	0	0	0	0	0	0	0	0	0	0	98	31	0	13	31	74	50	0	0	0	56	[]	0	1
55	123457084	0	0	4	236	0	0	0	0	0	0	0	0	0	0	0	0	0	99	31	0	13	31	74	50	0	0	0	56	[]	0	1
56	123457084	0	0	4	236	0	0	0	0	0	0	0	0	0	0	0	0	0	100	31	0	13	31	74	50	0	0	0	56	[]	0	1
57	123457084	0	0	3	237	0	0	0	0	0	0	0	0	0	0	0	0	0	102	31	0	13	31	74	50	0	0	0	56	[]	0	1
58	123457084	0	0	3	237	0	0	0	0	0	0	0	0	0	0	0	0	0	102	31	0	13	31	74	50	0	0	0	56	[]	0	1
59	123457084	0	0	3	237	0	0	0	0	0	0	0	0	0	0	0	0	0	103	31	0	13	31	74	50	0	0	0	56	[]	0	1
60	123457084	0	0	3	237	0	0	0	0	0	0	0	0	0	0	0	0	0	106	31	0	13	31	74	50	0	0	0	56	[]	0	1
