day	seedRun	susceptible	exposed	infected	removed	susceptible-in-quarantine	exposed-in-quarantine	infected-in-quarantine	removed-in-quarantine	susceptible-in-quarantine-external-1	exposed-in-quarantine-external-1	infected-in-quarantine-external-1	removed-in-quarantine-external-1	susceptible-in-quarantine-external-2	exposed-in-quarantine-external-2	infected-in-quarantine-external-2	removed-in-quarantine-external-2	num-of-screened-agents	num-of-screened-agents-external-1	num-of-screened-agents-external-2	num-of-positive-agents	num-of-positive-agents-external-1	num-of-positive-agents-external-2	num-vaccinated	num-immunized	num-immunized-in-quarantine	num-immunized-in-quarantine-external-1	num-immunized-in-quarantine-external-2	num-infected-outside	classroom-in-quarantine	num-of-classroom-in-quarantine	classroom-with-at-least-one-infected
0	123457236	216	0	0	0	0	0	0	0	0	0	0	0	0	0	0	0	0	0	0	0	0	0	74	74	0	0	0	0	[]	0	0
1	123457236	202	14	0	0	0	0	0	0	0	0	0	0	0	0	0	0	60	2	0	0	0	0	74	74	0	0	0	14	[]	0	0
2	123457236	187	28	1	0	0	0	0	0	0	0	0	0	0	0	0	0	60	2	0	0	0	0	74	74	0	0	0	19	[]	0	1
3	123457236	158	51	7	0	0	0	0	0	0	0	0	0	0	0	0	0	60	3	0	0	0	0	74	74	0	0	0	28	[]	0	4
4	123457236	93	101	22	0	0	0	0	0	0	0	0	0	0	0	0	0	60	4	0	0	0	0	74	74	0	0	0	38	[]	0	10
5	123457236	38	111	30	1	8	10	16	0	0	0	0	0	0	0	2	0	98	5	2	16	0	2	74	70	4	0	0	40	[3B 1D]	2	11
6	123457236	36	82	56	6	8	4	19	3	0	0	0	0	0	0	1	1	98	6	2	16	0	2	74	70	4	0	0	42	[3B 1D]	2	11
7	123457236	31	35	35	7	12	24	54	12	0	0	1	0	0	0	4	1	174	7	5	56	1	5	74	62	12	0	0	43	[3B 1D 3A 3D 1A 2D]	6	12
8	123457236	11	16	2	3	19	35	94	28	0	0	2	0	0	0	4	2	285	8	6	96	2	6	74	54	20	0	0	47	[3B 1D 3A 3D 1A 2D 1B 3C 1C 2A]	10	12
9	123457236	4	20	5	3	19	26	90	41	0	0	2	0	0	0	4	2	285	8	6	96	2	6	74	54	20	0	0	47	[3B 1D 3A 3D 1A 2D 1B 3C 1C 2A]	10	12
10	123457236	1	20	7	4	19	20	82	55	0	0	1	1	0	0	4	2	285	8	6	96	2	6	74	54	20	0	0	47	[3B 1D 3A 3D 1A 2D 1B 3C 1C 2A]	10	12
11	123457236	0	16	11	5	19	14	76	67	0	0	1	1	0	0	4	2	285	9	6	96	2	6	74	54	20	0	0	47	[3B 1D 3A 3D 1A 2D 1B 3C 1C 2A]	10	12
12	123457236	0	10	15	7	19	6	74	77	0	0	1	1	0	0	3	3	285	9	6	96	2	6	74	54	20	0	0	47	[3B 1D 3A 3D 1A 2D 1B 3C 1C 2A]	10	12
13	123457236	0	4	7	7	19	6	77	88	0	0	1	1	0	0	3	3	301	9	6	102	2	6	74	52	22	0	0	47	[3B 1D 3A 3D 1A 2D 1B 3C 1C 2A 2C]	11	12
14	123457236	0	0	0	0	19	8	73	107	0	0	1	1	0	0	4	3	320	9	7	109	2	7	74	50	24	0	0	47	[3B 1D 3A 3D 1A 2D 1B 3C 1C 2A 2C 2B]	12	12
15	123457236	8	0	0	28	11	5	58	99	0	0	1	1	0	0	3	2	330	10	7	109	2	7	74	54	20	0	0	47	[3A 3D 1A 2D 1B 3C 1C 2A 2C 2B]	10	10
16	123457236	8	0	0	28	11	5	50	107	0	0	1	1	0	0	2	3	330	10	7	109	2	7	74	54	20	0	0	47	[3A 3D 1A 2D 1B 3C 1C 2A 2C 2B]	10	10
17	123457236	12	0	0	96	7	2	33	63	0	0	1	0	0	0	1	1	330	10	7	109	2	7	74	62	12	0	0	47	[1B 3C 1C 2A 2C 2B]	6	6
18	123457236	17	2	0	161	0	1	11	23	0	0	0	0	0	0	0	1	330	11	7	109	2	7	74	70	4	0	0	49	[2C 2B]	2	2
19	123457236	16	2	1	161	0	0	10	25	0	0	0	0	0	0	0	1	330	13	7	109	2	7	74	70	4	0	0	50	[2C 2B]	2	3
20	123457236	15	3	0	162	0	0	9	26	0	0	0	0	0	0	0	1	330	14	7	109	2	7	74	70	4	0	0	51	[2C 2B]	2	2
21	123457236	14	4	0	162	0	0	8	27	0	0	0	0	0	0	0	1	330	14	7	109	2	7	74	70	4	0	0	52	[2C 2B]	2	2
22	123457236	11	6	1	162	0	0	8	27	0	0	0	0	0	0	0	1	380	14	7	109	2	7	74	70	4	0	0	54	[2C 2B]	2	3
23	123457236	5	8	5	180	0	0	2	15	0	0	0	0	0	0	0	1	380	16	7	109	2	7	74	72	2	0	0	55	[2B]	1	4
24	123457236	3	7	7	199	0	0	0	0	0	0	0	0	0	0	0	0	380	16	7	109	2	7	74	74	0	0	0	56	[]	0	4
25	123457236	2	7	8	199	0	0	0	0	0	0	0	0	0	0	0	0	380	17	7	109	2	7	74	74	0	0	0	56	[]	0	4
26	123457236	2	4	10	200	0	0	0	0	0	0	0	0	0	0	0	0	380	18	7	109	2	7	74	74	0	0	0	56	[]	0	4
27	123457236	2	4	10	200	0	0	0	0	0	0	0	0	0	0	0	0	380	18	7	109	2	7	74	74	0	0	0	56	[]	0	4
28	123457236	1	4	10	200	0	0	0	0	0	0	0	0	0	0	1	0	399	21	8	109	2	8	74	74	0	0	0	57	[]	0	4
29	123457236	1	3	3	190	0	1	5	11	0	0	0	0	0	0	2	0	472	23	9	114	2	9	74	72	2	0	0	57	[1D]	1	4
30	123457236	1	3	3	190	0	1	3	13	0	0	0	0	0	0	2	0	472	26	9	114	2	9	74	72	2	0	0	57	[1D]	1	4
31	123457236	1	2	3	191	0	0	4	13	0	0	0	0	0	0	2	0	472	26	9	114	2	9	74	72	2	0	0	57	[1D]	1	5
32	123457236	1	1	4	191	0	0	3	14	0	0	0	0	0	0	2	0	472	29	9	114	2	9	74	72	2	0	0	57	[1D]	1	5
33	123457236	0	1	5	191	0	0	3	14	0	0	0	0	0	0	1	1	491	29	9	114	2	9	74	72	2	0	0	58	[1D]	1	5
34	123457236	0	0	6	191	0	0	3	14	0	0	0	0	0	0	0	2	491	31	9	114	2	9	74	72	2	0	0	58	[1D]	1	5
35	123457236	0	0	5	192	0	0	2	15	0	0	0	0	0	0	0	2	491	31	9	114	2	9	74	72	2	0	0	58	[1D]	1	5
36	123457236	0	0	3	192	0	0	4	15	0	0	0	0	0	0	0	2	564	31	9	116	2	9	74	72	2	0	0	58	[1D]	1	5
37	123457236	0	0	2	193	0	0	3	16	0	0	0	0	0	0	0	2	564	32	9	116	2	9	74	72	2	0	0	58	[1D]	1	4
38	123457236	0	0	2	194	0	0	2	17	0	0	0	0	0	0	0	1	564	33	9	116	2	9	74	72	2	0	0	58	[1D]	1	3
39	123457236	0	0	2	212	0	0	2	0	0	0	0	0	0	0	0	0	564	33	9	116	2	9	74	74	0	0	0	58	[]	0	3
40	123457236	0	0	2	212	0	0	2	0	0	0	0	0	0	0	0	0	564	34	9	116	2	9	74	74	0	0	0	58	[]	0	3
41	123457236	0	0	2	212	0	0	1	1	0	0	0	0	0	0	0	0	582	36	9	116	2	9	74	74	0	0	0	58	[]	0	3
42	123457236	0	0	1	213	0	0	0	2	0	0	0	0	0	0	0	0	582	36	9	116	2	9	74	74	0	0	0	58	[]	0	1
43	123457236	0	0	0	214	0	0	0	2	0	0	0	0	0	0	0	0	641	37	9	116	2	9	74	74	0	0	0	58	[]	0	0
44	123457236	0	0	0	214	0	0	0	2	0	0	0	0	0	0	0	0	641	38	9	116	2	9	74	74	0	0	0	58	[]	0	0
45	123457236	0	0	0	214	0	0	0	2	0	0	0	0	0	0	0	0	641	38	9	116	2	9	74	74	0	0	0	58	[]	0	0
46	123457236	0	0	0	216	0	0	0	0	0	0	0	0	0	0	0	0	641	39	9	116	2	9	74	74	0	0	0	58	[]	0	0
47	123457236	0	0	0	216	0	0	0	0	0	0	0	0	0	0	0	0	641	41	9	116	2	9	74	74	0	0	0	58	[]	0	0
48	123457236	0	0	0	216	0	0	0	0	0	0	0	0	0	0	0	0	641	43	9	116	2	9	74	74	0	0	0	58	[]	0	0
49	123457236	0	0	0	216	0	0	0	0	0	0	0	0	0	0	0	0	641	46	9	116	2	9	74	74	0	0	0	58	[]	0	0
50	123457236	0	0	0	216	0	0	0	0	0	0	0	0	0	0	0	0	701	47	9	116	2	9	74	74	0	0	0	58	[]	0	0
51	123457236	0	0	0	216	0	0	0	0	0	0	0	0	0	0	0	0	701	50	9	116	2	9	74	74	0	0	0	58	[]	0	0
52	123457236	0	0	0	216	0	0	0	0	0	0	0	0	0	0	0	0	701	52	9	116	2	9	74	74	0	0	0	58	[]	0	0
53	123457236	0	0	0	216	0	0	0	0	0	0	0	0	0	0	0	0	701	54	9	116	2	9	74	74	0	0	0	58	[]	0	0
54	123457236	0	0	0	216	0	0	0	0	0	0	0	0	0	0	0	0	701	54	9	116	2	9	74	74	0	0	0	58	[]	0	0
55	123457236	0	0	0	216	0	0	0	0	0	0	0	0	0	0	0	0	701	54	9	116	2	9	74	74	0	0	0	58	[]	0	0
56	123457236	0	0	0	216	0	0	0	0	0	0	0	0	0	0	0	0	701	57	9	116	2	9	74	74	0	0	0	58	[]	0	0
57	123457236	0	0	0	216	0	0	0	0	0	0	0	0	0	0	0	0	761	57	9	116	2	9	74	74	0	0	0	58	[]	0	0
58	123457236	0	0	0	216	0	0	0	0	0	0	0	0	0	0	0	0	761	58	9	116	2	9	74	74	0	0	0	58	[]	0	0
59	123457236	0	0	0	216	0	0	0	0	0	0	0	0	0	0	0	0	761	60	9	116	2	9	74	74	0	0	0	58	[]	0	0
60	123457236	0	0	0	216	0	0	0	0	0	0	0	0	0	0	0	0	761	63	9	116	2	9	74	74	0	0	0	58	[]	0	0
