day	seedRun	susceptible	exposed	infected	removed	susceptible-in-quarantine	exposed-in-quarantine	infected-in-quarantine	removed-in-quarantine	susceptible-in-quarantine-external-1	exposed-in-quarantine-external-1	infected-in-quarantine-external-1	removed-in-quarantine-external-1	susceptible-in-quarantine-external-2	exposed-in-quarantine-external-2	infected-in-quarantine-external-2	removed-in-quarantine-external-2	num-of-screened-agents	num-of-screened-agents-external-1	num-of-screened-agents-external-2	num-of-positive-agents	num-of-positive-agents-external-1	num-of-positive-agents-external-2	num-vaccinated	num-immunized	num-immunized-in-quarantine	num-immunized-in-quarantine-external-1	num-immunized-in-quarantine-external-2	num-infected-outside	classroom-in-quarantine	num-of-classroom-in-quarantine	classroom-with-at-least-one-infected
0	123457106	216	0	0	0	0	0	0	0	0	0	0	0	0	0	0	0	0	0	0	0	0	0	74	74	0	0	0	0	[]	0	0
1	123457106	211	5	0	0	0	0	0	0	0	0	0	0	0	0	0	0	60	2	0	0	0	0	74	74	0	0	0	5	[]	0	0
2	123457106	196	20	0	0	0	0	0	0	0	0	0	0	0	0	0	0	60	3	0	0	0	0	74	74	0	0	0	20	[]	0	0
3	123457106	151	58	7	0	0	0	0	0	0	0	0	0	0	0	0	0	60	3	0	0	0	0	74	74	0	0	0	28	[]	0	4
4	123457106	107	81	28	0	0	0	0	0	0	0	0	0	0	0	0	0	60	4	0	0	0	0	74	74	0	0	0	32	[]	0	7
5	123457106	65	72	24	1	0	23	28	0	0	0	0	0	0	0	3	0	117	6	3	28	0	3	74	68	6	0	0	39	[2C 3C 3B]	3	8
6	123457106	65	39	20	2	0	32	44	9	0	0	0	0	0	0	5	0	155	8	5	42	0	5	74	64	10	0	0	39	[2C 3C 3B 3A 2D]	5	11
7	123457106	63	24	16	5	0	35	53	14	0	0	1	0	0	0	5	0	174	9	5	52	1	5	74	62	12	0	0	41	[2C 3C 3B 3A 2D 2A]	6	11
8	123457106	50	15	1	1	4	36	76	25	0	0	3	0	0	0	4	1	288	11	5	73	3	5	74	58	16	0	0	44	[2C 3C 3B 3A 2D 2A 2B 1A]	8	12
9	123457106	22	36	8	1	4	23	82	32	0	0	3	0	0	0	3	2	288	12	5	73	3	5	74	58	16	0	0	46	[2C 3C 3B 3A 2D 2A 2B 1A]	8	12
10	123457106	11	37	17	2	4	14	82	41	0	0	3	0	0	0	3	2	288	12	5	73	3	5	74	58	16	0	0	49	[2C 3C 3B 3A 2D 2A 2B 1A]	8	12
11	123457106	5	24	18	4	4	16	79	57	0	0	1	2	0	0	3	3	305	12	6	83	3	6	74	56	18	0	0	49	[2C 3C 3B 3A 2D 2A 2B 1A 3D]	9	12
12	123457106	0	24	20	7	4	12	73	67	0	0	0	3	0	0	3	3	305	12	6	83	3	6	74	56	18	0	0	49	[2C 3C 3B 3A 2D 2A 2B 1A 3D]	9	12
13	123457106	0	5	10	3	4	21	82	82	0	0	0	3	0	0	3	3	342	12	6	94	3	6	74	52	22	0	0	49	[2C 3C 3B 3A 2D 2A 2B 1A 3D 1C 1D]	11	12
14	123457106	0	0	0	0	4	13	93	96	0	0	0	3	0	0	4	3	361	12	7	106	3	7	74	50	24	0	0	49	[2C 3C 3B 3A 2D 2A 2B 1A 3D 1C 1D 1B]	12	12
15	123457106	0	0	0	54	4	10	67	74	0	0	0	3	0	0	3	1	376	12	7	106	3	7	74	56	18	0	0	49	[3A 2D 2A 2B 1A 3D 1C 1D 1B]	9	9
16	123457106	0	0	0	90	4	7	51	59	0	0	0	3	0	0	2	0	376	12	7	106	3	7	74	60	14	0	0	49	[2A 2B 1A 3D 1C 1D 1B]	7	7
17	123457106	0	0	0	108	4	4	47	49	0	0	0	2	0	0	2	0	376	13	7	106	3	7	74	62	12	0	0	49	[2B 1A 3D 1C 1D 1B]	6	6
18	123457106	3	1	0	140	0	3	33	34	0	0	0	0	0	0	2	0	376	14	7	106	3	7	74	66	8	0	0	50	[3D 1C 1D 1B]	4	4
19	123457106	2	2	0	140	0	1	30	39	0	0	0	0	0	0	1	1	376	15	7	106	3	7	74	66	8	0	0	51	[3D 1C 1D 1B]	4	4
20	123457106	2	2	0	140	0	1	25	44	0	0	0	0	0	0	1	1	376	16	7	106	3	7	74	66	8	0	0	51	[3D 1C 1D 1B]	4	4
21	123457106	2	2	0	158	0	0	19	34	0	0	0	0	0	0	1	0	376	17	7	106	3	7	74	68	6	0	0	51	[1C 1D 1B]	3	3
22	123457106	2	2	0	158	0	0	16	37	0	0	0	0	0	0	1	0	421	19	7	106	3	7	74	68	6	0	0	51	[1C 1D 1B]	3	3
23	123457106	2	1	1	194	0	0	4	13	0	0	0	0	0	0	1	0	421	20	7	106	3	7	74	72	2	0	0	51	[1B]	1	2
24	123457106	2	1	1	212	0	0	0	0	0	0	0	0	0	0	0	0	421	21	7	106	3	7	74	74	0	0	0	51	[]	0	1
25	123457106	2	1	1	212	0	0	0	0	0	0	0	0	0	0	0	0	421	24	7	106	3	7	74	74	0	0	0	51	[]	0	1
26	123457106	1	2	1	212	0	0	0	0	0	0	0	0	0	0	0	0	421	25	7	106	3	7	74	74	0	0	0	52	[]	0	1
27	123457106	1	1	2	212	0	0	0	0	0	0	0	0	0	0	0	0	421	26	7	106	3	7	74	74	0	0	0	52	[]	0	2
28	123457106	1	0	2	213	0	0	0	0	0	0	0	0	0	0	0	0	421	28	7	106	3	7	74	74	0	0	0	52	[]	0	1
29	123457106	1	0	0	213	0	0	2	0	0	0	0	0	0	0	0	0	500	30	7	108	3	7	74	74	0	0	0	52	[]	0	1
30	123457106	1	0	0	213	0	0	2	0	0	0	0	0	0	0	0	0	500	36	7	108	3	7	74	74	0	0	0	52	[]	0	1
31	123457106	1	0	0	213	0	0	2	0	0	0	0	0	0	0	0	0	500	37	7	108	3	7	74	74	0	0	0	52	[]	0	1
32	123457106	1	0	0	213	0	0	2	0	0	0	0	0	0	0	0	0	500	37	7	108	3	7	74	74	0	0	0	52	[]	0	1
33	123457106	1	0	0	213	0	0	2	0	0	0	0	0	0	0	0	0	500	40	7	108	3	7	74	74	0	0	0	52	[]	0	1
34	123457106	1	0	0	213	0	0	2	0	0	0	0	0	0	0	0	0	518	41	7	108	3	7	74	74	0	0	0	52	[]	0	1
35	123457106	1	0	0	213	0	0	2	0	0	0	0	0	0	0	0	0	518	42	7	108	3	7	74	74	0	0	0	52	[]	0	1
36	123457106	1	0	0	213	0	0	2	0	0	0	0	0	0	0	0	0	577	47	7	108	3	7	74	74	0	0	0	52	[]	0	1
37	123457106	1	0	0	213	0	0	2	0	0	0	0	0	0	0	0	0	577	50	7	108	3	7	74	74	0	0	0	52	[]	0	1
38	123457106	1	0	0	213	0	0	2	0	0	0	0	0	0	0	0	0	577	51	7	108	3	7	74	74	0	0	0	52	[]	0	1
39	123457106	1	0	0	215	0	0	0	0	0	0	0	0	0	0	0	0	577	51	7	108	3	7	74	74	0	0	0	52	[]	0	0
40	123457106	1	0	0	215	0	0	0	0	0	0	0	0	0	0	0	0	577	55	7	108	3	7	74	74	0	0	0	52	[]	0	0
41	123457106	1	0	0	215	0	0	0	0	0	0	0	0	0	0	0	0	577	56	7	108	3	7	74	74	0	0	0	52	[]	0	0
42	123457106	1	0	0	215	0	0	0	0	0	0	0	0	0	0	0	0	577	58	7	108	3	7	74	74	0	0	0	52	[]	0	0
43	123457106	1	0	0	215	0	0	0	0	0	0	0	0	0	0	0	0	637	59	7	108	3	7	74	74	0	0	0	52	[]	0	0
44	123457106	1	0	0	215	0	0	0	0	0	0	0	0	0	0	0	0	637	59	7	108	3	7	74	74	0	0	0	52	[]	0	0
45	123457106	1	0	0	215	0	0	0	0	0	0	0	0	0	0	0	0	637	61	7	108	3	7	74	74	0	0	0	52	[]	0	0
46	123457106	1	0	0	215	0	0	0	0	0	0	0	0	0	0	0	0	637	62	7	108	3	7	74	74	0	0	0	52	[]	0	0
47	123457106	1	0	0	215	0	0	0	0	0	0	0	0	0	0	0	0	637	64	7	108	3	7	74	74	0	0	0	52	[]	0	0
48	123457106	0	1	0	215	0	0	0	0	0	0	0	0	0	0	0	0	637	66	7	108	3	7	74	74	0	0	0	53	[]	0	0
49	123457106	0	0	1	215	0	0	0	0	0	0	0	0	0	0	0	0	637	67	7	108	3	7	74	74	0	0	0	53	[]	0	1
50	123457106	0	0	1	215	0	0	0	0	0	0	0	0	0	0	0	0	697	68	7	108	3	7	74	74	0	0	0	53	[]	0	1
51	123457106	0	0	1	215	0	0	0	0	0	0	0	0	0	0	0	0	697	72	7	108	3	7	74	74	0	0	0	53	[]	0	1
52	123457106	0	0	1	215	0	0	0	0	0	0	0	0	0	0	0	0	697	74	7	108	3	7	74	74	0	0	0	53	[]	0	1
53	123457106	0	0	1	215	0	0	0	0	0	0	0	0	0	0	0	0	697	75	7	108	3	7	74	74	0	0	0	53	[]	0	1
54	123457106	0	0	1	215	0	0	0	0	0	0	0	0	0	0	0	0	697	76	7	108	3	7	74	74	0	0	0	53	[]	0	1
55	123457106	0	0	1	215	0	0	0	0	0	0	0	0	0	0	0	0	697	77	7	108	3	7	74	74	0	0	0	53	[]	0	1
56	123457106	0	0	1	215	0	0	0	0	0	0	0	0	0	0	0	0	697	80	7	108	3	7	74	74	0	0	0	53	[]	0	1
57	123457106	0	0	1	215	0	0	0	0	0	0	0	0	0	0	0	0	757	80	7	108	3	7	74	74	0	0	0	53	[]	0	1
58	123457106	0	0	1	215	0	0	0	0	0	0	0	0	0	0	0	0	757	82	7	108	3	7	74	74	0	0	0	53	[]	0	1
59	123457106	0	0	1	215	0	0	0	0	0	0	0	0	0	0	0	0	757	83	7	108	3	7	74	74	0	0	0	53	[]	0	1
60	123457106	0	0	1	215	0	0	0	0	0	0	0	0	0	0	0	0	757	84	7	108	3	7	74	74	0	0	0	53	[]	0	1
