day	seedRun	susceptible	exposed	infected	removed	susceptible-in-quarantine	exposed-in-quarantine	infected-in-quarantine	removed-in-quarantine	susceptible-in-quarantine-external-1	exposed-in-quarantine-external-1	infected-in-quarantine-external-1	removed-in-quarantine-external-1	susceptible-in-quarantine-external-2	exposed-in-quarantine-external-2	infected-in-quarantine-external-2	removed-in-quarantine-external-2	num-of-screened-agents	num-of-screened-agents-external-1	num-of-screened-agents-external-2	num-of-positive-agents	num-of-positive-agents-external-1	num-of-positive-agents-external-2	num-vaccinated	num-immunized	num-immunized-in-quarantine	num-immunized-in-quarantine-external-1	num-immunized-in-quarantine-external-2	num-infected-outside	classroom-in-quarantine	num-of-classroom-in-quarantine	classroom-with-at-least-one-infected
0	123456996	173	0	0	0	0	0	0	0	0	0	0	0	0	0	0	0	0	0	0	0	0	0	218	117	0	0	0	0	[]	0	0
1	123456996	171	2	0	0	0	0	0	0	0	0	0	0	0	0	0	0	0	2	0	0	0	0	218	117	0	0	0	2	[]	0	0
2	123456996	169	4	0	0	0	0	0	0	0	0	0	0	0	0	0	0	0	3	0	0	0	0	218	117	0	0	0	4	[]	0	0
3	123456996	159	12	2	0	0	0	0	0	0	0	0	0	0	0	0	0	0	4	0	0	0	0	218	117	0	0	0	6	[]	0	1
4	123456996	147	21	4	1	0	0	0	0	0	0	0	0	0	0	0	0	0	5	0	0	0	0	218	117	0	0	0	9	[]	0	2
5	123456996	139	21	11	1	0	0	0	0	0	0	0	0	0	0	1	0	19	5	1	0	0	1	218	117	0	0	0	10	[]	0	3
6	123456996	135	8	14	1	3	4	5	0	0	0	0	0	0	0	3	0	57	6	3	5	0	3	218	110	7	0	0	11	[1B]	1	5
7	123456996	135	5	15	3	3	2	7	0	0	0	0	0	0	0	3	0	57	8	3	5	0	3	218	110	7	0	0	11	[1B]	1	6
8	123456996	124	16	11	7	3	1	7	1	0	0	0	0	0	0	2	1	57	10	3	5	0	3	218	110	7	0	0	13	[1B]	1	5
9	123456996	113	24	13	8	3	1	6	2	0	0	0	0	0	0	1	2	57	10	3	5	0	3	218	110	7	0	0	13	[1B]	1	4
10	123456996	105	28	13	11	3	0	7	2	0	0	0	0	0	0	2	2	95	11	4	5	0	4	218	110	7	0	0	13	[1B]	1	5
11	123456996	89	35	15	14	3	0	9	3	0	0	0	0	0	0	3	2	133	11	5	8	0	5	218	110	7	0	0	18	[1B]	1	6
12	123456996	65	40	17	14	3	6	16	6	0	0	1	0	0	0	3	2	152	13	5	15	1	5	218	107	10	0	0	19	[1B 1C]	2	9
13	123456996	64	32	24	16	3	4	17	7	0	0	1	0	0	0	3	2	152	13	5	15	1	5	218	107	10	0	0	20	[1B 1C]	2	9
14	123456996	58	16	20	16	7	12	23	13	0	0	1	0	0	0	5	2	190	15	7	23	1	7	218	93	24	0	0	22	[1B 1C 2D 1A]	4	9
15	123456996	42	28	21	20	7	8	24	16	0	0	0	1	0	0	5	1	209	15	7	23	1	7	218	93	24	0	0	23	[1B 1C 2D 1A]	4	9
16	123456996	38	29	22	26	4	8	19	22	0	0	0	1	0	0	4	0	225	15	7	24	1	7	218	94	23	0	0	24	[1C 2D 1A 3A]	4	8
17	123456996	27	35	25	28	4	6	21	22	0	0	0	1	0	0	4	0	225	17	7	24	1	7	218	94	23	0	0	24	[1C 2D 1A 3A]	4	9
18	123456996	18	36	30	31	4	3	22	24	0	0	0	1	0	0	4	0	225	22	7	24	1	7	218	94	23	0	0	25	[1C 2D 1A 3A]	4	11
19	123456996	14	30	31	36	4	2	22	28	0	0	0	1	0	0	5	0	244	23	8	27	1	8	218	94	23	0	0	25	[1C 2D 1A 3A]	4	12
20	123456996	14	19	25	31	4	2	27	44	0	0	0	1	0	0	6	0	282	25	10	37	1	10	218	77	40	0	0	25	[1C 2D 1A 3A 3D 1D]	6	12
21	123456996	13	13	26	37	4	2	24	47	0	0	0	1	0	0	6	0	282	27	10	37	1	10	218	77	40	0	0	26	[1C 2D 1A 3A 3D 1D]	6	11
22	123456996	7	8	15	50	8	5	26	46	0	0	0	0	0	0	6	2	320	29	12	45	1	12	218	66	51	0	0	26	[2D 1A 3A 3D 1D 3C 2A]	7	10
23	123456996	4	10	13	53	8	3	24	50	0	0	0	0	0	0	6	2	320	31	12	45	1	12	218	66	51	0	0	27	[2D 1A 3A 3D 1D 3C 2A]	7	11
24	123456996	7	9	11	75	4	1	19	40	0	0	0	0	0	0	5	2	355	32	13	48	1	13	218	80	37	0	0	28	[3A 3D 1D 3C 2A]	5	9
25	123456996	6	8	12	76	4	1	17	42	0	0	0	0	0	0	5	2	355	32	13	48	1	13	218	80	37	0	0	28	[3A 3D 1D 3C 2A]	5	9
26	123456996	6	7	12	91	4	0	15	32	0	0	0	0	0	0	5	1	355	34	13	48	1	13	218	86	31	0	0	28	[3D 1D 3C 2A]	4	8
27	123456996	6	4	14	92	4	0	13	34	0	0	0	0	0	0	4	2	355	35	13	48	1	13	218	86	31	0	0	28	[3D 1D 3C 2A]	4	8
28	123456996	6	3	13	94	4	0	12	35	0	0	0	0	0	0	3	3	355	36	13	48	1	13	218	86	31	0	0	28	[3D 1D 3C 2A]	4	8
29	123456996	6	1	12	101	4	0	10	34	0	0	0	0	0	0	1	4	371	37	13	48	1	13	218	86	31	0	0	28	[3D 1D 3C 2A]	4	7
30	123456996	4	3	10	126	4	0	6	17	0	0	0	0	0	0	1	2	371	39	13	48	1	13	218	103	14	0	0	28	[3C 2A]	2	5
31	123456996	4	2	9	128	4	0	6	17	0	0	0	0	0	0	1	2	371	39	13	48	1	13	218	103	14	0	0	28	[3C 2A]	2	6
32	123456996	7	2	9	151	0	0	2	1	0	0	0	0	0	0	0	1	371	42	13	48	1	13	218	117	0	0	0	29	[]	0	4
33	123456996	6	1	8	151	0	0	4	1	0	0	0	0	0	0	1	1	390	45	14	50	1	14	218	117	0	0	0	29	[]	0	5
34	123456996	6	0	9	155	0	0	2	0	0	0	0	0	0	0	1	0	390	47	14	50	1	14	218	117	0	0	0	29	[]	0	4
35	123456996	5	1	7	157	0	0	2	0	0	0	0	0	0	0	1	0	390	50	14	50	1	14	218	117	0	0	0	30	[]	0	4
36	123456996	3	2	7	158	0	0	1	1	0	0	0	0	0	0	1	0	390	52	14	50	1	14	218	117	0	0	0	30	[]	0	5
37	123456996	0	4	7	159	0	0	1	1	0	0	0	0	0	0	1	0	390	53	14	50	1	14	218	117	0	0	0	30	[]	0	4
38	123456996	0	4	7	159	0	0	1	1	0	0	0	0	0	0	1	0	390	53	14	50	1	14	218	117	0	0	0	30	[]	0	4
39	123456996	0	1	6	160	0	0	3	1	0	0	0	0	0	0	2	0	409	57	15	52	1	15	218	117	0	0	0	30	[]	0	4
40	123456996	0	1	6	160	0	0	2	2	0	0	0	0	0	0	2	0	409	57	15	52	1	15	218	117	0	0	0	30	[]	0	4
41	123456996	0	0	7	160	0	0	2	2	0	0	0	0	0	0	2	0	409	57	15	52	1	15	218	117	0	0	0	30	[]	0	4
42	123456996	0	0	4	160	0	0	4	2	0	0	0	0	0	0	3	0	428	58	16	54	1	16	218	117	0	0	0	30	[]	0	4
43	123456996	0	0	3	164	0	0	3	1	0	0	0	0	0	0	2	0	428	60	16	54	1	16	218	117	0	0	0	30	[]	0	2
44	123456996	0	0	3	164	0	0	3	1	0	0	0	0	0	0	2	0	445	61	16	54	1	16	218	117	0	0	0	30	[]	0	2
45	123456996	0	0	2	165	0	0	2	2	0	0	0	0	0	0	1	1	445	63	16	54	1	16	218	117	0	0	0	30	[]	0	2
46	123456996	0	0	2	165	0	0	1	3	0	0	0	0	0	0	1	1	445	66	16	54	1	16	218	117	0	0	0	30	[]	0	1
47	123456996	0	0	1	166	0	0	1	3	0	0	0	0	0	0	1	1	462	67	16	54	1	16	218	117	0	0	0	30	[]	0	1
48	123456996	0	0	1	166	0	0	1	3	0	0	0	0	0	0	1	1	462	68	16	54	1	16	218	117	0	0	0	30	[]	0	1
49	123456996	0	0	1	169	0	0	0	2	0	0	0	0	0	0	0	1	462	70	16	54	1	16	218	117	0	0	0	30	[]	0	0
50	123456996	0	0	1	169	0	0	0	2	0	0	0	0	0	0	0	1	462	72	16	54	1	16	218	117	0	0	0	30	[]	0	0
51	123456996	0	0	1	169	0	0	0	2	0	0	0	0	0	0	0	1	462	76	16	54	1	16	218	117	0	0	0	30	[]	0	0
52	123456996	0	0	1	172	0	0	0	0	0	0	0	0	0	0	0	0	462	79	16	54	1	16	218	117	0	0	0	30	[]	0	0
53	123456996	0	0	1	172	0	0	0	0	0	0	0	0	0	0	0	0	462	79	16	54	1	16	218	117	0	0	0	30	[]	0	0
54	123456996	0	0	1	172	0	0	0	0	0	0	0	0	0	0	0	0	462	80	16	54	1	16	218	117	0	0	0	30	[]	0	0
55	123456996	0	0	1	172	0	0	0	0	0	0	0	0	0	0	0	0	462	80	16	54	1	16	218	117	0	0	0	30	[]	0	0
56	123456996	0	0	1	172	0	0	0	0	0	0	0	0	0	0	0	0	462	81	16	54	1	16	218	117	0	0	0	30	[]	0	0
57	123456996	0	0	1	172	0	0	0	0	0	0	0	0	0	0	0	0	462	84	16	54	1	16	218	117	0	0	0	30	[]	0	0
58	123456996	0	0	0	173	0	0	0	0	0	0	0	0	0	0	0	0	462	85	16	54	1	16	218	117	0	0	0	30	[]	0	0
59	123456996	0	0	0	173	0	0	0	0	0	0	0	0	0	0	0	0	462	87	16	54	1	16	218	117	0	0	0	30	[]	0	0
60	123456996	0	0	0	173	0	0	0	0	0	0	0	0	0	0	0	0	462	87	16	54	1	16	218	117	0	0	0	30	[]	0	0
