day	seedRun	susceptible	exposed	infected	removed	susceptible-in-quarantine	exposed-in-quarantine	infected-in-quarantine	removed-in-quarantine	susceptible-in-quarantine-external-1	exposed-in-quarantine-external-1	infected-in-quarantine-external-1	removed-in-quarantine-external-1	susceptible-in-quarantine-external-2	exposed-in-quarantine-external-2	infected-in-quarantine-external-2	removed-in-quarantine-external-2	num-of-screened-agents	num-of-screened-agents-external-1	num-of-screened-agents-external-2	num-of-positive-agents	num-of-positive-agents-external-1	num-of-positive-agents-external-2	num-vaccinated	num-immunized	num-immunized-in-quarantine	num-immunized-in-quarantine-external-1	num-immunized-in-quarantine-external-2	num-infected-outside	classroom-in-quarantine	num-of-classroom-in-quarantine	classroom-with-at-least-one-infected
0	123456992	216	0	0	0	0	0	0	0	0	0	0	0	0	0	0	0	0	0	0	0	0	0	146	74	0	0	0	0	[]	0	0
1	123456992	214	2	0	0	0	0	0	0	0	0	0	0	0	0	0	0	0	0	0	0	0	0	146	74	0	0	0	2	[]	0	0
2	123456992	210	6	0	0	0	0	0	0	0	0	0	0	0	0	0	0	0	2	0	0	0	0	146	74	0	0	0	6	[]	0	0
3	123456992	209	7	0	0	0	0	0	0	0	0	0	0	0	0	0	0	0	3	0	0	0	0	146	74	0	0	0	7	[]	0	0
4	123456992	200	13	3	0	0	0	0	0	0	0	0	0	0	0	0	0	0	5	0	0	0	0	146	74	0	0	0	8	[]	0	2
5	123456992	188	23	5	0	0	0	0	0	0	0	0	0	0	0	0	0	0	6	0	0	0	0	146	74	0	0	0	16	[]	0	4
6	123456992	183	25	7	1	0	0	0	0	0	0	0	0	0	0	0	0	0	9	0	0	0	0	146	74	0	0	0	21	[]	0	6
7	123456992	178	26	10	2	0	0	0	0	0	0	0	0	0	0	0	0	0	13	0	0	0	0	146	74	0	0	0	26	[]	0	7
8	123456992	153	44	16	2	0	0	0	0	0	0	0	0	0	0	1	0	0	15	1	0	0	1	146	74	0	0	0	26	[]	0	8
9	123456992	124	66	20	5	0	0	0	0	0	0	0	0	0	0	1	0	0	16	1	0	0	1	146	74	0	0	0	29	[]	0	10
10	123456992	100	74	31	9	0	0	0	0	0	0	0	0	0	0	2	0	0	20	2	0	0	2	146	74	0	0	0	31	[]	0	10
11	123456992	75	79	46	13	0	0	0	0	0	0	0	0	0	0	3	0	0	22	3	0	0	3	146	74	0	0	0	34	[]	0	10
12	123456992	58	79	58	16	0	0	0	0	0	0	0	0	0	0	5	0	0	25	5	0	0	5	146	74	0	0	0	35	[]	0	11
13	123456992	58	59	71	21	0	0	0	0	0	0	0	0	0	0	7	0	0	27	7	0	0	7	146	74	0	0	0	35	[]	0	12
14	123456992	58	35	83	30	0	0	0	0	0	0	0	0	0	0	9	1	0	27	10	0	0	10	146	74	0	0	0	35	[]	0	12
15	123456992	29	57	80	39	0	0	0	0	0	0	0	0	0	0	6	5	0	29	11	0	0	11	146	74	0	0	0	37	[]	0	12
16	123456992	20	53	73	56	0	0	0	0	0	0	0	0	0	0	8	6	0	30	14	0	0	14	146	74	0	0	0	37	[]	0	12
17	123456992	10	49	74	64	0	0	0	0	0	0	1	0	0	0	11	7	0	32	18	0	1	18	146	74	0	0	0	37	[]	0	12
18	123456992	7	39	74	76	0	0	0	0	0	0	0	1	0	0	11	8	0	32	20	0	1	20	146	74	0	0	0	37	[]	0	11
19	123456992	6	31	67	88	0	0	0	0	0	0	0	1	0	0	14	9	0	33	24	0	1	24	146	74	0	0	0	37	[]	0	12
20	123456992	6	22	66	98	0	0	0	0	0	0	0	1	0	0	12	11	0	33	25	0	1	25	146	74	0	0	0	37	[]	0	12
21	123456992	6	18	54	112	0	0	0	0	0	0	1	1	0	0	14	10	0	34	27	0	2	27	146	74	0	0	0	37	[]	0	12
22	123456992	5	16	47	120	0	0	0	0	0	0	1	1	0	0	15	11	0	34	31	0	2	31	146	74	0	0	0	37	[]	0	12
23	123456992	5	10	45	129	0	0	0	0	0	0	1	1	0	0	11	14	0	35	32	0	2	32	146	74	0	0	0	37	[]	0	11
24	123456992	3	11	40	137	0	0	0	0	0	0	1	1	0	0	10	13	0	36	33	0	2	33	146	74	0	0	0	38	[]	0	11
25	123456992	3	7	33	148	0	0	0	0	0	0	1	1	0	0	9	14	0	37	34	0	2	34	146	74	0	0	0	38	[]	0	12
26	123456992	3	6	32	153	0	0	0	0	0	0	1	1	0	0	6	14	0	37	34	0	2	34	146	74	0	0	0	38	[]	0	11
27	123456992	2	5	27	163	0	0	0	0	0	0	1	0	0	0	7	11	0	39	36	0	2	36	146	74	0	0	0	39	[]	0	10
28	123456992	2	5	22	168	0	0	0	0	0	0	1	0	0	0	6	12	0	41	38	0	2	38	146	74	0	0	0	39	[]	0	10
29	123456992	2	4	19	176	0	0	0	0	0	0	1	0	0	0	5	9	0	41	38	0	2	38	146	74	0	0	0	39	[]	0	9
30	123456992	2	3	13	183	0	0	0	0	0	0	2	0	0	0	5	8	0	43	38	0	3	38	146	74	0	0	0	39	[]	0	9
31	123456992	2	0	16	186	0	0	0	0	0	0	1	0	0	0	4	7	0	43	38	0	3	38	146	74	0	0	0	39	[]	0	10
32	123456992	2	0	13	193	0	0	0	0	0	0	1	0	0	0	2	5	0	49	38	0	3	38	146	74	0	0	0	39	[]	0	10
33	123456992	1	1	10	196	0	0	0	0	0	0	1	0	0	0	3	4	0	49	39	0	3	39	146	74	0	0	0	39	[]	0	10
34	123456992	1	1	9	197	0	0	0	0	0	0	1	1	0	0	3	3	0	52	39	0	4	39	146	74	0	0	0	39	[]	0	9
35	123456992	1	1	8	199	0	0	0	0	0	0	1	1	0	0	2	3	0	52	39	0	4	39	146	74	0	0	0	39	[]	0	8
36	123456992	1	1	8	199	0	0	0	0	0	0	1	1	0	0	2	3	0	53	39	0	4	39	146	74	0	0	0	39	[]	0	8
37	123456992	1	0	6	203	0	0	0	0	0	0	1	1	0	0	2	2	0	55	40	0	4	40	146	74	0	0	0	39	[]	0	6
38	123456992	1	0	6	205	0	0	0	0	0	0	0	2	0	0	1	1	0	55	40	0	4	40	146	74	0	0	0	39	[]	0	4
39	123456992	1	0	6	205	0	0	0	0	0	0	0	2	0	0	1	1	0	56	40	0	4	40	146	74	0	0	0	39	[]	0	4
40	123456992	1	0	5	207	0	0	0	0	0	0	0	1	0	0	1	1	0	57	40	0	4	40	146	74	0	0	0	39	[]	0	4
41	123456992	1	0	5	207	0	0	0	0	0	0	0	1	0	0	1	1	0	58	40	0	4	40	146	74	0	0	0	39	[]	0	4
42	123456992	1	0	5	207	0	0	0	0	0	0	0	1	0	0	1	1	0	58	40	0	4	40	146	74	0	0	0	39	[]	0	4
43	123456992	1	0	4	209	0	0	0	0	0	0	0	1	0	0	1	0	0	59	40	0	4	40	146	74	0	0	0	39	[]	0	3
44	123456992	1	0	3	211	0	0	0	0	0	0	0	0	0	0	1	0	0	60	40	0	4	40	146	74	0	0	0	39	[]	0	2
45	123456992	1	0	2	212	0	0	0	0	0	0	0	0	0	0	1	0	0	62	40	0	4	40	146	74	0	0	0	39	[]	0	2
46	123456992	1	0	2	212	0	0	0	0	0	0	0	0	0	0	0	1	0	64	40	0	4	40	146	74	0	0	0	39	[]	0	1
47	123456992	1	0	2	213	0	0	0	0	0	0	0	0	0	0	0	0	0	65	40	0	4	40	146	74	0	0	0	39	[]	0	1
48	123456992	1	0	2	213	0	0	0	0	0	0	0	0	0	0	0	0	0	66	40	0	4	40	146	74	0	0	0	39	[]	0	1
49	123456992	1	0	1	214	0	0	0	0	0	0	0	0	0	0	0	0	0	68	40	0	4	40	146	74	0	0	0	39	[]	0	1
50	123456992	1	0	1	214	0	0	0	0	0	0	0	0	0	0	0	0	0	69	40	0	4	40	146	74	0	0	0	39	[]	0	1
51	123456992	1	0	1	214	0	0	0	0	0	0	0	0	0	0	0	0	0	70	40	0	4	40	146	74	0	0	0	39	[]	0	1
52	123456992	1	0	0	215	0	0	0	0	0	0	0	0	0	0	0	0	0	71	40	0	4	40	146	74	0	0	0	39	[]	0	0
53	123456992	1	0	0	215	0	0	0	0	0	0	0	0	0	0	0	0	0	72	40	0	4	40	146	74	0	0	0	39	[]	0	0
54	123456992	1	0	0	215	0	0	0	0	0	0	0	0	0	0	0	0	0	73	40	0	4	40	146	74	0	0	0	39	[]	0	0
55	123456992	1	0	0	215	0	0	0	0	0	0	0	0	0	0	0	0	0	77	40	0	4	40	146	74	0	0	0	39	[]	0	0
56	123456992	1	0	0	215	0	0	0	0	0	0	0	0	0	0	0	0	0	81	40	0	4	40	146	74	0	0	0	39	[]	0	0
57	123456992	1	0	0	215	0	0	0	0	0	0	0	0	0	0	0	0	0	86	40	0	4	40	146	74	0	0	0	39	[]	0	0
58	123456992	1	0	0	215	0	0	0	0	0	0	0	0	0	0	0	0	0	91	40	0	4	40	146	74	0	0	0	39	[]	0	0
59	123456992	1	0	0	215	0	0	0	0	0	0	0	0	0	0	0	0	0	91	40	0	4	40	146	74	0	0	0	39	[]	0	0
60	123456992	1	0	0	215	0	0	0	0	0	0	0	0	0	0	0	0	0	93	40	0	4	40	146	74	0	0	0	39	[]	0	0
