day	seedRun	susceptible	exposed	infected	removed	susceptible-in-quarantine	exposed-in-quarantine	infected-in-quarantine	removed-in-quarantine	susceptible-in-quarantine-external-1	exposed-in-quarantine-external-1	infected-in-quarantine-external-1	removed-in-quarantine-external-1	susceptible-in-quarantine-external-2	exposed-in-quarantine-external-2	infected-in-quarantine-external-2	removed-in-quarantine-external-2	num-of-screened-agents	num-of-screened-agents-external-1	num-of-screened-agents-external-2	num-of-positive-agents	num-of-positive-agents-external-1	num-of-positive-agents-external-2	num-vaccinated	num-immunized	num-immunized-in-quarantine	num-immunized-in-quarantine-external-1	num-immunized-in-quarantine-external-2	num-infected-outside	classroom-in-quarantine	num-of-classroom-in-quarantine	classroom-with-at-least-one-infected
0	123457171	172	0	0	0	0	0	0	0	0	0	0	0	0	0	0	0	0	0	0	0	0	0	218	118	0	0	0	0	[]	0	0
1	123457171	172	0	0	0	0	0	0	0	0	0	0	0	0	0	0	0	0	2	0	0	0	0	218	118	0	0	0	0	[]	0	0
2	123457171	172	0	0	0	0	0	0	0	0	0	0	0	0	0	0	0	0	2	0	0	0	0	218	118	0	0	0	0	[]	0	0
3	123457171	171	1	0	0	0	0	0	0	0	0	0	0	0	0	0	0	0	6	0	0	0	0	218	118	0	0	0	1	[]	0	0
4	123457171	165	6	1	0	0	0	0	0	0	0	0	0	0	0	0	0	0	8	0	0	0	0	218	118	0	0	0	1	[]	0	1
5	123457171	162	9	1	0	0	0	0	0	0	0	0	0	0	0	0	0	0	9	0	0	0	0	218	118	0	0	0	1	[]	0	1
6	123457171	162	7	3	0	0	0	0	0	0	0	0	0	0	0	0	0	0	10	0	0	0	0	218	118	0	0	0	1	[]	0	1
7	123457171	162	7	3	0	0	0	0	0	0	0	0	0	0	0	0	0	0	12	0	0	0	0	218	118	0	0	0	1	[]	0	1
8	123457171	159	8	5	0	0	0	0	0	0	0	0	0	0	0	0	0	0	13	0	0	0	0	218	118	0	0	0	1	[]	0	1
9	123457171	159	6	5	2	0	0	0	0	0	0	0	0	0	0	0	0	0	14	1	0	1	1	218	118	0	0	0	1	[]	0	1
10	123457171	158	6	5	3	0	0	0	0	0	0	0	0	0	0	0	0	0	16	1	0	1	1	218	118	0	0	0	1	[]	0	1
11	123457171	145	16	7	4	0	0	0	0	0	0	0	0	0	0	0	0	0	16	1	0	1	1	218	118	0	0	0	1	[]	0	1
12	123457171	139	19	10	4	0	0	0	0	0	0	0	0	0	0	0	0	0	17	1	0	1	1	218	118	0	0	0	2	[]	0	2
13	123457171	139	16	11	6	0	0	0	0	0	0	0	0	0	0	0	0	0	18	1	0	1	1	218	118	0	0	0	2	[]	0	3
14	123457171	139	12	14	7	0	0	0	0	0	0	0	0	0	0	0	0	0	20	1	0	1	1	218	118	0	0	0	2	[]	0	5
15	123457171	118	30	15	9	0	0	0	0	0	0	0	0	0	0	0	0	0	20	2	0	1	2	218	118	0	0	0	2	[]	0	6
16	123457171	91	48	22	11	0	0	0	0	0	0	0	0	0	0	0	0	0	20	2	0	1	2	218	118	0	0	0	2	[]	0	6
17	123457171	74	54	31	13	0	0	0	0	0	0	0	0	0	0	0	0	0	23	5	0	1	5	218	118	0	0	0	2	[]	0	6
18	123457171	57	60	38	17	0	0	0	0	0	0	0	0	0	0	0	0	0	24	7	0	1	7	218	118	0	0	0	2	[]	0	8
19	123457171	38	67	44	23	0	0	0	0	0	0	0	0	0	0	0	0	0	26	11	0	1	11	218	118	0	0	0	2	[]	0	9
20	123457171	38	49	57	28	0	0	0	0	0	0	0	0	0	0	0	0	0	27	12	0	1	12	218	118	0	0	0	2	[]	0	10
21	123457171	38	36	62	36	0	0	0	0	0	0	0	0	0	0	0	0	0	29	15	0	1	15	218	118	0	0	0	2	[]	0	9
22	123457171	17	43	70	42	0	0	0	0	0	0	0	0	0	0	0	0	0	32	17	0	3	17	218	118	0	0	0	2	[]	0	11
23	123457171	11	41	71	49	0	0	0	0	0	0	0	0	0	0	0	0	0	34	19	0	3	19	218	118	0	0	0	2	[]	0	11
24	123457171	4	38	68	62	0	0	0	0	0	0	0	0	0	0	0	0	0	36	21	0	3	21	218	118	0	0	0	2	[]	0	12
25	123457171	1	32	70	69	0	0	0	0	0	0	0	0	0	0	0	0	0	38	22	0	4	22	218	118	0	0	0	2	[]	0	12
26	123457171	0	26	65	81	0	0	0	0	0	0	0	0	0	0	0	0	0	41	27	0	6	27	218	118	0	0	0	2	[]	0	12
27	123457171	0	17	67	88	0	0	0	0	0	0	0	0	0	0	0	0	0	43	28	0	8	28	218	118	0	0	0	2	[]	0	12
28	123457171	0	14	63	95	0	0	0	0	0	0	0	0	0	0	0	0	0	44	30	0	8	30	218	118	0	0	0	2	[]	0	12
29	123457171	0	9	57	106	0	0	0	0	0	0	0	0	0	0	0	0	0	46	31	0	8	31	218	118	0	0	0	2	[]	0	12
30	123457171	0	6	53	113	0	0	0	0	0	0	0	0	0	0	0	0	0	48	31	0	8	31	218	118	0	0	0	2	[]	0	12
31	123457171	0	4	44	124	0	0	0	0	0	0	0	0	0	0	0	0	0	52	31	0	8	31	218	118	0	0	0	2	[]	0	11
32	123457171	0	3	41	128	0	0	0	0	0	0	0	0	0	0	0	0	0	55	32	0	8	32	218	118	0	0	0	2	[]	0	11
33	123457171	0	1	37	134	0	0	0	0	0	0	0	0	0	0	0	0	0	57	33	0	9	33	218	118	0	0	0	2	[]	0	11
34	123457171	0	1	28	143	0	0	0	0	0	0	0	0	0	0	0	0	0	62	34	0	9	34	218	118	0	0	0	2	[]	0	10
35	123457171	0	1	26	145	0	0	0	0	0	0	0	0	0	0	0	0	0	65	35	0	9	35	218	118	0	0	0	2	[]	0	9
36	123457171	0	0	23	149	0	0	0	0	0	0	0	0	0	0	0	0	0	65	36	0	9	36	218	118	0	0	0	2	[]	0	9
37	123457171	0	0	20	152	0	0	0	0	0	0	0	0	0	0	0	0	0	66	37	0	9	37	218	118	0	0	0	2	[]	0	9
38	123457171	0	0	16	156	0	0	0	0	0	0	0	0	0	0	0	0	0	68	37	0	9	37	218	118	0	0	0	2	[]	0	9
39	123457171	0	0	13	159	0	0	0	0	0	0	0	0	0	0	0	0	0	69	37	0	9	37	218	118	0	0	0	2	[]	0	8
40	123457171	0	0	12	160	0	0	0	0	0	0	0	0	0	0	0	0	0	72	37	0	9	37	218	118	0	0	0	2	[]	0	8
41	123457171	0	0	9	163	0	0	0	0	0	0	0	0	0	0	0	0	0	74	37	0	9	37	218	118	0	0	0	2	[]	0	6
42	123457171	0	0	8	164	0	0	0	0	0	0	0	0	0	0	0	0	0	77	37	0	9	37	218	118	0	0	0	2	[]	0	5
43	123457171	0	0	8	164	0	0	0	0	0	0	0	0	0	0	0	0	0	81	37	0	9	37	218	118	0	0	0	2	[]	0	5
44	123457171	0	0	5	167	0	0	0	0	0	0	0	0	0	0	0	0	0	82	37	0	9	37	218	118	0	0	0	2	[]	0	3
45	123457171	0	0	5	167	0	0	0	0	0	0	0	0	0	0	0	0	0	82	37	0	9	37	218	118	0	0	0	2	[]	0	3
46	123457171	0	0	5	167	0	0	0	0	0	0	0	0	0	0	0	0	0	84	38	0	9	38	218	118	0	0	0	2	[]	0	3
47	123457171	0	0	4	168	0	0	0	0	0	0	0	0	0	0	0	0	0	87	38	0	9	38	218	118	0	0	0	2	[]	0	3
48	123457171	0	0	4	168	0	0	0	0	0	0	0	0	0	0	0	0	0	89	38	0	9	38	218	118	0	0	0	2	[]	0	3
49	123457171	0	0	2	170	0	0	0	0	0	0	0	0	0	0	0	0	0	91	38	0	9	38	218	118	0	0	0	2	[]	0	2
50	123457171	0	0	2	170	0	0	0	0	0	0	0	0	0	0	0	0	0	92	38	0	9	38	218	118	0	0	0	2	[]	0	2
51	123457171	0	0	2	170	0	0	0	0	0	0	0	0	0	0	0	0	0	94	38	0	9	38	218	118	0	0	0	2	[]	0	2
52	123457171	0	0	2	170	0	0	0	0	0	0	0	0	0	0	0	0	0	97	38	0	9	38	218	118	0	0	0	2	[]	0	2
53	123457171	0	0	2	170	0	0	0	0	0	0	0	0	0	0	0	0	0	97	38	0	9	38	218	118	0	0	0	2	[]	0	2
54	123457171	0	0	2	170	0	0	0	0	0	0	0	0	0	0	0	0	0	100	38	0	9	38	218	118	0	0	0	2	[]	0	2
55	123457171	0	0	1	171	0	0	0	0	0	0	0	0	0	0	0	0	0	102	38	0	9	38	218	118	0	0	0	2	[]	0	1
56	123457171	0	0	1	171	0	0	0	0	0	0	0	0	0	0	0	0	0	102	38	0	9	38	218	118	0	0	0	2	[]	0	1
57	123457171	0	0	1	171	0	0	0	0	0	0	0	0	0	0	0	0	0	108	38	0	9	38	218	118	0	0	0	2	[]	0	1
58	123457171	0	0	1	171	0	0	0	0	0	0	0	0	0	0	0	0	0	109	38	0	9	38	218	118	0	0	0	2	[]	0	1
59	123457171	0	0	0	172	0	0	0	0	0	0	0	0	0	0	0	0	0	110	38	0	9	38	218	118	0	0	0	2	[]	0	0
60	123457171	0	0	0	172	0	0	0	0	0	0	0	0	0	0	0	0	0	110	38	0	9	38	218	118	0	0	0	2	[]	0	0
