day	seedRun	susceptible	exposed	infected	removed	susceptible-in-quarantine	exposed-in-quarantine	infected-in-quarantine	removed-in-quarantine	susceptible-in-quarantine-external-1	exposed-in-quarantine-external-1	infected-in-quarantine-external-1	removed-in-quarantine-external-1	susceptible-in-quarantine-external-2	exposed-in-quarantine-external-2	infected-in-quarantine-external-2	removed-in-quarantine-external-2	num-of-screened-agents	num-of-screened-agents-external-1	num-of-screened-agents-external-2	num-of-positive-agents	num-of-positive-agents-external-1	num-of-positive-agents-external-2	num-vaccinated	num-immunized	num-immunized-in-quarantine	num-immunized-in-quarantine-external-1	num-immunized-in-quarantine-external-2	num-infected-outside	classroom-in-quarantine	num-of-classroom-in-quarantine	classroom-with-at-least-one-infected
0	123456812	244	0	0	0	0	0	0	0	0	0	0	0	0	0	0	0	0	0	0	0	0	0	74	46	0	0	0	0	[]	0	0
1	123456812	244	0	0	0	0	0	0	0	0	0	0	0	0	0	0	0	0	0	0	0	0	0	74	46	0	0	0	0	[]	0	0
2	123456812	242	2	0	0	0	0	0	0	0	0	0	0	0	0	0	0	0	2	0	0	0	0	74	46	0	0	0	2	[]	0	0
3	123456812	235	8	1	0	0	0	0	0	0	0	0	0	0	0	0	0	0	3	0	0	0	0	74	46	0	0	0	2	[]	0	1
4	123456812	223	18	3	0	0	0	0	0	0	0	0	0	0	0	0	0	0	6	0	0	0	0	74	46	0	0	0	2	[]	0	1
5	123456812	222	3	1	0	1	11	5	0	0	0	0	0	0	0	1	0	19	9	1	5	0	1	74	44	2	0	0	2	[3B]	1	1
6	123456812	222	1	3	0	1	9	6	1	0	0	0	0	0	0	1	0	19	10	1	5	0	1	74	44	2	0	0	2	[3B]	1	2
7	123456812	222	0	4	0	1	6	6	4	0	0	0	0	0	0	1	0	19	13	1	5	0	1	74	44	2	0	0	2	[3B]	1	3
8	123456812	199	23	4	0	1	5	5	6	0	0	0	0	0	0	1	0	19	14	1	5	0	1	74	44	2	0	0	2	[3B]	1	3
9	123456812	173	43	10	0	1	3	6	7	0	0	0	0	0	0	0	1	19	17	1	5	0	1	74	44	2	0	0	3	[3B]	1	3
10	123456812	149	54	21	2	1	1	6	9	0	0	0	0	0	0	0	1	19	17	1	5	0	1	74	44	2	0	0	3	[3B]	1	4
11	123456812	126	56	21	4	1	11	11	12	0	0	0	0	0	0	1	1	38	17	2	12	0	2	74	43	3	0	0	3	[3B 1C]	2	7
12	123456812	87	68	26	6	1	14	26	12	0	0	0	0	0	0	3	1	76	20	4	20	0	4	74	42	4	0	0	4	[3B 1C 3C]	3	8
13	123456812	87	54	36	10	1	11	25	16	0	0	0	0	0	0	3	1	76	20	4	20	0	4	74	42	4	0	0	4	[3B 1C 3C]	3	10
14	123456812	83	32	40	14	5	14	31	20	0	0	1	0	0	0	3	1	94	21	4	27	1	4	74	41	5	0	0	4	[3B 1C 3C 2D]	4	9
15	123456812	58	45	46	38	4	9	29	11	0	0	0	1	0	0	3	0	94	21	4	27	1	4	74	43	3	0	0	4	[1C 3C 2D]	3	8
16	123456812	44	40	44	41	5	15	28	22	0	0	1	1	0	0	3	0	113	22	4	32	2	4	74	41	5	0	0	4	[1C 3C 2D 1D]	4	9
17	123456812	24	47	49	49	5	11	32	22	0	0	1	1	0	0	3	0	113	26	4	32	2	4	74	41	5	0	0	4	[1C 3C 2D 1D]	4	10
18	123456812	19	35	29	30	5	14	49	55	0	0	4	1	0	0	3	0	170	29	4	51	5	4	74	37	9	0	0	4	[1C 3C 2D 1D 1A 2A 3A]	7	10
19	123456812	18	25	34	36	5	9	50	59	0	0	4	1	0	0	3	0	170	30	4	51	5	4	74	37	9	0	0	4	[1C 3C 2D 1D 1A 2A 3A]	7	11
20	123456812	18	9	21	28	5	12	66	75	0	0	4	1	0	0	5	0	208	30	6	66	5	6	74	34	12	0	0	4	[1C 3C 2D 1D 1A 2A 3A 2B 3D]	9	12
21	123456812	18	2	9	47	5	10	67	76	0	0	2	3	0	0	5	0	227	30	7	78	5	7	74	34	12	0	0	4	[3C 2D 1D 1A 2A 3A 2B 3D 1B]	9	10
22	123456812	13	7	7	68	5	9	49	77	0	0	2	3	0	0	3	1	227	31	7	78	5	7	74	35	11	0	0	4	[2D 1D 1A 2A 3A 2B 3D 1B]	8	9
23	123456812	2	14	8	71	5	3	49	83	0	0	2	3	0	0	2	2	227	31	7	78	5	7	74	35	11	0	0	4	[2D 1D 1A 2A 3A 2B 3D 1B]	8	9
24	123456812	6	10	11	87	1	2	40	80	0	0	2	2	0	0	1	2	227	31	7	78	5	7	74	36	10	0	0	4	[1D 1A 2A 3A 2B 3D 1B]	7	8
25	123456812	6	7	9	92	1	1	35	86	0	0	2	2	0	0	1	2	227	31	7	78	5	7	74	36	10	0	0	4	[1D 1A 2A 3A 2B 3D 1B]	7	8
26	123456812	7	0	1	104	0	7	29	89	0	0	3	1	0	0	1	2	246	34	7	85	6	7	74	38	8	0	0	4	[1A 2A 3A 2B 3D 1B 2C]	7	7
27	123456812	7	0	1	104	0	5	27	93	0	0	3	1	0	0	0	3	246	34	7	85	6	7	74	38	8	0	0	4	[1A 2A 3A 2B 3D 1B 2C]	7	7
28	123456812	7	0	0	161	0	5	21	46	0	0	1	0	0	0	0	3	246	36	7	85	6	7	74	42	4	0	0	4	[2B 3D 1B 2C]	4	4
29	123456812	7	0	0	161	0	4	16	52	0	0	1	0	0	0	0	3	246	37	7	85	6	7	74	42	4	0	0	4	[2B 3D 1B 2C]	4	4
30	123456812	7	0	0	198	0	2	11	24	0	0	1	0	0	0	0	1	246	37	7	85	6	7	74	45	1	0	0	4	[1B 2C]	2	2
31	123456812	7	0	0	217	0	2	7	10	0	0	1	0	0	0	0	0	246	39	7	85	6	7	74	46	0	0	0	4	[2C]	1	1
32	123456812	7	0	0	217	0	2	7	10	0	0	1	0	0	0	0	0	246	44	7	85	6	7	74	46	0	0	0	4	[2C]	1	1
33	123456812	7	0	0	217	0	1	8	10	0	0	1	0	0	0	0	0	246	45	7	85	6	7	74	46	0	0	0	4	[2C]	1	1
34	123456812	7	0	0	217	0	0	6	13	0	0	1	0	0	0	0	0	246	48	7	85	6	7	74	46	0	0	0	4	[2C]	1	1
35	123456812	7	0	0	217	0	0	4	15	0	0	1	0	0	0	0	0	246	48	7	85	6	7	74	46	0	0	0	4	[2C]	1	1
36	123456812	7	0	0	237	0	0	0	0	0	0	0	0	0	0	0	0	246	49	7	85	6	7	74	46	0	0	0	4	[]	0	0
37	123456812	7	0	0	237	0	0	0	0	0	0	0	0	0	0	0	0	246	49	7	85	6	7	74	46	0	0	0	4	[]	0	0
38	123456812	7	0	0	237	0	0	0	0	0	0	0	0	0	0	0	0	246	49	7	85	6	7	74	46	0	0	0	4	[]	0	0
39	123456812	7	0	0	237	0	0	0	0	0	0	0	0	0	0	0	0	246	50	7	85	6	7	74	46	0	0	0	4	[]	0	0
40	123456812	7	0	0	237	0	0	0	0	0	0	0	0	0	0	0	0	246	51	7	85	6	7	74	46	0	0	0	4	[]	0	0
41	123456812	7	0	0	237	0	0	0	0	0	0	0	0	0	0	0	0	246	53	7	85	6	7	74	46	0	0	0	4	[]	0	0
42	123456812	7	0	0	237	0	0	0	0	0	0	0	0	0	0	0	0	246	54	7	85	6	7	74	46	0	0	0	4	[]	0	0
43	123456812	7	0	0	237	0	0	0	0	0	0	0	0	0	0	0	0	246	57	7	85	6	7	74	46	0	0	0	4	[]	0	0
44	123456812	7	0	0	237	0	0	0	0	0	0	0	0	0	0	0	0	246	60	7	85	6	7	74	46	0	0	0	4	[]	0	0
45	123456812	7	0	0	237	0	0	0	0	0	0	0	0	0	0	0	0	246	62	7	85	6	7	74	46	0	0	0	4	[]	0	0
46	123456812	7	0	0	237	0	0	0	0	0	0	0	0	0	0	0	0	246	63	7	85	6	7	74	46	0	0	0	4	[]	0	0
47	123456812	7	0	0	237	0	0	0	0	0	0	0	0	0	0	0	0	246	65	7	85	6	7	74	46	0	0	0	4	[]	0	0
48	123456812	7	0	0	237	0	0	0	0	0	0	0	0	0	0	0	0	246	66	7	85	6	7	74	46	0	0	0	4	[]	0	0
49	123456812	7	0	0	237	0	0	0	0	0	0	0	0	0	0	0	0	246	66	7	85	6	7	74	46	0	0	0	4	[]	0	0
50	123456812	7	0	0	237	0	0	0	0	0	0	0	0	0	0	0	0	246	66	7	85	6	7	74	46	0	0	0	4	[]	0	0
51	123456812	7	0	0	237	0	0	0	0	0	0	0	0	0	0	0	0	246	68	7	85	6	7	74	46	0	0	0	4	[]	0	0
52	123456812	7	0	0	237	0	0	0	0	0	0	0	0	0	0	0	0	246	72	7	85	6	7	74	46	0	0	0	4	[]	0	0
53	123456812	7	0	0	237	0	0	0	0	0	0	0	0	0	0	0	0	246	76	7	85	6	7	74	46	0	0	0	4	[]	0	0
54	123456812	7	0	0	237	0	0	0	0	0	0	0	0	0	0	0	0	246	79	7	85	6	7	74	46	0	0	0	4	[]	0	0
55	123456812	7	0	0	237	0	0	0	0	0	0	0	0	0	0	0	0	246	80	7	85	6	7	74	46	0	0	0	4	[]	0	0
56	123456812	7	0	0	237	0	0	0	0	0	0	0	0	0	0	0	0	246	80	7	85	6	7	74	46	0	0	0	4	[]	0	0
57	123456812	7	0	0	237	0	0	0	0	0	0	0	0	0	0	0	0	246	81	7	85	6	7	74	46	0	0	0	4	[]	0	0
58	123456812	7	0	0	237	0	0	0	0	0	0	0	0	0	0	0	0	246	82	7	85	6	7	74	46	0	0	0	4	[]	0	0
59	123456812	7	0	0	237	0	0	0	0	0	0	0	0	0	0	0	0	246	83	7	85	6	7	74	46	0	0	0	4	[]	0	0
60	123456812	7	0	0	237	0	0	0	0	0	0	0	0	0	0	0	0	246	86	7	85	6	7	74	46	0	0	0	4	[]	0	0
