day	seedRun	susceptible	exposed	infected	removed	susceptible-in-quarantine	exposed-in-quarantine	infected-in-quarantine	removed-in-quarantine	susceptible-in-quarantine-external-1	exposed-in-quarantine-external-1	infected-in-quarantine-external-1	removed-in-quarantine-external-1	susceptible-in-quarantine-external-2	exposed-in-quarantine-external-2	infected-in-quarantine-external-2	removed-in-quarantine-external-2	num-of-screened-agents	num-of-screened-agents-external-1	num-of-screened-agents-external-2	num-of-positive-agents	num-of-positive-agents-external-1	num-of-positive-agents-external-2	num-vaccinated-susceptible	num-vaccinated-exposed	num-vaccinated-infected	num-vaccinated-removed	num-vaccinated-susceptible-in-quarantine	num-vaccinated-exposed-in-quarantine	num-vaccinated-infected-in-quarantine	num-vaccinated-removed-in-quarantine	num-vaccinated-susceptible-in-quarantine-external-1	num-vaccinated-exposed-in-quarantine-external-1	num-vaccinated-infected-in-quarantine-external-1	num-vaccinated-removed-in-quarantine-external-1	num-vaccinated-susceptible-in-quarantine-external-2	num-vaccinated-exposed-in-quarantine-external-2	num-vaccinated-infected-in-quarantine-external-2	num-vaccinated-removed-in-quarantine-external-2	num-infected-outside	classroom-in-quarantine	num-of-classroom-in-quarantine	classroom-with-at-least-one-infected
0	123456829	240	0	0	0	0	0	0	0	0	0	0	0	0	0	0	0	0	0	0	0	0	0	0	0	0	50	0	0	0	0	0	0	0	0	0	0	0	0	0	[]	0	0
1	123456829	234	6	0	0	0	0	0	0	0	0	0	0	0	0	0	0	0	1	0	0	0	0	0	0	0	50	0	0	0	0	0	0	0	0	0	0	0	0	6	[]	0	0
2	123456829	227	12	1	0	0	0	0	0	0	0	0	0	0	0	0	0	0	3	0	0	0	0	0	0	0	50	0	0	0	0	0	0	0	0	0	0	0	0	10	[]	0	1
3	123456829	206	29	5	0	0	0	0	0	0	0	0	0	0	0	0	0	0	3	0	0	0	0	0	0	0	50	0	0	0	0	0	0	0	0	0	0	0	0	16	[]	0	5
4	123456829	186	42	12	0	0	0	0	0	0	0	0	0	0	0	0	0	0	3	0	0	0	0	0	0	0	50	0	0	0	0	0	0	0	0	0	0	0	0	23	[]	0	5
5	123456829	154	62	24	0	0	0	0	0	0	0	0	0	0	0	0	0	0	3	0	0	0	0	0	0	0	50	0	0	0	0	0	0	0	0	0	0	0	0	27	[]	0	7
6	123456829	154	42	42	2	0	0	0	0	0	0	0	0	0	0	0	0	0	4	0	0	0	0	0	0	0	50	0	0	0	0	0	0	0	0	0	0	0	0	27	[]	0	10
7	123456829	146	24	44	6	6	4	8	1	0	0	1	0	0	0	0	0	19	5	0	8	1	0	0	0	0	50	0	0	0	0	0	0	0	0	0	0	0	0	29	[2C]	1	11
8	123456829	109	38	39	14	17	6	13	2	0	0	2	0	0	0	0	0	38	7	0	14	2	0	0	0	0	50	0	0	0	0	0	0	0	0	0	0	0	0	30	[2C 2A]	2	11
9	123456829	80	56	46	18	17	4	13	4	0	0	2	0	0	0	0	0	38	7	0	14	2	0	0	0	0	50	0	0	0	0	0	0	0	0	0	0	0	0	32	[2C 2A]	2	12
10	123456829	57	67	51	25	17	3	12	6	0	0	2	0	0	0	0	0	38	7	0	14	2	0	0	0	0	50	0	0	0	0	0	0	0	0	0	0	0	0	34	[2C 2A]	2	12
11	123456829	34	54	47	25	21	16	27	12	0	0	2	0	0	0	2	0	76	7	2	29	2	2	0	0	0	50	0	0	0	0	0	0	0	0	0	0	0	0	35	[2C 2A 3C 3A]	4	12
12	123456829	23	47	44	26	21	13	32	29	0	0	1	2	0	0	2	0	95	10	2	35	3	2	0	0	0	50	0	0	0	0	0	0	0	0	0	0	0	0	36	[2C 2A 3C 3A 1A]	5	12
13	123456829	23	33	49	35	21	10	31	33	0	0	1	2	0	0	2	0	95	10	2	35	3	2	0	0	0	50	0	0	0	0	0	0	0	0	0	0	0	0	36	[2C 2A 3C 3A 1A]	5	12
14	123456829	23	24	52	41	21	8	29	37	0	0	1	2	0	0	1	1	95	10	2	35	3	2	0	0	0	50	0	0	0	0	0	0	0	0	0	0	0	0	36	[2C 2A 3C 3A 1A]	5	12
15	123456829	14	24	56	46	21	4	28	42	0	0	1	2	0	0	1	1	95	11	2	35	3	2	0	0	0	50	0	0	0	0	0	0	0	0	0	0	0	0	36	[2C 2A 3C 3A 1A]	5	12
16	123456829	7	25	54	54	21	3	27	44	0	0	1	2	0	0	0	2	95	12	2	35	3	2	0	0	0	50	0	0	0	0	0	0	0	0	0	0	0	0	36	[2C 2A 3C 3A 1A]	5	12
17	123456829	4	16	46	54	21	4	33	56	0	0	1	2	0	0	1	2	114	12	3	45	3	3	0	0	0	50	0	0	0	0	0	0	0	0	0	0	0	0	36	[2C 2A 3C 3A 1A 3D]	6	12
18	123456829	2	15	43	60	21	4	32	57	0	0	1	2	0	0	1	2	114	12	3	45	3	3	0	0	0	50	0	0	0	0	0	0	0	0	0	0	0	0	36	[2C 2A 3C 3A 1A 3D]	6	12
19	123456829	1	12	44	63	21	3	29	61	0	0	1	2	0	0	1	2	114	13	3	45	3	3	0	0	0	50	0	0	0	0	0	0	0	0	0	0	0	0	36	[2C 2A 3C 3A 1A 3D]	6	12
20	123456829	1	9	43	67	21	2	29	62	0	0	1	2	0	0	0	3	114	13	3	45	3	3	0	0	0	50	0	0	0	0	0	0	0	0	0	0	0	0	36	[2C 2A 3C 3A 1A 3D]	6	12
21	123456829	6	3	34	77	16	4	31	63	0	0	1	1	0	0	1	3	133	13	4	53	3	4	0	0	0	50	0	0	0	0	0	0	0	0	0	0	0	0	36	[2A 3C 3A 1A 3D 3B]	6	11
22	123456829	17	3	33	87	5	2	27	61	0	0	0	1	0	0	1	3	133	13	4	53	3	4	0	0	0	50	0	0	0	0	0	0	0	0	0	0	0	0	36	[3C 3A 1A 3D 3B]	5	10
23	123456829	17	1	33	89	5	2	20	68	0	0	0	1	0	0	1	3	133	13	4	53	3	4	0	0	0	50	0	0	0	0	0	0	0	0	0	0	0	0	36	[3C 3A 1A 3D 3B]	5	10
24	123456829	17	1	31	91	5	1	18	71	0	0	0	1	0	0	1	3	133	14	4	53	3	4	0	0	0	50	0	0	0	0	0	0	0	0	0	0	0	0	36	[3C 3A 1A 3D 3B]	5	10
25	123456829	20	2	30	128	1	1	11	44	0	0	0	1	0	0	1	1	133	15	4	53	3	4	0	0	0	50	0	0	0	0	0	0	0	0	0	0	0	0	36	[1A 3D 3B]	3	8
26	123456829	19	1	21	139	1	1	15	40	0	0	1	0	0	0	1	1	152	17	4	60	4	4	0	0	0	50	0	0	0	0	0	0	0	0	0	0	0	0	37	[3D 3B 1C]	3	8
27	123456829	19	0	18	143	1	1	11	44	0	0	1	0	0	0	1	1	152	18	4	60	4	4	0	0	0	50	0	0	0	0	0	0	0	0	0	0	0	0	37	[3D 3B 1C]	3	8
28	123456829	19	0	14	147	1	1	10	45	0	0	1	0	0	0	1	1	152	19	4	60	4	4	0	0	0	50	0	0	0	0	0	0	0	0	0	0	0	0	37	[3D 3B 1C]	3	8
29	123456829	18	1	11	150	1	1	9	46	0	0	1	0	0	0	1	1	152	19	4	60	4	4	0	0	0	50	0	0	0	0	0	0	0	0	0	0	0	0	38	[3D 3B 1C]	3	8
30	123456829	15	3	8	154	1	0	9	47	0	0	0	1	0	0	1	1	152	21	4	60	4	4	0	0	0	50	0	0	0	0	0	0	0	0	0	0	0	0	38	[3D 3B 1C]	3	8
31	123456829	14	3	8	175	1	0	6	31	0	0	0	1	0	0	0	1	152	21	4	60	4	4	0	0	0	50	0	0	0	0	0	0	0	0	0	0	0	0	38	[3B 1C]	2	7
32	123456829	13	4	8	175	1	0	5	32	0	0	0	1	0	0	0	1	152	22	4	60	4	4	0	0	0	50	0	0	0	0	0	0	0	0	0	0	0	0	39	[3B 1C]	2	6
33	123456829	11	5	7	177	1	0	5	32	0	0	0	1	0	0	0	1	152	22	4	60	4	4	0	0	0	50	0	0	0	0	0	0	0	0	0	0	0	0	40	[3B 1C]	2	6
34	123456829	11	3	7	178	1	0	5	32	0	0	0	1	0	0	1	1	171	22	5	60	4	5	0	0	0	50	0	0	0	0	0	0	0	0	0	0	0	0	40	[3B 1C]	2	7
35	123456829	12	3	7	197	0	0	4	15	0	0	0	1	0	0	1	0	171	22	5	60	4	5	0	0	0	50	0	0	0	0	0	0	0	0	0	0	0	0	40	[1C]	1	7
36	123456829	11	4	5	199	0	0	3	16	0	0	0	1	0	0	1	0	171	23	5	60	4	5	0	0	0	50	0	0	0	0	0	0	0	0	0	0	0	0	40	[1C]	1	6
37	123456829	9	4	7	199	0	0	3	16	0	0	0	1	0	0	1	0	171	23	5	60	4	5	0	0	0	50	0	0	0	0	0	0	0	0	0	0	0	0	40	[1C]	1	6
38	123456829	6	5	8	200	0	0	3	16	0	0	0	1	0	0	1	0	171	24	5	60	4	5	0	0	0	50	0	0	0	0	0	0	0	0	0	0	0	0	40	[1C]	1	6
39	123456829	4	4	8	184	1	1	4	32	0	0	0	1	0	0	1	0	190	26	5	61	4	5	0	0	0	50	0	0	0	0	0	0	0	0	0	0	0	0	40	[1C 2C]	2	6
40	123456829	2	2	9	207	1	1	1	16	0	0	0	0	0	0	1	0	190	26	5	61	4	5	0	0	0	50	0	0	0	0	0	0	0	0	0	0	0	0	40	[2C]	1	5
41	123456829	2	2	9	207	1	0	1	17	0	0	0	0	0	0	1	0	190	26	5	61	4	5	0	0	0	50	0	0	0	0	0	0	0	0	0	0	0	0	40	[2C]	1	5
42	123456829	2	0	10	208	1	0	1	17	0	0	0	0	0	0	1	0	190	27	5	61	4	5	0	0	0	50	0	0	0	0	0	0	0	0	0	0	0	0	40	[2C]	1	5
43	123456829	2	0	7	211	1	0	0	18	0	0	0	0	0	0	0	1	190	28	5	61	4	5	0	0	0	50	0	0	0	0	0	0	0	0	0	0	0	0	40	[2C]	1	3
44	123456829	2	0	6	212	1	0	0	18	0	0	0	0	0	0	0	1	190	29	5	61	4	5	0	0	0	50	0	0	0	0	0	0	0	0	0	0	0	0	40	[2C]	1	3
45	123456829	2	0	6	212	1	0	0	18	0	0	0	0	0	0	0	1	190	31	5	61	4	5	0	0	0	50	0	0	0	0	0	0	0	0	0	0	0	0	40	[2C]	1	3
46	123456829	1	1	4	214	1	0	0	18	0	0	0	0	0	0	0	1	190	31	5	61	4	5	0	0	0	50	0	0	0	0	0	0	0	0	0	0	0	0	40	[2C]	1	2
47	123456829	1	1	3	215	1	0	0	18	0	0	0	0	0	0	0	1	190	33	5	61	4	5	0	0	0	50	0	0	0	0	0	0	0	0	0	0	0	0	40	[2C]	1	1
48	123456829	0	1	4	215	1	0	0	18	0	0	0	0	0	0	0	1	190	33	5	61	4	5	0	0	0	50	0	0	0	0	0	0	0	0	0	0	0	0	41	[2C]	1	2
49	123456829	0	1	3	216	1	0	0	18	0	0	0	0	0	0	0	1	190	33	5	61	4	5	0	0	0	50	0	0	0	0	0	0	0	0	0	0	0	0	41	[2C]	1	2
50	123456829	0	1	3	216	1	0	0	18	0	0	0	0	0	0	0	1	190	33	5	61	4	5	0	0	0	50	0	0	0	0	0	0	0	0	0	0	0	0	41	[2C]	1	2
51	123456829	0	0	4	216	1	0	0	18	0	0	0	0	0	0	0	1	190	34	5	61	4	5	0	0	0	50	0	0	0	0	0	0	0	0	0	0	0	0	41	[2C]	1	3
52	123456829	0	0	4	216	1	0	0	18	0	0	0	0	0	0	0	1	190	34	5	61	4	5	0	0	0	50	0	0	0	0	0	0	0	0	0	0	0	0	41	[2C]	1	3
53	123456829	1	0	3	236	0	0	0	0	0	0	0	0	0	0	0	0	190	34	5	61	4	5	0	0	0	50	0	0	0	0	0	0	0	0	0	0	0	0	41	[]	0	3
54	123456829	1	0	3	236	0	0	0	0	0	0	0	0	0	0	0	0	190	34	5	61	4	5	0	0	0	50	0	0	0	0	0	0	0	0	0	0	0	0	41	[]	0	3
55	123456829	0	1	3	236	0	0	0	0	0	0	0	0	0	0	0	0	190	35	5	61	4	5	0	0	0	50	0	0	0	0	0	0	0	0	0	0	0	0	42	[]	0	3
56	123456829	0	0	4	236	0	0	0	0	0	0	0	0	0	0	0	0	190	36	5	61	4	5	0	0	0	50	0	0	0	0	0	0	0	0	0	0	0	0	42	[]	0	4
57	123456829	0	0	3	237	0	0	0	0	0	0	0	0	0	0	0	0	190	36	5	61	4	5	0	0	0	50	0	0	0	0	0	0	0	0	0	0	0	0	42	[]	0	3
58	123456829	0	0	2	238	0	0	0	0	0	0	0	0	0	0	0	0	190	36	5	61	4	5	0	0	0	50	0	0	0	0	0	0	0	0	0	0	0	0	42	[]	0	2
59	123456829	0	0	2	238	0	0	0	0	0	0	0	0	0	0	0	0	190	37	5	61	4	5	0	0	0	50	0	0	0	0	0	0	0	0	0	0	0	0	42	[]	0	2
60	123456829	0	0	0	240	0	0	0	0	0	0	0	0	0	0	0	0	190	37	5	61	4	5	0	0	0	50	0	0	0	0	0	0	0	0	0	0	0	0	42	[]	0	0
