day	seedRun	susceptible	exposed	infected	removed	susceptible-in-quarantine	exposed-in-quarantine	infected-in-quarantine	removed-in-quarantine	susceptible-in-quarantine-external-1	exposed-in-quarantine-external-1	infected-in-quarantine-external-1	removed-in-quarantine-external-1	susceptible-in-quarantine-external-2	exposed-in-quarantine-external-2	infected-in-quarantine-external-2	removed-in-quarantine-external-2	num-of-screened-agents	num-of-screened-agents-external-1	num-of-screened-agents-external-2	num-of-positive-agents	num-of-positive-agents-external-1	num-of-positive-agents-external-2	num-vaccinated	num-immunized	num-immunized-in-quarantine	num-immunized-in-quarantine-external-1	num-immunized-in-quarantine-external-2	num-infected-outside	classroom-in-quarantine	num-of-classroom-in-quarantine	classroom-with-at-least-one-infected
0	123456877	72	0	0	0	0	0	0	0	0	0	0	0	0	0	0	0	0	0	0	0	0	0	218	218	0	0	0	0	[]	0	0
1	123456877	64	8	0	0	0	0	0	0	0	0	0	0	0	0	0	0	0	3	0	0	0	0	218	218	0	0	0	8	[]	0	0
2	123456877	59	12	1	0	0	0	0	0	0	0	0	0	0	0	0	0	0	6	0	0	0	0	218	218	0	0	0	10	[]	0	1
3	123456877	50	17	4	1	0	0	0	0	0	0	0	0	0	0	0	0	0	8	0	0	0	0	218	218	0	0	0	13	[]	0	4
4	123456877	43	20	8	1	0	0	0	0	0	0	0	0	0	0	0	0	0	10	1	0	0	1	218	218	0	0	0	16	[]	0	4
5	123456877	36	23	11	2	0	0	0	0	0	0	0	0	0	0	0	0	0	13	1	0	0	1	218	218	0	0	0	19	[]	0	5
6	123456877	35	16	18	3	0	0	0	0	0	0	0	0	0	0	0	0	0	14	1	0	0	1	218	218	0	0	0	20	[]	0	6
7	123456877	34	15	17	6	0	0	0	0	0	0	0	0	0	0	0	0	0	17	1	0	0	1	218	218	0	0	0	21	[]	0	7
8	123456877	24	21	18	9	0	0	0	0	0	0	0	0	0	0	0	0	0	19	1	0	0	1	218	218	0	0	0	25	[]	0	8
9	123456877	20	23	15	14	0	0	0	0	0	0	0	0	0	0	0	0	0	25	1	0	0	1	218	218	0	0	0	27	[]	0	8
10	123456877	15	20	21	16	0	0	0	0	0	0	0	0	0	0	0	0	0	27	1	0	0	1	218	218	0	0	0	28	[]	0	9
11	123456877	14	14	26	18	0	0	0	0	0	0	0	0	0	0	0	0	0	31	1	0	0	1	218	218	0	0	0	28	[]	0	10
12	123456877	10	14	28	20	0	0	0	0	0	0	0	0	0	0	0	0	0	37	2	0	1	2	218	218	0	0	0	29	[]	0	11
13	123456877	10	12	20	30	0	0	0	0	0	0	0	0	0	0	0	0	0	37	2	0	1	2	218	218	0	0	0	29	[]	0	10
14	123456877	10	9	20	33	0	0	0	0	0	0	0	0	0	0	0	0	0	37	2	0	1	2	218	218	0	0	0	29	[]	0	10
15	123456877	6	8	24	34	0	0	0	0	0	0	0	0	0	0	0	0	0	40	2	0	1	2	218	218	0	0	0	30	[]	0	11
16	123456877	6	8	22	36	0	0	0	0	0	0	0	0	0	0	0	0	0	42	3	0	2	3	218	218	0	0	0	30	[]	0	10
17	123456877	4	9	19	40	0	0	0	0	0	0	0	0	0	0	0	0	0	47	3	0	2	3	218	218	0	0	0	30	[]	0	11
18	123456877	4	6	18	44	0	0	0	0	0	0	0	0	0	0	0	0	0	48	3	0	2	3	218	218	0	0	0	30	[]	0	11
19	123456877	1	6	20	45	0	0	0	0	0	0	0	0	0	0	0	0	0	48	5	0	2	5	218	218	0	0	0	30	[]	0	10
20	123456877	0	6	21	45	0	0	0	0	0	0	0	0	0	0	0	0	0	51	5	0	3	5	218	218	0	0	0	31	[]	0	10
21	123456877	0	4	18	50	0	0	0	0	0	0	0	0	0	0	0	0	0	51	7	0	3	7	218	218	0	0	0	31	[]	0	9
22	123456877	0	1	19	52	0	0	0	0	0	0	0	0	0	0	0	0	0	55	9	0	3	9	218	218	0	0	0	31	[]	0	9
23	123456877	0	1	17	54	0	0	0	0	0	0	0	0	0	0	0	0	0	59	10	0	3	10	218	218	0	0	0	31	[]	0	8
24	123456877	0	1	15	56	0	0	0	0	0	0	0	0	0	0	0	0	0	62	10	0	3	10	218	218	0	0	0	31	[]	0	7
25	123456877	0	1	13	58	0	0	0	0	0	0	0	0	0	0	0	0	0	63	10	0	3	10	218	218	0	0	0	31	[]	0	7
26	123456877	0	1	13	58	0	0	0	0	0	0	0	0	0	0	0	0	0	68	10	0	3	10	218	218	0	0	0	31	[]	0	7
27	123456877	0	1	13	58	0	0	0	0	0	0	0	0	0	0	0	0	0	69	11	0	3	11	218	218	0	0	0	31	[]	0	7
28	123456877	0	1	11	60	0	0	0	0	0	0	0	0	0	0	0	0	0	70	12	0	3	12	218	218	0	0	0	31	[]	0	6
29	123456877	0	1	10	61	0	0	0	0	0	0	0	0	0	0	0	0	0	75	13	0	3	13	218	218	0	0	0	31	[]	0	6
30	123456877	0	1	8	63	0	0	0	0	0	0	0	0	0	0	0	0	0	76	13	0	3	13	218	218	0	0	0	31	[]	0	5
31	123456877	0	0	7	65	0	0	0	0	0	0	0	0	0	0	0	0	0	77	13	0	3	13	218	218	0	0	0	31	[]	0	4
32	123456877	0	0	6	66	0	0	0	0	0	0	0	0	0	0	0	0	0	80	13	0	3	13	218	218	0	0	0	31	[]	0	4
33	123456877	0	0	6	66	0	0	0	0	0	0	0	0	0	0	0	0	0	85	13	0	3	13	218	218	0	0	0	31	[]	0	4
34	123456877	0	0	6	66	0	0	0	0	0	0	0	0	0	0	0	0	0	88	13	0	3	13	218	218	0	0	0	31	[]	0	4
35	123456877	0	0	4	68	0	0	0	0	0	0	0	0	0	0	0	0	0	89	13	0	3	13	218	218	0	0	0	31	[]	0	4
36	123456877	0	0	4	68	0	0	0	0	0	0	0	0	0	0	0	0	0	90	13	0	3	13	218	218	0	0	0	31	[]	0	4
37	123456877	0	0	3	69	0	0	0	0	0	0	0	0	0	0	0	0	0	93	13	0	3	13	218	218	0	0	0	31	[]	0	3
38	123456877	0	0	2	70	0	0	0	0	0	0	0	0	0	0	0	0	0	93	13	0	3	13	218	218	0	0	0	31	[]	0	2
39	123456877	0	0	1	71	0	0	0	0	0	0	0	0	0	0	0	0	0	97	13	0	3	13	218	218	0	0	0	31	[]	0	1
40	123456877	0	0	1	71	0	0	0	0	0	0	0	0	0	0	0	0	0	99	13	0	3	13	218	218	0	0	0	31	[]	0	1
41	123456877	0	0	1	71	0	0	0	0	0	0	0	0	0	0	0	0	0	101	13	0	3	13	218	218	0	0	0	31	[]	0	1
42	123456877	0	0	1	71	0	0	0	0	0	0	0	0	0	0	0	0	0	102	13	0	3	13	218	218	0	0	0	31	[]	0	1
43	123456877	0	0	1	71	0	0	0	0	0	0	0	0	0	0	0	0	0	103	13	0	3	13	218	218	0	0	0	31	[]	0	1
44	123456877	0	0	1	71	0	0	0	0	0	0	0	0	0	0	0	0	0	106	13	0	3	13	218	218	0	0	0	31	[]	0	1
45	123456877	0	0	1	71	0	0	0	0	0	0	0	0	0	0	0	0	0	110	13	0	3	13	218	218	0	0	0	31	[]	0	1
46	123456877	0	0	0	72	0	0	0	0	0	0	0	0	0	0	0	0	0	110	13	0	3	13	218	218	0	0	0	31	[]	0	0
47	123456877	0	0	0	72	0	0	0	0	0	0	0	0	0	0	0	0	0	110	13	0	3	13	218	218	0	0	0	31	[]	0	0
48	123456877	0	0	0	72	0	0	0	0	0	0	0	0	0	0	0	0	0	111	13	0	3	13	218	218	0	0	0	31	[]	0	0
49	123456877	0	0	0	72	0	0	0	0	0	0	0	0	0	0	0	0	0	111	13	0	3	13	218	218	0	0	0	31	[]	0	0
50	123456877	0	0	0	72	0	0	0	0	0	0	0	0	0	0	0	0	0	113	13	0	3	13	218	218	0	0	0	31	[]	0	0
51	123456877	0	0	0	72	0	0	0	0	0	0	0	0	0	0	0	0	0	115	13	0	3	13	218	218	0	0	0	31	[]	0	0
52	123456877	0	0	0	72	0	0	0	0	0	0	0	0	0	0	0	0	0	116	13	0	3	13	218	218	0	0	0	31	[]	0	0
53	123456877	0	0	0	72	0	0	0	0	0	0	0	0	0	0	0	0	0	117	13	0	3	13	218	218	0	0	0	31	[]	0	0
54	123456877	0	0	0	72	0	0	0	0	0	0	0	0	0	0	0	0	0	120	13	0	3	13	218	218	0	0	0	31	[]	0	0
55	123456877	0	0	0	72	0	0	0	0	0	0	0	0	0	0	0	0	0	124	13	0	3	13	218	218	0	0	0	31	[]	0	0
56	123456877	0	0	0	72	0	0	0	0	0	0	0	0	0	0	0	0	0	127	13	0	3	13	218	218	0	0	0	31	[]	0	0
57	123456877	0	0	0	72	0	0	0	0	0	0	0	0	0	0	0	0	0	128	13	0	3	13	218	218	0	0	0	31	[]	0	0
58	123456877	0	0	0	72	0	0	0	0	0	0	0	0	0	0	0	0	0	131	13	0	3	13	218	218	0	0	0	31	[]	0	0
59	123456877	0	0	0	72	0	0	0	0	0	0	0	0	0	0	0	0	0	132	13	0	3	13	218	218	0	0	0	31	[]	0	0
60	123456877	0	0	0	72	0	0	0	0	0	0	0	0	0	0	0	0	0	136	13	0	3	13	218	218	0	0	0	31	[]	0	0
