day	seedRun	susceptible	exposed	infected	removed	susceptible-in-quarantine	exposed-in-quarantine	infected-in-quarantine	removed-in-quarantine	susceptible-in-quarantine-external-1	exposed-in-quarantine-external-1	infected-in-quarantine-external-1	removed-in-quarantine-external-1	susceptible-in-quarantine-external-2	exposed-in-quarantine-external-2	infected-in-quarantine-external-2	removed-in-quarantine-external-2	num-of-screened-agents	num-of-screened-agents-external-1	num-of-screened-agents-external-2	num-of-positive-agents	num-of-positive-agents-external-1	num-of-positive-agents-external-2	num-vaccinated	num-immunized	num-immunized-in-quarantine	num-immunized-in-quarantine-external-1	num-immunized-in-quarantine-external-2	num-infected-outside	classroom-in-quarantine	num-of-classroom-in-quarantine	classroom-with-at-least-one-infected
0	123457086	216	0	0	0	0	0	0	0	0	0	0	0	0	0	0	0	0	0	0	0	0	0	74	74	0	0	0	0	[]	0	0
1	123457086	212	4	0	0	0	0	0	0	0	0	0	0	0	0	0	0	0	3	0	0	0	0	74	74	0	0	0	4	[]	0	0
2	123457086	198	17	1	0	0	0	0	0	0	0	0	0	0	0	0	0	0	5	0	0	0	0	74	74	0	0	0	8	[]	0	1
3	123457086	166	43	6	0	0	0	0	0	0	0	0	0	0	0	1	0	0	6	1	0	0	1	74	74	0	0	0	13	[]	0	5
4	123457086	132	66	17	0	0	0	0	0	0	0	0	0	0	0	1	0	0	10	1	0	0	1	74	74	0	0	0	13	[]	0	6
5	123457086	111	71	28	3	0	0	0	0	0	0	0	0	0	0	2	1	0	11	3	0	0	3	74	74	0	0	0	15	[]	0	7
6	123457086	107	50	47	8	0	0	0	0	0	0	0	0	0	0	3	1	0	13	4	0	0	4	74	74	0	0	0	19	[]	0	10
7	123457086	105	33	56	16	0	0	0	0	0	0	1	0	0	0	4	1	0	14	5	0	1	5	74	74	0	0	0	21	[]	0	11
8	123457086	42	88	56	23	0	0	0	0	0	0	1	0	0	0	5	1	0	15	6	0	1	6	74	74	0	0	0	25	[]	0	12
9	123457086	21	81	73	31	0	0	0	0	0	0	1	0	0	0	7	2	0	17	9	0	1	9	74	74	0	0	0	27	[]	0	12
10	123457086	16	62	81	43	0	0	0	0	0	0	2	0	0	0	10	2	0	19	12	0	2	12	74	74	0	0	0	27	[]	0	11
11	123457086	15	45	79	57	0	0	0	0	0	0	3	0	0	0	13	4	0	20	17	0	3	17	74	74	0	0	0	27	[]	0	12
12	123457086	14	34	80	64	0	0	0	0	0	0	3	1	0	0	13	7	0	22	20	0	4	20	74	74	0	0	0	28	[]	0	12
13	123457086	14	23	77	73	0	0	0	0	0	0	4	2	0	0	17	6	0	24	24	0	6	24	74	74	0	0	0	28	[]	0	12
14	123457086	14	15	74	81	0	0	0	0	0	0	3	3	0	0	19	7	0	25	27	0	6	27	74	74	0	0	0	28	[]	0	12
15	123457086	11	15	66	90	0	0	0	0	0	0	3	4	0	0	19	8	0	26	30	0	7	30	74	74	0	0	0	28	[]	0	12
16	123457086	10	14	56	99	0	0	0	0	0	0	3	4	0	0	18	12	0	26	34	0	7	34	74	74	0	0	0	29	[]	0	12
17	123457086	9	12	54	105	0	0	0	0	0	0	3	3	0	0	17	13	0	28	35	0	7	35	74	74	0	0	0	30	[]	0	12
18	123457086	8	11	50	111	0	0	0	0	0	0	4	3	0	0	14	15	0	29	35	0	8	35	74	74	0	0	0	31	[]	0	11
19	123457086	6	8	45	122	0	0	0	0	0	0	4	3	0	0	13	15	0	30	37	0	8	37	74	74	0	0	0	31	[]	0	11
20	123457086	6	2	42	135	0	0	0	0	0	0	1	5	0	0	10	15	0	33	37	0	8	37	74	74	0	0	0	31	[]	0	11
21	123457086	6	1	34	149	0	0	0	0	0	0	0	5	0	0	10	11	0	33	38	0	8	38	74	74	0	0	0	31	[]	0	11
22	123457086	5	2	29	157	0	0	0	0	0	0	0	4	0	0	9	10	0	34	39	0	8	39	74	74	0	0	0	31	[]	0	10
23	123457086	5	2	22	166	0	0	0	0	0	0	1	2	0	0	11	7	0	36	42	0	9	42	74	74	0	0	0	31	[]	0	10
24	123457086	5	1	20	171	0	0	0	0	0	0	2	2	0	0	6	9	0	38	42	0	10	42	74	74	0	0	0	31	[]	0	10
25	123457086	3	3	15	179	0	0	0	0	0	0	1	2	0	0	6	7	0	43	43	0	10	43	74	74	0	0	0	32	[]	0	9
26	123457086	3	3	14	184	0	0	0	0	0	0	1	2	0	0	4	5	0	45	43	0	10	43	74	74	0	0	0	32	[]	0	9
27	123457086	3	3	13	186	0	0	0	0	0	0	1	2	0	0	4	4	0	47	43	0	10	43	74	74	0	0	0	32	[]	0	9
28	123457086	3	3	10	190	0	0	0	0	0	0	1	1	0	0	4	4	0	48	43	0	10	43	74	74	0	0	0	32	[]	0	8
29	123457086	3	2	7	195	0	0	0	0	0	0	1	1	0	0	5	2	0	48	44	0	10	44	74	74	0	0	0	32	[]	0	8
30	123457086	3	1	7	196	0	0	0	0	0	0	1	1	0	0	5	2	0	51	44	0	10	44	74	74	0	0	0	32	[]	0	9
31	123457086	3	1	6	197	0	0	0	0	0	0	1	1	0	0	6	1	0	52	45	0	10	45	74	74	0	0	0	32	[]	0	9
32	123457086	3	1	6	198	0	0	0	0	0	0	1	1	0	0	5	1	0	55	45	0	10	45	74	74	0	0	0	32	[]	0	8
33	123457086	3	1	5	202	0	0	0	0	0	0	0	1	0	0	4	0	0	58	46	0	10	46	74	74	0	0	0	32	[]	0	8
34	123457086	3	1	3	205	0	0	0	0	0	0	0	0	0	0	4	0	0	59	46	0	10	46	74	74	0	0	0	32	[]	0	6
35	123457086	3	1	2	207	0	0	0	0	0	0	0	0	0	0	2	1	0	61	46	0	10	46	74	74	0	0	0	32	[]	0	4
36	123457086	3	1	2	207	0	0	0	0	0	0	0	0	0	0	1	2	0	66	46	0	10	46	74	74	0	0	0	32	[]	0	3
37	123457086	1	2	2	208	0	0	0	0	0	0	0	0	0	0	0	3	0	68	46	0	10	46	74	74	0	0	0	33	[]	0	2
38	123457086	1	2	1	209	0	0	0	0	0	0	0	0	0	0	0	3	0	69	46	0	10	46	74	74	0	0	0	33	[]	0	1
39	123457086	1	1	2	210	0	0	0	0	0	0	0	0	0	0	0	2	0	71	46	0	10	46	74	74	0	0	0	33	[]	0	2
40	123457086	0	2	1	211	0	0	0	0	0	0	0	0	0	0	0	2	0	75	46	0	10	46	74	74	0	0	0	34	[]	0	1
41	123457086	0	1	2	212	0	0	0	0	0	0	0	0	0	0	0	1	0	79	46	0	10	46	74	74	0	0	0	34	[]	0	1
42	123457086	0	0	2	213	0	0	0	0	0	0	0	0	0	0	0	1	0	83	46	0	10	46	74	74	0	0	0	34	[]	0	1
43	123457086	0	0	2	214	0	0	0	0	0	0	0	0	0	0	0	0	0	86	46	0	10	46	74	74	0	0	0	34	[]	0	1
44	123457086	0	0	2	214	0	0	0	0	0	0	0	0	0	0	0	0	0	88	46	0	10	46	74	74	0	0	0	34	[]	0	1
45	123457086	0	0	1	215	0	0	0	0	0	0	0	0	0	0	0	0	0	91	46	0	10	46	74	74	0	0	0	34	[]	0	1
46	123457086	0	0	1	215	0	0	0	0	0	0	0	0	0	0	0	0	0	92	46	0	10	46	74	74	0	0	0	34	[]	0	1
47	123457086	0	0	1	215	0	0	0	0	0	0	0	0	0	0	0	0	0	92	46	0	10	46	74	74	0	0	0	34	[]	0	1
48	123457086	0	0	1	215	0	0	0	0	0	0	0	0	0	0	0	0	0	95	46	0	10	46	74	74	0	0	0	34	[]	0	1
49	123457086	0	0	1	215	0	0	0	0	0	0	0	0	0	0	0	0	0	97	46	0	10	46	74	74	0	0	0	34	[]	0	1
50	123457086	0	0	1	215	0	0	0	0	0	0	0	0	0	0	0	0	0	98	46	0	10	46	74	74	0	0	0	34	[]	0	1
51	123457086	0	0	1	215	0	0	0	0	0	0	0	0	0	0	0	0	0	101	46	0	10	46	74	74	0	0	0	34	[]	0	1
52	123457086	0	0	1	215	0	0	0	0	0	0	0	0	0	0	0	0	0	102	46	0	10	46	74	74	0	0	0	34	[]	0	1
53	123457086	0	0	1	215	0	0	0	0	0	0	0	0	0	0	0	0	0	104	46	0	10	46	74	74	0	0	0	34	[]	0	1
54	123457086	0	0	1	215	0	0	0	0	0	0	0	0	0	0	0	0	0	105	46	0	10	46	74	74	0	0	0	34	[]	0	1
55	123457086	0	0	1	215	0	0	0	0	0	0	0	0	0	0	0	0	0	106	46	0	10	46	74	74	0	0	0	34	[]	0	1
56	123457086	0	0	1	215	0	0	0	0	0	0	0	0	0	0	0	0	0	106	46	0	10	46	74	74	0	0	0	34	[]	0	1
57	123457086	0	0	1	215	0	0	0	0	0	0	0	0	0	0	0	0	0	107	46	0	10	46	74	74	0	0	0	34	[]	0	1
58	123457086	0	0	1	215	0	0	0	0	0	0	0	0	0	0	0	0	0	109	46	0	10	46	74	74	0	0	0	34	[]	0	1
59	123457086	0	0	1	215	0	0	0	0	0	0	0	0	0	0	0	0	0	109	46	0	10	46	74	74	0	0	0	34	[]	0	1
60	123457086	0	0	1	215	0	0	0	0	0	0	0	0	0	0	0	0	0	111	46	0	10	46	74	74	0	0	0	34	[]	0	1
