day	seedRun	susceptible	exposed	infected	removed	susceptible-in-quarantine	exposed-in-quarantine	infected-in-quarantine	removed-in-quarantine	susceptible-in-quarantine-external-1	exposed-in-quarantine-external-1	infected-in-quarantine-external-1	removed-in-quarantine-external-1	susceptible-in-quarantine-external-2	exposed-in-quarantine-external-2	infected-in-quarantine-external-2	removed-in-quarantine-external-2	num-of-screened-agents	num-of-screened-agents-external-1	num-of-screened-agents-external-2	num-of-positive-agents	num-of-positive-agents-external-1	num-of-positive-agents-external-2	num-vaccinated	num-immunized	num-immunized-in-quarantine	num-immunized-in-quarantine-external-1	num-immunized-in-quarantine-external-2	num-infected-outside	classroom-in-quarantine	num-of-classroom-in-quarantine	classroom-with-at-least-one-infected
0	123456864	216	0	0	0	0	0	0	0	0	0	0	0	0	0	0	0	0	0	0	0	0	0	74	74	0	0	0	0	[]	0	0
1	123456864	210	6	0	0	0	0	0	0	0	0	0	0	0	0	0	0	0	1	0	0	0	0	74	74	0	0	0	6	[]	0	0
2	123456864	190	24	2	0	0	0	0	0	0	0	0	0	0	0	0	0	0	2	0	0	0	0	74	74	0	0	0	9	[]	0	2
3	123456864	169	43	4	0	0	0	0	0	0	0	0	0	0	0	0	0	0	2	0	0	0	0	74	74	0	0	0	11	[]	0	3
4	123456864	145	55	12	1	0	0	0	0	0	0	0	0	0	0	3	0	0	4	3	0	0	3	74	74	0	0	0	13	[]	0	5
5	123456864	121	61	28	3	0	0	0	0	0	0	0	0	0	0	2	1	0	5	3	0	0	3	74	74	0	0	0	14	[]	0	5
6	123456864	120	48	35	8	0	0	0	0	0	0	0	0	0	0	4	1	0	9	5	0	0	5	74	74	0	0	0	15	[]	0	6
7	123456864	118	39	40	13	0	0	0	0	0	0	0	0	0	0	4	2	0	9	6	0	0	6	74	74	0	0	0	17	[]	0	9
8	123456864	70	78	44	17	0	0	0	0	0	0	0	0	0	0	5	2	0	12	7	0	0	7	74	74	0	0	0	20	[]	0	10
9	123456864	37	86	63	21	0	0	0	0	0	0	1	0	0	0	6	2	0	16	8	0	1	8	74	74	0	0	0	22	[]	0	10
10	123456864	26	62	85	31	0	0	0	0	0	0	2	0	0	0	8	2	0	19	10	0	2	10	74	74	0	0	0	24	[]	0	11
11	123456864	12	62	82	44	0	0	0	0	0	0	3	0	0	0	9	4	0	21	13	0	3	13	74	74	0	0	0	26	[]	0	12
12	123456864	5	57	81	52	0	0	0	0	0	0	5	1	0	0	11	4	0	25	15	0	6	15	74	74	0	0	0	26	[]	0	12
13	123456864	4	41	84	63	0	0	0	0	0	0	7	1	0	0	11	5	0	27	16	0	8	16	74	74	0	0	0	27	[]	0	12
14	123456864	4	33	73	82	0	0	0	0	0	0	7	1	0	0	11	5	0	28	19	0	8	19	74	74	0	0	0	27	[]	0	12
15	123456864	3	26	72	88	0	0	0	0	0	0	8	1	0	0	12	6	0	30	21	0	9	21	74	74	0	0	0	27	[]	0	12
16	123456864	3	16	66	101	0	0	0	0	0	0	8	3	0	0	13	6	0	32	24	0	11	24	74	74	0	0	0	27	[]	0	12
17	123456864	3	13	56	112	0	0	0	0	0	0	8	5	0	0	13	6	0	34	25	0	13	25	74	74	0	0	0	27	[]	0	12
18	123456864	3	10	51	121	0	0	0	0	0	0	8	5	0	0	12	6	0	34	25	0	13	25	74	74	0	0	0	27	[]	0	12
19	123456864	2	8	50	127	0	0	0	0	0	0	7	5	0	0	9	8	0	35	25	0	13	25	74	74	0	0	0	27	[]	0	12
20	123456864	2	5	39	142	0	0	0	0	0	0	8	4	0	0	6	10	0	36	26	0	14	26	74	74	0	0	0	27	[]	0	12
21	123456864	2	4	37	148	0	0	0	0	0	0	6	5	0	0	3	11	0	37	27	0	14	27	74	74	0	0	0	27	[]	0	12
22	123456864	1	4	29	161	0	0	0	0	0	0	4	4	0	0	4	9	0	39	28	0	14	28	74	74	0	0	0	27	[]	0	12
23	123456864	1	1	29	167	0	0	0	0	0	0	4	2	0	0	4	8	0	39	28	0	14	28	74	74	0	0	0	27	[]	0	12
24	123456864	0	2	24	175	0	0	0	0	0	0	3	3	0	0	3	6	0	42	28	0	14	28	74	74	0	0	0	27	[]	0	12
25	123456864	0	2	23	179	0	0	0	0	0	0	3	2	0	0	3	4	0	42	28	0	14	28	74	74	0	0	0	27	[]	0	12
26	123456864	0	0	22	186	0	0	0	0	0	0	2	1	0	0	4	1	0	44	29	0	14	29	74	74	0	0	0	27	[]	0	12
27	123456864	0	0	18	191	0	0	0	0	0	0	0	1	0	0	6	0	0	46	31	0	14	31	74	74	0	0	0	27	[]	0	10
28	123456864	0	0	13	195	0	0	0	0	0	0	0	1	0	0	5	2	0	49	32	0	14	32	74	74	0	0	0	27	[]	0	10
29	123456864	0	0	10	197	0	0	0	0	0	0	0	1	0	0	5	3	0	52	33	0	14	33	74	74	0	0	0	27	[]	0	10
30	123456864	0	0	9	200	0	0	0	0	0	0	0	0	0	0	4	3	0	57	33	0	14	33	74	74	0	0	0	27	[]	0	8
31	123456864	0	0	7	202	0	0	0	0	0	0	0	0	0	0	4	3	0	58	34	0	14	34	74	74	0	0	0	27	[]	0	6
32	123456864	0	0	6	204	0	0	0	0	0	0	0	0	0	0	2	4	0	60	34	0	14	34	74	74	0	0	0	27	[]	0	4
33	123456864	0	0	5	204	0	0	0	0	0	0	0	0	0	0	1	6	0	60	35	0	14	35	74	74	0	0	0	27	[]	0	4
34	123456864	0	0	5	204	0	0	0	0	0	0	0	0	0	0	0	7	0	61	35	0	14	35	74	74	0	0	0	27	[]	0	3
35	123456864	0	0	4	205	0	0	0	0	0	0	0	0	0	0	0	7	0	62	35	0	14	35	74	74	0	0	0	27	[]	0	2
36	123456864	0	0	3	207	0	0	0	0	0	0	0	0	0	0	0	6	0	64	35	0	14	35	74	74	0	0	0	27	[]	0	2
37	123456864	0	0	2	209	0	0	0	0	0	0	0	0	0	0	1	4	0	67	36	0	14	36	74	74	0	0	0	27	[]	0	2
38	123456864	0	0	2	210	0	0	0	0	0	0	0	0	0	0	1	3	0	70	36	0	14	36	74	74	0	0	0	27	[]	0	2
39	123456864	0	0	2	211	0	0	0	0	0	0	0	0	0	0	1	2	0	72	36	0	14	36	74	74	0	0	0	27	[]	0	2
40	123456864	0	0	2	211	0	0	0	0	0	0	0	0	0	0	1	2	0	72	36	0	14	36	74	74	0	0	0	27	[]	0	2
41	123456864	0	0	1	213	0	0	0	0	0	0	0	0	0	0	1	1	0	72	36	0	14	36	74	74	0	0	0	27	[]	0	1
42	123456864	0	0	1	213	0	0	0	0	0	0	0	0	0	0	1	1	0	74	36	0	14	36	74	74	0	0	0	27	[]	0	1
43	123456864	0	0	0	215	0	0	0	0	0	0	0	0	0	0	0	1	0	78	36	0	14	36	74	74	0	0	0	27	[]	0	0
44	123456864	0	0	0	215	0	0	0	0	0	0	0	0	0	0	0	1	0	82	36	0	14	36	74	74	0	0	0	27	[]	0	0
45	123456864	0	0	0	215	0	0	0	0	0	0	0	0	0	0	0	1	0	83	36	0	14	36	74	74	0	0	0	27	[]	0	0
46	123456864	0	0	0	215	0	0	0	0	0	0	0	0	0	0	0	1	0	83	36	0	14	36	74	74	0	0	0	27	[]	0	0
47	123456864	0	0	0	216	0	0	0	0	0	0	0	0	0	0	0	0	0	83	36	0	14	36	74	74	0	0	0	27	[]	0	0
48	123456864	0	0	0	216	0	0	0	0	0	0	0	0	0	0	0	0	0	85	36	0	14	36	74	74	0	0	0	27	[]	0	0
49	123456864	0	0	0	216	0	0	0	0	0	0	0	0	0	0	0	0	0	87	36	0	14	36	74	74	0	0	0	27	[]	0	0
50	123456864	0	0	0	216	0	0	0	0	0	0	0	0	0	0	0	0	0	87	36	0	14	36	74	74	0	0	0	27	[]	0	0
51	123456864	0	0	0	216	0	0	0	0	0	0	0	0	0	0	0	0	0	90	36	0	14	36	74	74	0	0	0	27	[]	0	0
52	123456864	0	0	0	216	0	0	0	0	0	0	0	0	0	0	0	0	0	91	36	0	14	36	74	74	0	0	0	27	[]	0	0
53	123456864	0	0	0	216	0	0	0	0	0	0	0	0	0	0	0	0	0	94	36	0	14	36	74	74	0	0	0	27	[]	0	0
54	123456864	0	0	0	216	0	0	0	0	0	0	0	0	0	0	0	0	0	96	36	0	14	36	74	74	0	0	0	27	[]	0	0
55	123456864	0	0	0	216	0	0	0	0	0	0	0	0	0	0	0	0	0	96	36	0	14	36	74	74	0	0	0	27	[]	0	0
56	123456864	0	0	0	216	0	0	0	0	0	0	0	0	0	0	0	0	0	97	36	0	14	36	74	74	0	0	0	27	[]	0	0
57	123456864	0	0	0	216	0	0	0	0	0	0	0	0	0	0	0	0	0	99	36	0	14	36	74	74	0	0	0	27	[]	0	0
58	123456864	0	0	0	216	0	0	0	0	0	0	0	0	0	0	0	0	0	99	36	0	14	36	74	74	0	0	0	27	[]	0	0
59	123456864	0	0	0	216	0	0	0	0	0	0	0	0	0	0	0	0	0	102	36	0	14	36	74	74	0	0	0	27	[]	0	0
60	123456864	0	0	0	216	0	0	0	0	0	0	0	0	0	0	0	0	0	105	36	0	14	36	74	74	0	0	0	27	[]	0	0
