day	seedRun	susceptible	exposed	infected	removed	susceptible-in-quarantine	exposed-in-quarantine	infected-in-quarantine	removed-in-quarantine	susceptible-in-quarantine-external-1	exposed-in-quarantine-external-1	infected-in-quarantine-external-1	removed-in-quarantine-external-1	susceptible-in-quarantine-external-2	exposed-in-quarantine-external-2	infected-in-quarantine-external-2	removed-in-quarantine-external-2	num-of-screened-agents	num-of-screened-agents-external-1	num-of-screened-agents-external-2	num-of-positive-agents	num-of-positive-agents-external-1	num-of-positive-agents-external-2	num-vaccinated	num-immunized	num-immunized-in-quarantine	num-immunized-in-quarantine-external-1	num-immunized-in-quarantine-external-2	num-infected-outside	classroom-in-quarantine	num-of-classroom-in-quarantine	classroom-with-at-least-one-infected
0	123456999	144	0	0	0	0	0	0	0	0	0	0	0	0	0	0	0	0	0	0	0	0	0	146	146	0	0	0	0	[]	0	0
1	123456999	139	5	0	0	0	0	0	0	0	0	0	0	0	0	0	0	0	2	0	0	0	0	146	146	0	0	0	5	[]	0	0
2	123456999	119	23	2	0	0	0	0	0	0	0	0	0	0	0	0	0	0	3	0	0	0	0	146	146	0	0	0	16	[]	0	2
3	123456999	98	38	8	0	0	0	0	0	0	0	0	0	0	0	0	0	0	6	0	0	0	0	146	146	0	0	0	22	[]	0	5
4	123456999	60	64	20	0	0	0	0	0	0	0	0	0	0	0	0	0	0	7	0	0	0	0	146	146	0	0	0	27	[]	0	8
5	123456999	32	77	31	3	0	0	0	0	0	0	1	0	0	0	0	0	0	9	0	0	1	0	146	146	0	0	0	30	[]	0	10
6	123456999	29	57	50	6	0	0	0	0	0	0	1	0	0	0	1	0	0	13	1	0	1	1	146	146	0	0	0	33	[]	0	11
7	123456999	28	43	58	11	0	0	0	0	0	0	1	0	0	0	2	1	0	14	3	0	1	3	146	146	0	0	0	34	[]	0	12
8	123456999	12	43	66	18	0	0	0	0	0	0	2	0	0	0	2	1	0	18	3	0	2	3	146	146	0	0	0	35	[]	0	12
9	123456999	8	35	69	24	0	0	0	0	0	0	3	0	0	0	4	1	0	20	5	0	3	5	146	146	0	0	0	35	[]	0	12
10	123456999	7	27	66	32	0	0	0	0	0	0	2	2	0	0	7	1	0	21	8	0	4	8	146	146	0	0	0	36	[]	0	12
11	123456999	7	24	56	40	0	0	0	0	0	0	2	2	0	0	10	3	0	22	13	0	4	13	146	146	0	0	0	36	[]	0	12
12	123456999	6	17	60	43	0	0	0	0	0	0	2	2	0	0	10	4	0	23	14	0	4	14	146	146	0	0	0	36	[]	0	12
13	123456999	6	8	61	51	0	0	0	0	0	0	2	2	0	0	8	6	0	24	14	0	4	14	146	146	0	0	0	36	[]	0	12
14	123456999	6	3	55	60	0	0	0	0	0	0	3	2	0	0	7	8	0	27	15	0	5	15	146	146	0	0	0	36	[]	0	12
15	123456999	6	3	52	63	0	0	0	0	0	0	3	1	0	0	7	9	0	28	16	0	5	16	146	146	0	0	0	36	[]	0	12
16	123456999	6	3	47	69	0	0	0	0	0	0	3	1	0	0	6	9	0	28	16	0	5	16	146	146	0	0	0	36	[]	0	12
17	123456999	2	4	42	79	0	0	0	0	0	0	2	2	0	0	4	9	0	28	16	0	5	16	146	146	0	0	0	37	[]	0	12
18	123456999	1	4	36	87	0	0	0	0	0	0	2	1	0	0	4	9	0	29	16	0	5	16	146	146	0	0	0	37	[]	0	12
19	123456999	0	5	31	95	0	0	0	0	0	0	2	0	0	0	3	8	0	30	16	0	5	16	146	146	0	0	0	37	[]	0	11
20	123456999	0	3	32	99	0	0	0	0	0	0	1	0	0	0	3	6	0	31	17	0	5	17	146	146	0	0	0	37	[]	0	11
21	123456999	0	3	26	109	0	0	0	0	0	0	1	0	0	0	3	2	0	33	18	0	5	18	146	146	0	0	0	37	[]	0	11
22	123456999	0	1	23	113	0	0	0	0	0	0	2	0	0	0	4	1	0	37	19	0	6	19	146	146	0	0	0	37	[]	0	11
23	123456999	0	1	18	117	0	0	0	0	0	0	2	0	0	0	3	3	0	39	20	0	6	20	146	146	0	0	0	37	[]	0	11
24	123456999	0	0	17	120	0	0	0	0	0	0	1	0	0	0	3	3	0	41	21	0	6	21	146	146	0	0	0	37	[]	0	10
25	123456999	0	0	13	123	0	0	0	0	0	0	1	0	0	0	4	3	0	41	23	0	6	23	146	146	0	0	0	37	[]	0	9
26	123456999	0	0	13	123	0	0	0	0	0	0	1	0	0	0	4	3	0	43	23	0	6	23	146	146	0	0	0	37	[]	0	9
27	123456999	0	0	13	123	0	0	0	0	0	0	1	0	0	0	3	4	0	44	23	0	6	23	146	146	0	0	0	37	[]	0	9
28	123456999	0	0	11	124	0	0	0	0	0	0	1	0	0	0	4	4	0	45	24	0	6	24	146	146	0	0	0	37	[]	0	9
29	123456999	0	0	11	124	0	0	0	0	0	0	0	1	0	0	3	5	0	45	24	0	6	24	146	146	0	0	0	37	[]	0	7
30	123456999	0	0	11	125	0	0	0	0	0	0	0	1	0	0	3	4	0	45	24	0	6	24	146	146	0	0	0	37	[]	0	7
31	123456999	0	0	10	127	0	0	0	0	0	0	0	1	0	0	2	4	0	47	24	0	6	24	146	146	0	0	0	37	[]	0	7
32	123456999	0	0	9	130	0	0	0	0	0	0	0	0	0	0	1	4	0	49	24	0	6	24	146	146	0	0	0	37	[]	0	6
33	123456999	0	0	8	131	0	0	0	0	0	0	1	0	0	0	1	3	0	50	24	0	7	24	146	146	0	0	0	37	[]	0	6
34	123456999	0	0	3	136	0	0	0	0	0	0	1	0	0	0	2	2	0	52	25	0	7	25	146	146	0	0	0	37	[]	0	4
35	123456999	0	0	3	138	0	0	0	0	0	0	1	0	0	0	1	1	0	53	25	0	7	25	146	146	0	0	0	37	[]	0	4
36	123456999	0	0	2	139	0	0	0	0	0	0	1	0	0	0	1	1	0	55	25	0	7	25	146	146	0	0	0	37	[]	0	3
37	123456999	0	0	2	139	0	0	0	0	0	0	1	0	0	0	1	1	0	56	25	0	7	25	146	146	0	0	0	37	[]	0	3
38	123456999	0	0	1	141	0	0	0	0	0	0	1	0	0	0	0	1	0	57	25	0	7	25	146	146	0	0	0	37	[]	0	2
39	123456999	0	0	1	141	0	0	0	0	0	0	1	0	0	0	0	1	0	62	25	0	7	25	146	146	0	0	0	37	[]	0	2
40	123456999	0	0	1	141	0	0	0	0	0	0	0	1	0	0	0	1	0	65	25	0	7	25	146	146	0	0	0	37	[]	0	1
41	123456999	0	0	1	141	0	0	0	0	0	0	0	1	0	0	0	1	0	67	25	0	7	25	146	146	0	0	0	37	[]	0	1
42	123456999	0	0	0	142	0	0	0	0	0	0	0	1	0	0	0	1	0	69	25	0	7	25	146	146	0	0	0	37	[]	0	0
43	123456999	0	0	0	143	0	0	0	0	0	0	0	0	0	0	0	1	0	69	25	0	7	25	146	146	0	0	0	37	[]	0	0
44	123456999	0	0	0	144	0	0	0	0	0	0	0	0	0	0	0	0	0	74	25	0	7	25	146	146	0	0	0	37	[]	0	0
45	123456999	0	0	0	144	0	0	0	0	0	0	0	0	0	0	0	0	0	76	25	0	7	25	146	146	0	0	0	37	[]	0	0
46	123456999	0	0	0	144	0	0	0	0	0	0	0	0	0	0	0	0	0	80	25	0	7	25	146	146	0	0	0	37	[]	0	0
47	123456999	0	0	0	144	0	0	0	0	0	0	0	0	0	0	0	0	0	82	25	0	7	25	146	146	0	0	0	37	[]	0	0
48	123456999	0	0	0	144	0	0	0	0	0	0	0	0	0	0	0	0	0	83	25	0	7	25	146	146	0	0	0	37	[]	0	0
49	123456999	0	0	0	144	0	0	0	0	0	0	0	0	0	0	0	0	0	84	25	0	7	25	146	146	0	0	0	37	[]	0	0
50	123456999	0	0	0	144	0	0	0	0	0	0	0	0	0	0	0	0	0	85	25	0	7	25	146	146	0	0	0	37	[]	0	0
51	123456999	0	0	0	144	0	0	0	0	0	0	0	0	0	0	0	0	0	86	25	0	7	25	146	146	0	0	0	37	[]	0	0
52	123456999	0	0	0	144	0	0	0	0	0	0	0	0	0	0	0	0	0	89	25	0	7	25	146	146	0	0	0	37	[]	0	0
53	123456999	0	0	0	144	0	0	0	0	0	0	0	0	0	0	0	0	0	91	25	0	7	25	146	146	0	0	0	37	[]	0	0
54	123456999	0	0	0	144	0	0	0	0	0	0	0	0	0	0	0	0	0	93	25	0	7	25	146	146	0	0	0	37	[]	0	0
55	123456999	0	0	0	144	0	0	0	0	0	0	0	0	0	0	0	0	0	95	25	0	7	25	146	146	0	0	0	37	[]	0	0
56	123456999	0	0	0	144	0	0	0	0	0	0	0	0	0	0	0	0	0	95	25	0	7	25	146	146	0	0	0	37	[]	0	0
57	123456999	0	0	0	144	0	0	0	0	0	0	0	0	0	0	0	0	0	98	25	0	7	25	146	146	0	0	0	37	[]	0	0
58	123456999	0	0	0	144	0	0	0	0	0	0	0	0	0	0	0	0	0	99	25	0	7	25	146	146	0	0	0	37	[]	0	0
59	123456999	0	0	0	144	0	0	0	0	0	0	0	0	0	0	0	0	0	99	25	0	7	25	146	146	0	0	0	37	[]	0	0
60	123456999	0	0	0	144	0	0	0	0	0	0	0	0	0	0	0	0	0	99	25	0	7	25	146	146	0	0	0	37	[]	0	0
