day	seedRun	susceptible	exposed	infected	removed	susceptible-in-quarantine	exposed-in-quarantine	infected-in-quarantine	removed-in-quarantine	susceptible-in-quarantine-external-1	exposed-in-quarantine-external-1	infected-in-quarantine-external-1	removed-in-quarantine-external-1	susceptible-in-quarantine-external-2	exposed-in-quarantine-external-2	infected-in-quarantine-external-2	removed-in-quarantine-external-2	num-of-screened-agents	num-of-screened-agents-external-1	num-of-screened-agents-external-2	num-of-positive-agents	num-of-positive-agents-external-1	num-of-positive-agents-external-2	num-vaccinated	num-immunized	num-immunized-in-quarantine	num-immunized-in-quarantine-external-1	num-immunized-in-quarantine-external-2	num-infected-outside	classroom-in-quarantine	num-of-classroom-in-quarantine	classroom-with-at-least-one-infected
0	123456987	144	0	0	0	0	0	0	0	0	0	0	0	0	0	0	0	0	0	0	0	0	0	146	146	0	0	0	0	[]	0	0
1	123456987	143	1	0	0	0	0	0	0	0	0	0	0	0	0	0	0	0	4	0	0	0	0	146	146	0	0	0	1	[]	0	0
2	123456987	141	3	0	0	0	0	0	0	0	0	0	0	0	0	0	0	0	4	0	0	0	0	146	146	0	0	0	3	[]	0	0
3	123456987	134	9	1	0	0	0	0	0	0	0	0	0	0	0	0	0	0	4	0	0	0	0	146	146	0	0	0	9	[]	0	1
4	123456987	128	11	5	0	0	0	0	0	0	0	0	0	0	0	0	0	0	4	0	0	0	0	146	146	0	0	0	11	[]	0	5
5	123456987	114	20	10	0	0	0	0	0	0	0	0	0	0	0	0	0	0	5	0	0	0	0	146	146	0	0	0	13	[]	0	7
6	123456987	111	21	8	0	0	0	2	0	0	0	0	0	0	0	2	0	38	7	2	2	0	2	146	146	0	0	0	16	[]	0	8
7	123456987	108	19	12	1	0	0	1	1	0	0	0	0	0	0	2	0	38	10	2	2	0	2	146	146	0	0	0	19	[]	0	7
8	123456987	97	27	13	3	0	0	0	2	0	0	0	0	0	0	2	0	38	10	2	2	0	2	146	146	0	0	0	20	[]	0	7
9	123456987	91	30	13	6	0	0	0	2	0	0	0	0	0	0	2	0	38	11	2	2	0	2	146	146	0	0	0	20	[]	0	6
10	123456987	79	32	19	10	0	0	0	2	0	0	0	0	0	0	2	0	38	14	2	2	0	2	146	146	0	0	0	20	[]	0	9
11	123456987	69	21	19	11	2	10	7	3	0	0	0	0	0	0	1	1	74	14	2	9	0	2	146	130	16	0	0	21	[2D 1B]	2	10
12	123456987	59	18	19	12	5	10	13	5	0	0	0	0	0	0	2	1	93	16	3	14	0	3	146	122	24	0	0	22	[2D 1B 1C]	3	9
13	123456987	57	14	25	12	5	8	14	6	0	0	0	0	0	0	2	1	93	19	3	14	0	3	146	122	24	0	0	24	[2D 1B 1C]	3	10
14	123456987	56	11	25	13	5	5	18	7	0	0	1	0	0	0	1	2	112	23	3	16	1	3	146	122	24	0	0	25	[2D 1B 1C]	3	10
15	123456987	47	15	28	15	5	4	16	10	0	0	1	0	0	0	0	3	112	23	3	16	1	3	146	122	24	0	0	25	[2D 1B 1C]	3	11
16	123456987	40	18	16	15	5	5	24	15	0	0	2	0	0	0	1	3	150	24	4	25	2	4	146	114	32	0	0	26	[2D 1B 1C 3A]	4	11
17	123456987	29	16	18	13	9	5	26	20	0	0	3	0	0	0	2	3	185	26	5	29	3	5	146	106	40	0	0	28	[2D 1B 1C 3A 3D]	5	11
18	123456987	25	9	8	11	10	5	29	29	0	0	4	0	2	2	5	5	223	27	7	37	4	7	146	90	48	0	8	29	[2D 1B 1C 3A 3D 2B 1D]	7	11
19	123456987	21	10	6	12	10	2	29	35	0	0	4	0	2	2	6	5	242	28	8	40	4	8	146	90	48	0	8	29	[2D 1B 1C 3A 3D 2B 1D]	7	12
20	123456987	19	8	8	14	10	2	27	37	0	0	4	0	2	1	7	5	242	29	8	40	4	8	146	90	48	0	8	31	[2D 1B 1C 3A 3D 2B 1D]	7	12
21	123456987	20	6	8	31	9	2	19	32	0	0	3	1	2	1	6	4	258	30	8	41	4	8	146	98	40	0	8	31	[1C 3A 3D 2B 1D 1A]	6	10
22	123456987	20	7	6	36	6	2	14	29	0	0	1	3	2	2	9	7	258	31	9	41	4	9	146	98	32	0	16	31	[3A 3D 2B 1D 1A 2C]	6	9
23	123456987	18	5	9	36	6	1	14	31	0	0	1	3	2	0	10	8	275	33	9	42	4	9	146	98	32	0	16	31	[3A 3D 2B 1D 1A 2C]	6	8
24	123456987	16	6	9	37	6	1	12	33	0	0	1	3	2	0	8	10	275	35	9	42	4	9	146	98	32	0	16	31	[3A 3D 2B 1D 1A 2C]	6	8
25	123456987	14	7	10	37	6	1	8	37	0	0	1	3	2	0	7	11	275	36	9	42	4	9	146	98	32	0	16	32	[3A 3D 2B 1D 1A 2C]	6	8
26	123456987	10	11	9	50	6	1	6	28	0	0	1	3	2	0	6	11	275	37	9	42	4	9	146	106	24	0	16	32	[3D 2B 1D 1A 2C]	5	7
27	123456987	14	4	15	59	2	0	6	23	0	0	0	2	2	0	4	13	275	38	9	42	4	9	146	114	16	0	16	32	[2B 1D 1A 2C]	4	7
28	123456987	13	2	9	83	5	1	7	13	0	0	1	1	0	0	2	7	294	39	9	47	5	9	146	122	16	0	8	32	[1A 2C 3C]	3	6
29	123456987	12	1	8	85	5	1	6	14	0	0	2	1	0	0	2	7	313	40	9	47	6	9	146	122	16	0	8	32	[1A 2C 3C]	3	6
30	123456987	12	0	8	86	5	1	6	14	0	0	2	1	0	0	2	7	313	41	9	47	6	9	146	122	16	0	8	32	[1A 2C 3C]	3	6
31	123456987	13	0	7	98	4	1	5	5	0	0	1	1	0	0	2	7	313	43	9	47	6	9	146	130	8	0	8	32	[2C 3C]	2	4
32	123456987	13	0	4	110	4	1	5	4	0	0	2	1	0	0	0	0	331	47	9	49	7	9	146	138	8	0	0	32	[3C]	1	3
33	123456987	13	0	0	111	4	1	6	5	0	0	3	1	0	0	0	0	350	48	9	52	8	9	146	138	8	0	0	32	[3C]	1	3
34	123456987	12	1	0	111	4	1	5	6	0	0	3	1	0	0	0	0	369	49	9	52	8	9	146	138	8	0	0	33	[3C]	1	3
35	123456987	12	0	1	111	4	1	5	6	0	0	2	2	0	0	0	0	369	50	9	52	8	9	146	138	8	0	0	33	[3C]	1	4
36	123456987	12	0	1	111	4	1	4	7	0	0	2	2	0	0	0	0	369	50	9	52	8	9	146	138	8	0	0	33	[3C]	1	4
37	123456987	12	0	1	111	4	0	4	8	0	0	1	3	0	0	0	0	386	51	9	52	8	9	146	138	8	0	0	33	[3C]	1	3
38	123456987	16	0	1	119	0	0	1	4	0	0	1	2	0	0	0	0	402	52	9	52	8	9	146	146	0	0	0	33	[]	0	2
39	123456987	16	0	1	120	0	0	1	4	0	0	1	1	0	0	0	0	402	54	9	52	8	9	146	146	0	0	0	33	[]	0	2
40	123456987	16	0	1	120	0	0	0	5	0	0	1	1	0	0	0	0	402	54	9	52	8	9	146	146	0	0	0	33	[]	0	2
41	123456987	16	0	1	120	0	0	0	5	0	0	1	1	0	0	0	0	402	54	9	52	8	9	146	146	0	0	0	33	[]	0	2
42	123456987	16	0	1	123	0	0	0	3	0	0	1	0	0	0	0	0	402	55	9	52	8	9	146	146	0	0	0	33	[]	0	2
43	123456987	15	1	0	128	0	0	0	0	0	0	0	0	0	0	0	0	402	55	9	52	8	9	146	146	0	0	0	34	[]	0	0
44	123456987	15	1	0	128	0	0	0	0	0	0	0	0	0	0	0	0	402	60	9	52	8	9	146	146	0	0	0	34	[]	0	0
45	123456987	15	1	0	128	0	0	0	0	0	0	0	0	0	0	0	0	402	60	9	52	8	9	146	146	0	0	0	34	[]	0	0
46	123456987	15	1	0	128	0	0	0	0	0	0	0	0	0	0	0	0	402	60	9	52	8	9	146	146	0	0	0	34	[]	0	0
47	123456987	15	1	0	128	0	0	0	0	0	0	0	0	0	0	0	0	402	60	9	52	8	9	146	146	0	0	0	34	[]	0	0
48	123456987	15	1	0	128	0	0	0	0	0	0	0	0	0	0	0	0	402	64	9	52	8	9	146	146	0	0	0	34	[]	0	0
49	123456987	15	1	0	128	0	0	0	0	0	0	0	0	0	0	0	0	402	67	9	52	8	9	146	146	0	0	0	34	[]	0	0
50	123456987	15	1	0	128	0	0	0	0	0	0	0	0	0	0	0	0	402	67	9	52	8	9	146	146	0	0	0	34	[]	0	0
51	123456987	15	1	0	128	0	0	0	0	0	0	0	0	0	0	0	0	402	72	9	52	8	9	146	146	0	0	0	34	[]	0	0
52	123456987	14	1	1	128	0	0	0	0	0	0	0	0	0	0	0	0	402	75	9	52	8	9	146	146	0	0	0	35	[]	0	1
53	123456987	13	2	1	128	0	0	0	0	0	0	0	0	0	0	0	0	402	77	9	52	8	9	146	146	0	0	0	36	[]	0	1
54	123456987	12	1	3	128	0	0	0	0	0	0	0	0	0	0	0	0	402	77	9	52	8	9	146	146	0	0	0	37	[]	0	3
55	123456987	12	0	3	129	0	0	0	0	0	0	0	0	0	0	0	0	402	79	9	52	8	9	146	146	0	0	0	37	[]	0	3
56	123456987	12	0	3	129	0	0	0	0	0	0	0	0	0	0	0	0	402	81	9	52	8	9	146	146	0	0	0	37	[]	0	3
57	123456987	11	1	3	129	0	0	0	0	0	0	0	0	0	0	0	0	402	83	9	52	8	9	146	146	0	0	0	37	[]	0	3
58	123456987	11	1	3	129	0	0	0	0	0	0	0	0	0	0	0	0	402	84	9	52	8	9	146	146	0	0	0	37	[]	0	3
59	123456987	10	2	3	129	0	0	0	0	0	0	0	0	0	0	0	0	402	85	9	52	8	9	146	146	0	0	0	38	[]	0	3
60	123456987	9	3	3	129	0	0	0	0	0	0	0	0	0	0	0	0	402	89	9	52	8	9	146	146	0	0	0	38	[]	0	3
