day	seedRun	susceptible	exposed	infected	removed	susceptible-in-quarantine	exposed-in-quarantine	infected-in-quarantine	removed-in-quarantine	susceptible-in-quarantine-external-1	exposed-in-quarantine-external-1	infected-in-quarantine-external-1	removed-in-quarantine-external-1	susceptible-in-quarantine-external-2	exposed-in-quarantine-external-2	infected-in-quarantine-external-2	removed-in-quarantine-external-2	num-of-screened-agents	num-of-screened-agents-external-1	num-of-screened-agents-external-2	num-of-positive-agents	num-of-positive-agents-external-1	num-of-positive-agents-external-2	num-vaccinated	num-immunized	num-immunized-in-quarantine	num-immunized-in-quarantine-external-1	num-immunized-in-quarantine-external-2	num-infected-outside	classroom-in-quarantine	num-of-classroom-in-quarantine	classroom-with-at-least-one-infected
0	123456798	144	0	0	0	0	0	0	0	0	0	0	0	0	0	0	0	0	0	0	0	0	0	146	146	0	0	0	0	[]	0	0
1	123456798	140	4	0	0	0	0	0	0	0	0	0	0	0	0	0	0	0	5	0	0	0	0	146	146	0	0	0	4	[]	0	0
2	123456798	139	5	0	0	0	0	0	0	0	0	0	0	0	0	0	0	0	6	0	0	0	0	146	146	0	0	0	5	[]	0	0
3	123456798	135	7	2	0	0	0	0	0	0	0	0	0	0	0	0	0	0	7	0	0	0	0	146	146	0	0	0	7	[]	0	2
4	123456798	131	10	3	0	0	0	0	0	0	0	0	0	0	0	0	0	0	9	0	0	0	0	146	146	0	0	0	8	[]	0	3
5	123456798	120	16	8	0	0	0	0	0	0	0	0	0	0	0	0	0	0	13	0	0	0	0	146	146	0	0	0	9	[]	0	4
6	123456798	117	15	10	0	0	0	1	0	0	0	1	0	0	0	0	0	19	16	0	1	1	0	146	146	0	0	0	12	[]	0	4
7	123456798	117	12	11	1	0	0	1	0	0	0	1	0	0	0	1	0	38	18	1	1	1	1	146	146	0	0	0	12	[]	0	6
8	123456798	105	21	12	3	0	0	0	1	0	0	1	0	0	0	1	0	38	20	1	1	1	1	146	146	0	0	0	16	[]	0	6
9	123456798	96	26	14	5	0	0	0	1	0	0	0	1	0	0	0	1	38	22	1	1	1	1	146	146	0	0	0	18	[]	0	5
10	123456798	89	23	12	5	1	4	5	2	0	0	1	1	0	0	0	1	57	25	1	6	2	1	146	138	8	0	0	21	[1B]	1	5
11	123456798	84	20	8	3	1	6	12	5	0	0	2	1	0	0	1	1	112	29	2	13	3	2	146	130	16	0	0	22	[1B 2B]	2	6
12	123456798	74	23	14	4	1	2	16	5	0	0	2	1	0	0	1	1	129	32	2	13	3	2	146	130	16	0	0	24	[1B 2B]	2	7
13	123456798	72	17	18	4	1	1	16	9	0	0	3	1	0	0	1	1	148	34	2	16	4	2	146	130	16	0	0	26	[1B 2B]	2	10
14	123456798	67	12	18	2	2	1	21	14	0	0	2	2	0	0	2	1	167	35	3	22	4	3	146	122	24	0	0	30	[1B 2B 2C]	3	10
15	123456798	58	15	11	3	5	1	24	19	0	0	1	3	0	0	3	1	186	35	4	28	4	4	146	114	32	0	0	31	[1B 2B 2C 2A]	4	11
16	123456798	47	23	14	5	5	1	19	23	0	0	1	2	0	0	2	2	186	35	4	28	4	4	146	114	32	0	0	31	[1B 2B 2C 2A]	4	12
17	123456798	42	21	18	9	5	1	16	26	0	0	1	2	0	0	2	1	186	35	4	28	4	4	146	114	32	0	0	33	[1B 2B 2C 2A]	4	12
18	123456798	25	27	20	10	10	2	16	28	0	0	1	2	0	0	2	1	202	36	4	30	4	4	146	106	40	0	0	34	[1B 2B 2C 2A 1C]	5	12
19	123456798	19	30	21	12	10	1	15	30	0	0	1	2	0	0	2	1	202	39	4	30	4	4	146	106	40	0	0	34	[1B 2B 2C 2A 1C]	5	12
20	123456798	20	24	16	27	9	1	13	27	0	0	1	1	0	0	4	1	240	42	6	35	4	6	146	114	32	0	0	34	[2B 2C 2A 1C]	4	11
21	123456798	20	19	19	43	9	0	12	17	0	0	1	0	0	0	3	1	240	43	6	35	4	6	146	122	24	0	0	34	[2C 2A 1C]	3	10
22	123456798	15	16	23	44	9	0	14	17	0	0	1	0	0	0	3	2	259	45	7	37	4	7	146	122	24	0	0	34	[2C 2A 1C]	3	10
23	123456798	12	18	22	46	9	0	13	18	0	0	1	0	0	0	3	2	259	47	7	37	4	7	146	122	24	0	0	35	[2C 2A 1C]	3	10
24	123456798	9	18	25	58	8	0	8	13	0	0	1	0	0	0	3	1	259	50	7	37	4	7	146	130	16	0	0	35	[2A 1C]	2	9
25	123456798	9	11	14	67	7	3	16	12	0	0	1	0	0	0	2	2	311	50	8	46	4	8	146	122	24	0	0	35	[1C 2D 3D]	3	8
26	123456798	9	5	19	68	7	3	14	14	0	0	1	0	0	0	2	2	311	50	8	46	4	8	146	122	24	0	0	35	[1C 2D 3D]	3	8
27	123456798	9	3	12	64	7	3	20	20	0	0	0	1	0	0	3	2	347	50	9	53	4	9	146	114	32	0	0	35	[1C 2D 3D 3C]	4	8
28	123456798	14	1	3	70	2	4	25	19	0	0	1	0	0	0	2	3	366	52	9	59	5	9	146	114	32	0	0	35	[2D 3D 3C 3A]	4	7
29	123456798	13	2	3	70	2	1	22	25	0	0	1	0	0	0	2	3	366	54	9	59	5	9	146	114	32	0	0	36	[2D 3D 3C 3A]	4	7
30	123456798	12	3	3	70	2	0	16	32	0	0	1	0	0	0	1	4	382	55	9	59	5	9	146	114	32	0	0	36	[2D 3D 3C 3A]	4	6
31	123456798	11	4	2	71	2	0	16	32	0	0	1	0	0	0	0	5	382	56	9	59	5	9	146	114	32	0	0	37	[2D 3D 3C 3A]	4	5
32	123456798	11	2	4	74	2	0	13	33	0	0	0	1	0	0	0	4	382	57	9	59	5	9	146	114	32	0	0	37	[2D 3D 3C 3A]	4	6
33	123456798	10	2	4	75	2	0	9	37	0	0	0	1	0	0	0	4	382	57	9	59	5	9	146	114	32	0	0	37	[2D 3D 3C 3A]	4	7
34	123456798	10	0	6	75	2	0	8	38	0	0	0	1	0	0	0	4	382	58	9	59	5	9	146	114	32	0	0	37	[2D 3D 3C 3A]	4	8
35	123456798	12	0	6	101	0	0	2	21	0	0	0	1	0	0	0	1	382	62	9	59	5	9	146	130	16	0	0	37	[3C 3A]	2	7
36	123456798	10	2	3	104	0	0	2	21	0	0	0	1	0	0	0	1	382	63	9	59	5	9	146	130	16	0	0	37	[3C 3A]	2	4
37	123456798	10	2	3	117	0	0	1	10	0	0	0	1	0	0	0	0	382	63	9	59	5	9	146	138	8	0	0	37	[3A]	1	3
38	123456798	10	0	4	130	0	0	0	0	0	0	0	0	0	0	0	0	382	64	9	59	5	9	146	146	0	0	0	37	[]	0	2
39	123456798	10	0	3	131	0	0	0	0	0	0	0	0	0	0	0	0	382	68	9	59	5	9	146	146	0	0	0	37	[]	0	2
40	123456798	9	1	2	132	0	0	0	0	0	0	0	0	0	0	0	0	382	71	9	59	5	9	146	146	0	0	0	38	[]	0	1
41	123456798	8	2	2	132	0	0	0	0	0	0	0	0	0	0	0	0	382	72	9	59	5	9	146	146	0	0	0	39	[]	0	1
42	123456798	8	1	3	132	0	0	0	0	0	0	0	0	0	0	0	0	382	74	9	59	5	9	146	146	0	0	0	39	[]	0	2
43	123456798	8	0	3	133	0	0	0	0	0	0	0	0	0	0	0	0	382	75	9	59	5	9	146	146	0	0	0	39	[]	0	2
44	123456798	8	0	3	133	0	0	0	0	0	0	0	0	0	0	0	0	382	76	9	59	5	9	146	146	0	0	0	39	[]	0	2
45	123456798	8	0	3	133	0	0	0	0	0	0	0	0	0	0	0	0	382	77	9	59	5	9	146	146	0	0	0	39	[]	0	2
46	123456798	7	1	2	134	0	0	0	0	0	0	0	0	0	0	0	0	382	79	9	59	5	9	146	146	0	0	0	39	[]	0	1
47	123456798	7	1	2	134	0	0	0	0	0	0	0	0	0	0	0	0	382	81	9	59	5	9	146	146	0	0	0	39	[]	0	1
48	123456798	7	1	2	134	0	0	0	0	0	0	0	0	0	0	0	0	382	83	9	59	5	9	146	146	0	0	0	39	[]	0	1
49	123456798	7	1	2	134	0	0	0	0	0	0	0	0	0	0	0	0	382	86	9	59	5	9	146	146	0	0	0	39	[]	0	1
50	123456798	6	2	2	134	0	0	0	0	0	0	0	0	0	0	0	0	382	90	9	59	5	9	146	146	0	0	0	39	[]	0	1
51	123456798	6	2	2	134	0	0	0	0	0	0	0	0	0	0	0	0	382	92	9	59	5	9	146	146	0	0	0	39	[]	0	1
52	123456798	6	0	4	134	0	0	0	0	0	0	0	0	0	0	0	0	382	93	9	59	5	9	146	146	0	0	0	39	[]	0	1
53	123456798	5	1	4	134	0	0	0	0	0	0	0	0	0	0	0	0	382	95	9	59	5	9	146	146	0	0	0	40	[]	0	1
54	123456798	5	1	0	135	0	0	2	0	0	0	0	0	0	0	1	0	401	95	10	61	5	10	146	146	0	0	0	40	[]	0	1
55	123456798	5	1	0	135	0	0	2	0	0	0	0	0	0	0	1	0	401	95	10	61	5	10	146	146	0	0	0	40	[]	0	1
56	123456798	5	1	0	135	0	0	1	1	0	0	0	0	0	0	1	0	401	95	10	61	5	10	146	146	0	0	0	40	[]	0	1
57	123456798	5	1	0	135	0	0	1	1	0	0	0	0	0	0	1	0	401	96	10	61	5	10	146	146	0	0	0	40	[]	0	1
58	123456798	5	1	0	135	0	0	1	1	0	0	0	0	0	0	1	0	401	98	10	61	5	10	146	146	0	0	0	40	[]	0	1
59	123456798	5	1	0	135	0	0	1	1	0	0	0	0	0	0	1	0	418	101	10	61	5	10	146	146	0	0	0	40	[]	0	1
60	123456798	5	1	0	135	0	0	1	1	0	0	0	0	0	0	1	0	418	107	10	61	5	10	146	146	0	0	0	40	[]	0	1
