day	seedRun	susceptible	exposed	infected	removed	susceptible-in-quarantine	exposed-in-quarantine	infected-in-quarantine	removed-in-quarantine	susceptible-in-quarantine-external-1	exposed-in-quarantine-external-1	infected-in-quarantine-external-1	removed-in-quarantine-external-1	susceptible-in-quarantine-external-2	exposed-in-quarantine-external-2	infected-in-quarantine-external-2	removed-in-quarantine-external-2	num-of-screened-agents	num-of-screened-agents-external-1	num-of-screened-agents-external-2	num-of-positive-agents	num-of-positive-agents-external-1	num-of-positive-agents-external-2	num-vaccinated	num-immunized	num-immunized-in-quarantine	num-immunized-in-quarantine-external-1	num-immunized-in-quarantine-external-2	num-infected-outside	classroom-in-quarantine	num-of-classroom-in-quarantine	classroom-with-at-least-one-infected
0	123457241	240	0	0	0	0	0	0	0	0	0	0	0	0	0	0	0	0	0	0	0	0	0	146	50	0	0	0	0	[]	0	0
1	123457241	233	7	0	0	0	0	0	0	0	0	0	0	0	0	0	0	60	1	0	0	0	0	146	50	0	0	0	7	[]	0	0
2	123457241	206	32	2	0	0	0	0	0	0	0	0	0	0	0	0	0	60	1	0	0	0	0	146	50	0	0	0	15	[]	0	2
3	123457241	160	65	15	0	0	0	0	0	0	0	0	0	0	0	0	0	60	4	0	0	0	0	146	50	0	0	0	22	[]	0	4
4	123457241	106	101	32	1	0	0	0	0	0	0	0	0	0	0	0	0	60	6	0	0	0	0	146	50	0	0	0	32	[]	0	6
5	123457241	31	126	33	1	2	21	20	3	0	0	1	0	0	0	2	0	117	8	2	20	1	2	146	39	11	0	0	40	[2A 1D 3C]	3	11
6	123457241	23	62	64	7	8	36	31	4	0	0	3	0	0	0	1	1	155	11	2	29	3	2	146	34	16	0	0	42	[2A 1D 3C 1B 3A]	5	12
7	123457241	19	38	49	16	12	43	46	10	0	0	3	1	0	0	2	1	193	12	3	43	4	3	146	28	22	0	0	42	[2A 1D 3C 1B 3A 2D 3D]	7	12
8	123457241	8	22	15	7	16	48	83	34	0	0	2	2	0	0	2	1	293	13	3	69	4	3	146	18	32	0	0	44	[2A 1D 3C 1B 3A 2D 3D 1A 1C 2B 3B]	11	12
9	123457241	5	21	16	10	16	33	85	47	0	0	2	2	0	0	2	1	293	13	3	69	4	3	146	18	32	0	0	44	[2A 1D 3C 1B 3A 2D 3D 1A 1C 2B 3B]	11	12
10	123457241	5	17	17	13	16	26	81	58	0	0	2	2	0	0	2	1	293	14	3	69	4	3	146	18	32	0	0	44	[2A 1D 3C 1B 3A 2D 3D 1A 1C 2B 3B]	11	12
11	123457241	5	3	15	12	16	23	89	69	0	0	2	2	0	0	3	1	312	14	4	76	4	4	146	15	35	0	0	44	[2A 1D 3C 1B 3A 2D 3D 1A 1C 2B 3B 2C]	12	12
12	123457241	5	2	13	15	16	15	90	76	0	0	2	2	0	0	3	1	312	14	4	76	4	4	146	15	35	0	0	44	[2A 1D 3C 1B 3A 2D 3D 1A 1C 2B 3B 2C]	12	12
13	123457241	5	2	13	15	16	12	82	87	0	0	2	2	0	0	3	1	312	14	4	76	4	4	146	15	35	0	0	44	[2A 1D 3C 1B 3A 2D 3D 1A 1C 2B 3B 2C]	12	12
14	123457241	5	2	12	16	16	9	71	101	0	0	2	2	0	0	3	1	312	14	4	76	4	4	146	15	35	0	0	44	[2A 1D 3C 1B 3A 2D 3D 1A 1C 2B 3B 2C]	12	12
15	123457241	5	4	10	65	14	4	49	84	0	0	2	1	0	0	2	0	327	14	4	76	4	4	146	26	24	0	0	46	[1B 3A 2D 3D 1A 1C 2B 3B 2C]	9	9
16	123457241	8	5	11	95	8	3	34	73	0	0	1	0	0	0	2	0	327	17	4	76	4	4	146	31	19	0	0	48	[2D 3D 1A 1C 2B 3B 2C]	7	8
17	123457241	8	9	11	125	4	1	22	59	0	0	0	0	0	0	1	0	327	17	4	76	4	4	146	37	13	0	0	48	[1A 1C 2B 3B 2C]	5	6
18	123457241	9	7	13	194	0	1	6	9	0	0	0	0	0	0	1	0	327	19	4	76	4	4	146	47	3	0	0	48	[2C]	1	4
19	123457241	8	4	15	196	0	1	5	10	0	0	0	0	0	0	1	0	327	20	4	76	4	4	146	47	3	0	0	48	[2C]	1	4
20	123457241	8	2	14	199	0	0	5	11	0	0	0	0	0	0	0	1	327	20	4	76	4	4	146	47	3	0	0	48	[2C]	1	5
21	123457241	8	2	11	219	0	0	0	0	0	0	0	0	0	0	0	0	327	20	4	76	4	4	146	50	0	0	0	48	[]	0	4
22	123457241	5	4	10	220	0	0	1	0	0	0	0	0	0	0	0	0	406	23	4	77	4	4	146	50	0	0	0	50	[]	0	4
23	123457241	5	4	9	221	0	0	1	0	0	0	0	0	0	0	0	0	406	26	4	77	4	4	146	50	0	0	0	50	[]	0	4
24	123457241	3	5	8	223	0	0	1	0	0	0	0	0	0	0	0	0	406	28	4	77	4	4	146	50	0	0	0	51	[]	0	3
25	123457241	1	4	11	223	0	0	0	1	0	0	0	0	0	0	0	0	406	31	4	77	4	4	146	50	0	0	0	51	[]	0	3
26	123457241	1	3	8	227	0	0	0	1	0	0	0	0	0	0	0	0	406	34	4	77	4	4	146	50	0	0	0	51	[]	0	3
27	123457241	1	3	7	228	0	0	0	1	0	0	0	0	0	0	0	0	425	34	4	77	4	4	146	50	0	0	0	51	[]	0	3
28	123457241	1	3	7	228	0	0	0	1	0	0	0	0	0	0	0	0	425	37	4	77	4	4	146	50	0	0	0	51	[]	0	3
29	123457241	1	3	5	230	0	0	0	1	0	0	0	0	0	0	0	0	484	38	4	77	4	4	146	50	0	0	0	51	[]	0	2
30	123457241	1	3	3	232	0	0	0	1	0	0	0	0	0	0	0	0	484	40	4	77	4	4	146	50	0	0	0	51	[]	0	2
31	123457241	1	1	5	232	0	0	0	1	0	0	0	0	0	0	0	0	484	45	4	77	4	4	146	50	0	0	0	51	[]	0	3
32	123457241	1	1	4	234	0	0	0	0	0	0	0	0	0	0	0	0	484	47	4	77	4	4	146	50	0	0	0	51	[]	0	2
33	123457241	1	1	4	234	0	0	0	0	0	0	0	0	0	0	0	0	484	49	4	77	4	4	146	50	0	0	0	51	[]	0	2
34	123457241	1	0	4	235	0	0	0	0	0	0	0	0	0	0	0	0	484	52	4	77	4	4	146	50	0	0	0	51	[]	0	2
35	123457241	1	0	4	235	0	0	0	0	0	0	0	0	0	0	0	0	484	52	4	77	4	4	146	50	0	0	0	51	[]	0	2
36	123457241	1	0	2	235	0	0	2	0	0	0	0	0	0	0	0	0	563	54	4	79	4	4	146	50	0	0	0	51	[]	0	2
37	123457241	1	0	2	235	0	0	2	0	0	0	0	0	0	0	0	0	563	54	4	79	4	4	146	50	0	0	0	51	[]	0	2
38	123457241	1	0	1	236	0	0	1	1	0	0	0	0	0	0	0	0	563	54	4	79	4	4	146	50	0	0	0	51	[]	0	2
39	123457241	1	0	1	236	0	0	1	1	0	0	0	0	0	0	0	0	563	54	4	79	4	4	146	50	0	0	0	51	[]	0	2
40	123457241	1	0	1	236	0	0	1	1	0	0	0	0	0	0	0	0	563	55	4	79	4	4	146	50	0	0	0	51	[]	0	2
41	123457241	0	1	1	236	0	0	1	1	0	0	0	0	0	0	0	0	581	55	4	79	4	4	146	50	0	0	0	52	[]	0	2
42	123457241	0	1	1	236	0	0	1	1	0	0	0	0	0	0	0	0	581	55	4	79	4	4	146	50	0	0	0	52	[]	0	2
43	123457241	0	1	1	236	0	0	1	1	0	0	0	0	0	0	0	0	640	57	4	79	4	4	146	50	0	0	0	52	[]	0	2
44	123457241	0	0	2	236	0	0	1	1	0	0	0	0	0	0	0	0	640	57	4	79	4	4	146	50	0	0	0	52	[]	0	2
45	123457241	0	0	2	236	0	0	1	1	0	0	0	0	0	0	0	0	640	58	4	79	4	4	146	50	0	0	0	52	[]	0	2
46	123457241	0	0	2	238	0	0	0	0	0	0	0	0	0	0	0	0	640	59	4	79	4	4	146	50	0	0	0	52	[]	0	1
47	123457241	0	0	2	238	0	0	0	0	0	0	0	0	0	0	0	0	640	59	4	79	4	4	146	50	0	0	0	52	[]	0	1
48	123457241	0	0	1	239	0	0	0	0	0	0	0	0	0	0	0	0	640	60	4	79	4	4	146	50	0	0	0	52	[]	0	1
49	123457241	0	0	1	239	0	0	0	0	0	0	0	0	0	0	0	0	640	63	4	79	4	4	146	50	0	0	0	52	[]	0	1
50	123457241	0	0	1	239	0	0	0	0	0	0	0	0	0	0	0	0	700	64	4	79	4	4	146	50	0	0	0	52	[]	0	1
51	123457241	0	0	1	239	0	0	0	0	0	0	0	0	0	0	0	0	700	66	4	79	4	4	146	50	0	0	0	52	[]	0	1
52	123457241	0	0	1	239	0	0	0	0	0	0	0	0	0	0	0	0	700	69	4	79	4	4	146	50	0	0	0	52	[]	0	1
53	123457241	0	0	0	240	0	0	0	0	0	0	0	0	0	0	0	0	700	72	4	79	4	4	146	50	0	0	0	52	[]	0	0
54	123457241	0	0	0	240	0	0	0	0	0	0	0	0	0	0	0	0	700	73	4	79	4	4	146	50	0	0	0	52	[]	0	0
55	123457241	0	0	0	240	0	0	0	0	0	0	0	0	0	0	0	0	700	76	4	79	4	4	146	50	0	0	0	52	[]	0	0
56	123457241	0	0	0	240	0	0	0	0	0	0	0	0	0	0	0	0	700	77	4	79	4	4	146	50	0	0	0	52	[]	0	0
57	123457241	0	0	0	240	0	0	0	0	0	0	0	0	0	0	0	0	760	80	4	79	4	4	146	50	0	0	0	52	[]	0	0
58	123457241	0	0	0	240	0	0	0	0	0	0	0	0	0	0	0	0	760	81	4	79	4	4	146	50	0	0	0	52	[]	0	0
59	123457241	0	0	0	240	0	0	0	0	0	0	0	0	0	0	0	0	760	82	4	79	4	4	146	50	0	0	0	52	[]	0	0
60	123457241	0	0	0	240	0	0	0	0	0	0	0	0	0	0	0	0	760	83	4	79	4	4	146	50	0	0	0	52	[]	0	0
