day	seedRun	susceptible	exposed	infected	removed	susceptible-in-quarantine	exposed-in-quarantine	infected-in-quarantine	removed-in-quarantine	susceptible-in-quarantine-external-1	exposed-in-quarantine-external-1	infected-in-quarantine-external-1	removed-in-quarantine-external-1	susceptible-in-quarantine-external-2	exposed-in-quarantine-external-2	infected-in-quarantine-external-2	removed-in-quarantine-external-2	num-of-screened-agents	num-of-screened-agents-external-1	num-of-screened-agents-external-2	num-of-positive-agents	num-of-positive-agents-external-1	num-of-positive-agents-external-2	num-vaccinated	num-immunized	num-immunized-in-quarantine	num-immunized-in-quarantine-external-1	num-immunized-in-quarantine-external-2	num-infected-outside	classroom-in-quarantine	num-of-classroom-in-quarantine	classroom-with-at-least-one-infected
0	123456852	246	0	0	0	0	0	0	0	0	0	0	0	0	0	0	0	0	0	0	0	0	0	74	44	0	0	0	0	[]	0	0
1	123456852	234	12	0	0	0	0	0	0	0	0	0	0	0	0	0	0	60	0	0	0	0	0	74	44	0	0	0	12	[]	0	0
2	123456852	201	43	2	0	0	0	0	0	0	0	0	0	0	0	0	0	60	2	0	0	0	0	74	44	0	0	0	26	[]	0	2
3	123456852	157	79	9	1	0	0	0	0	0	0	0	0	0	0	0	0	60	4	0	0	0	0	74	44	0	0	0	37	[]	0	5
4	123456852	102	113	27	4	0	0	0	0	0	0	0	0	0	0	0	0	60	5	0	0	0	0	74	44	0	0	0	44	[]	0	7
5	123456852	46	139	55	6	0	0	0	0	0	0	0	0	0	0	0	0	60	6	0	0	0	0	74	44	0	0	0	51	[]	0	11
6	123456852	42	73	68	7	2	18	27	6	0	0	0	0	0	0	3	0	117	6	3	27	0	3	74	40	4	0	0	53	[1A 3D 2B]	3	12
7	123456852	39	31	38	8	2	32	66	23	0	0	1	0	0	0	6	0	193	7	6	64	1	6	74	34	10	0	0	56	[1A 3D 2B 1D 3A 2C 2D]	7	12
8	123456852	12	28	14	5	8	38	96	37	0	0	1	0	0	0	6	1	291	7	7	91	1	7	74	29	15	0	0	59	[1A 3D 2B 1D 3A 2C 2D 1B 3B 3C]	10	12
9	123456852	3	29	20	7	8	26	93	52	0	0	1	0	0	0	6	1	291	7	7	91	1	7	74	29	15	0	0	60	[1A 3D 2B 1D 3A 2C 2D 1B 3B 3C]	10	12
10	123456852	2	24	25	8	8	19	87	65	0	0	1	0	0	0	5	2	291	8	7	91	1	7	74	29	15	0	0	60	[1A 3D 2B 1D 3A 2C 2D 1B 3B 3C]	10	12
11	123456852	2	11	18	12	8	20	84	82	0	0	1	0	0	0	6	2	308	8	8	97	1	8	74	27	17	0	0	60	[1A 3D 2B 1D 3A 2C 2D 1B 3B 3C 1C]	11	12
12	123456852	2	8	19	14	8	14	77	95	0	0	1	0	0	0	5	3	308	8	8	97	1	8	74	27	17	0	0	60	[1A 3D 2B 1D 3A 2C 2D 1B 3B 3C 1C]	11	12
13	123456852	2	4	21	16	8	7	72	107	0	0	1	0	0	0	5	3	308	8	8	97	1	8	74	27	17	0	0	60	[1A 3D 2B 1D 3A 2C 2D 1B 3B 3C 1C]	11	12
14	123456852	1	2	8	12	8	7	74	124	0	0	1	0	0	0	3	6	327	8	9	106	1	9	74	27	17	0	0	61	[1A 3D 2B 1D 3A 2C 2D 1B 3B 3C 1C 2A]	12	12
15	123456852	1	1	8	13	8	5	64	136	0	0	1	0	0	0	2	7	327	8	9	106	1	9	74	27	17	0	0	61	[1A 3D 2B 1D 3A 2C 2D 1B 3B 3C 1C 2A]	12	12
16	123456852	2	1	9	67	6	3	42	109	0	0	0	1	0	0	2	4	327	8	9	106	1	9	74	31	13	0	0	61	[1D 3A 2C 2D 1B 3B 3C 1C 2A]	9	9
17	123456852	1	1	8	143	6	2	29	53	0	0	0	0	0	0	0	3	327	8	9	106	1	9	74	37	7	0	0	61	[1B 3B 3C 1C 2A]	5	6
18	123456852	4	4	8	192	0	1	17	17	0	0	0	0	0	0	0	3	327	11	9	106	1	9	74	42	2	0	0	61	[1C 2A]	2	3
19	123456852	4	4	8	192	0	1	14	20	0	0	0	0	0	0	0	3	327	13	9	106	1	9	74	42	2	0	0	61	[1C 2A]	2	3
20	123456852	4	2	8	193	0	0	14	21	0	0	0	0	0	0	1	3	346	13	10	106	1	10	74	42	2	0	0	61	[1C 2A]	2	4
21	123456852	4	2	6	213	0	0	7	12	0	0	0	0	0	0	1	1	346	13	10	106	1	10	74	44	0	0	0	61	[2A]	1	3
22	123456852	4	2	5	213	0	0	6	14	0	0	0	0	0	0	1	1	420	13	10	107	1	10	74	44	0	0	0	61	[2A]	1	3
23	123456852	3	3	3	215	0	0	6	14	0	0	0	0	0	0	1	1	420	14	10	107	1	10	74	44	0	0	0	62	[2A]	1	3
24	123456852	3	3	3	235	0	0	1	0	0	0	0	0	0	0	1	0	420	16	10	107	1	10	74	44	0	0	0	62	[]	0	2
25	123456852	3	1	5	235	0	0	1	0	0	0	0	0	0	0	1	0	439	17	10	107	1	10	74	44	0	0	0	62	[]	0	2
26	123456852	3	1	4	236	0	0	1	0	0	0	0	0	0	0	1	0	439	17	10	107	1	10	74	44	0	0	0	62	[]	0	2
27	123456852	3	1	4	236	0	0	1	0	0	0	0	0	0	0	1	0	458	18	10	107	1	10	74	44	0	0	0	62	[]	0	2
28	123456852	3	0	4	237	0	0	1	0	0	0	0	0	0	0	0	1	458	19	10	107	1	10	74	44	0	0	0	62	[]	0	2
29	123456852	3	0	3	237	0	0	2	0	0	0	0	0	0	0	0	1	535	19	10	108	1	10	74	44	0	0	0	62	[]	0	2
30	123456852	3	0	2	239	0	0	2	0	0	0	0	0	0	0	0	0	535	21	10	108	1	10	74	44	0	0	0	62	[]	0	2
31	123456852	2	1	2	239	0	0	2	0	0	0	0	0	0	0	0	0	535	25	10	108	1	10	74	44	0	0	0	63	[]	0	2
32	123456852	1	2	1	241	0	0	1	0	0	0	0	0	0	0	0	0	535	27	10	108	1	10	74	44	0	0	0	64	[]	0	1
33	123456852	1	2	1	241	0	0	1	0	0	0	0	0	0	0	0	0	535	29	10	108	1	10	74	44	0	0	0	64	[]	0	1
34	123456852	1	2	1	241	0	0	1	0	0	0	0	0	0	0	0	0	554	30	10	108	1	10	74	44	0	0	0	64	[]	0	1
35	123456852	1	1	2	241	0	0	1	0	0	0	0	0	0	0	0	0	554	31	10	108	1	10	74	44	0	0	0	64	[]	0	2
36	123456852	0	2	2	241	0	0	1	0	0	0	0	0	0	0	0	0	613	33	10	108	1	10	74	44	0	0	0	64	[]	0	2
37	123456852	0	1	3	241	0	0	1	0	0	0	0	0	0	0	0	0	613	34	10	108	1	10	74	44	0	0	0	64	[]	0	2
38	123456852	0	0	3	242	0	0	0	1	0	0	0	0	0	0	0	0	613	35	10	108	1	10	74	44	0	0	0	64	[]	0	1
39	123456852	0	0	3	243	0	0	0	0	0	0	0	0	0	0	0	0	613	37	10	108	1	10	74	44	0	0	0	64	[]	0	1
40	123456852	0	0	3	243	0	0	0	0	0	0	0	0	0	0	0	0	613	40	10	108	1	10	74	44	0	0	0	64	[]	0	1
41	123456852	0	0	3	243	0	0	0	0	0	0	0	0	0	0	0	0	613	43	10	108	1	10	74	44	0	0	0	64	[]	0	1
42	123456852	0	0	3	243	0	0	0	0	0	0	0	0	0	0	0	0	613	46	10	108	1	10	74	44	0	0	0	64	[]	0	1
43	123456852	0	0	2	244	0	0	0	0	0	0	0	0	0	0	0	0	673	48	10	108	1	10	74	44	0	0	0	64	[]	0	1
44	123456852	0	0	2	244	0	0	0	0	0	0	0	0	0	0	0	0	673	50	10	108	1	10	74	44	0	0	0	64	[]	0	1
45	123456852	0	0	1	245	0	0	0	0	0	0	0	0	0	0	0	0	673	52	10	108	1	10	74	44	0	0	0	64	[]	0	1
46	123456852	0	0	1	245	0	0	0	0	0	0	0	0	0	0	0	0	673	57	10	108	1	10	74	44	0	0	0	64	[]	0	1
47	123456852	0	0	1	245	0	0	0	0	0	0	0	0	0	0	0	0	673	57	10	108	1	10	74	44	0	0	0	64	[]	0	1
48	123456852	0	0	1	245	0	0	0	0	0	0	0	0	0	0	0	0	673	57	10	108	1	10	74	44	0	0	0	64	[]	0	1
49	123456852	0	0	1	245	0	0	0	0	0	0	0	0	0	0	0	0	673	58	10	108	1	10	74	44	0	0	0	64	[]	0	1
50	123456852	0	0	1	245	0	0	0	0	0	0	0	0	0	0	0	0	733	60	10	108	1	10	74	44	0	0	0	64	[]	0	1
51	123456852	0	0	1	245	0	0	0	0	0	0	0	0	0	0	0	0	733	63	10	108	1	10	74	44	0	0	0	64	[]	0	1
52	123456852	0	0	0	246	0	0	0	0	0	0	0	0	0	0	0	0	733	66	10	108	1	10	74	44	0	0	0	64	[]	0	0
53	123456852	0	0	0	246	0	0	0	0	0	0	0	0	0	0	0	0	733	66	10	108	1	10	74	44	0	0	0	64	[]	0	0
54	123456852	0	0	0	246	0	0	0	0	0	0	0	0	0	0	0	0	733	69	10	108	1	10	74	44	0	0	0	64	[]	0	0
55	123456852	0	0	0	246	0	0	0	0	0	0	0	0	0	0	0	0	733	70	10	108	1	10	74	44	0	0	0	64	[]	0	0
56	123456852	0	0	0	246	0	0	0	0	0	0	0	0	0	0	0	0	733	72	10	108	1	10	74	44	0	0	0	64	[]	0	0
57	123456852	0	0	0	246	0	0	0	0	0	0	0	0	0	0	0	0	793	77	10	108	1	10	74	44	0	0	0	64	[]	0	0
58	123456852	0	0	0	246	0	0	0	0	0	0	0	0	0	0	0	0	793	78	10	108	1	10	74	44	0	0	0	64	[]	0	0
59	123456852	0	0	0	246	0	0	0	0	0	0	0	0	0	0	0	0	793	80	10	108	1	10	74	44	0	0	0	64	[]	0	0
60	123456852	0	0	0	246	0	0	0	0	0	0	0	0	0	0	0	0	793	80	10	108	1	10	74	44	0	0	0	64	[]	0	0
