day	seedRun	susceptible	exposed	infected	removed	susceptible-in-quarantine	exposed-in-quarantine	infected-in-quarantine	removed-in-quarantine	susceptible-in-quarantine-external-1	exposed-in-quarantine-external-1	infected-in-quarantine-external-1	removed-in-quarantine-external-1	susceptible-in-quarantine-external-2	exposed-in-quarantine-external-2	infected-in-quarantine-external-2	removed-in-quarantine-external-2	num-of-screened-agents	num-of-screened-agents-external-1	num-of-screened-agents-external-2	num-of-positive-agents	num-of-positive-agents-external-1	num-of-positive-agents-external-2	num-vaccinated	num-immunized	num-immunized-in-quarantine	num-immunized-in-quarantine-external-1	num-immunized-in-quarantine-external-2	num-infected-outside	classroom-in-quarantine	num-of-classroom-in-quarantine	classroom-with-at-least-one-infected
0	123457226	256	0	0	0	0	0	0	0	0	0	0	0	0	0	0	0	0	0	0	0	0	0	74	34	0	0	0	0	[]	0	0
1	123457226	245	11	0	0	0	0	0	0	0	0	0	0	0	0	0	0	60	3	0	0	0	0	74	34	0	0	0	11	[]	0	0
2	123457226	206	46	4	0	0	0	0	0	0	0	0	0	0	0	0	0	60	5	0	0	0	0	74	34	0	0	0	20	[]	0	4
3	123457226	170	57	10	0	9	4	5	0	0	0	0	0	0	0	1	0	79	6	1	5	0	1	74	33	1	0	0	30	[1C]	1	4
4	123457226	123	90	22	2	9	3	6	0	0	0	0	0	0	0	1	0	79	6	1	5	0	1	74	33	1	0	0	45	[1C]	1	5
5	123457226	90	87	17	2	9	17	25	4	0	0	1	0	0	0	4	0	155	9	4	23	1	4	74	31	3	0	0	51	[1C 1D 1A]	3	10
6	123457226	87	66	40	3	9	8	29	9	0	0	1	0	0	0	4	0	155	10	4	23	1	4	74	31	3	0	0	54	[1C 1D 1A]	3	11
7	123457226	80	41	31	6	12	21	43	15	0	0	1	0	0	0	5	1	193	11	6	40	1	6	74	29	5	0	0	58	[1C 1D 1A 2A 1B]	5	12
8	123457226	40	64	21	10	13	16	53	31	0	0	1	0	0	0	6	1	279	12	7	53	1	7	74	29	5	0	0	61	[1C 1D 1A 2A 1B 2B]	6	11
9	123457226	11	66	32	10	14	19	51	44	0	0	1	0	0	0	7	1	296	13	8	59	1	8	74	27	7	0	0	61	[1C 1D 1A 2A 1B 2B 3B]	7	12
10	123457226	3	47	42	10	14	18	64	49	0	0	1	0	0	0	7	1	315	13	8	63	1	8	74	25	9	0	0	62	[1C 1D 1A 2A 1B 2B 3B 3C]	8	12
11	123457226	2	22	32	8	14	21	86	60	0	0	1	0	0	0	8	2	353	13	10	78	1	10	74	23	11	0	0	62	[1C 1D 1A 2A 1B 2B 3B 3C 2C 2D]	10	12
12	123457226	2	16	30	16	14	9	84	74	0	0	1	0	0	0	8	2	353	13	10	78	1	10	74	23	11	0	0	62	[1C 1D 1A 2A 1B 2B 3B 3C 2C 2D]	10	12
13	123457226	10	5	11	23	5	15	92	85	0	0	1	0	0	0	6	3	390	13	10	95	1	10	74	21	13	0	0	63	[1D 1A 2A 1B 2B 3B 3C 2C 2D 3A 3D]	11	11
14	123457226	10	4	9	26	5	13	80	99	0	0	1	0	0	0	5	4	390	13	10	95	1	10	74	21	13	0	0	63	[1D 1A 2A 1B 2B 3B 3C 2C 2D 3A 3D]	11	11
15	123457226	6	8	7	66	5	6	67	83	0	0	0	0	0	0	5	3	405	13	10	95	1	10	74	23	11	0	0	65	[2A 1B 2B 3B 3C 2C 2D 3A 3D]	9	9
16	123457226	2	9	9	67	5	3	65	88	0	0	0	0	0	0	4	4	405	13	10	95	1	10	74	23	11	0	0	65	[2A 1B 2B 3B 3C 2C 2D 3A 3D]	9	10
17	123457226	5	8	9	103	2	1	50	72	0	0	0	0	0	0	3	3	405	14	10	95	1	10	74	25	9	0	0	65	[2B 3B 3C 2C 2D 3A 3D]	7	8
18	123457226	4	8	11	122	1	1	40	64	0	0	0	0	0	0	1	4	405	14	10	95	1	10	74	25	9	0	0	65	[3B 3C 2C 2D 3A 3D]	6	7
19	123457226	5	7	10	141	0	1	32	57	0	0	0	0	0	0	1	2	405	15	10	95	1	10	74	27	7	0	0	65	[3C 2C 2D 3A 3D]	5	6
20	123457226	5	6	6	161	0	0	29	46	0	0	1	0	0	0	0	2	424	18	10	97	2	10	74	29	5	0	0	65	[2C 2D 3A 3D]	4	5
21	123457226	5	4	8	199	0	0	17	22	0	0	0	1	0	0	0	0	424	20	10	97	2	10	74	31	3	0	0	65	[3A 3D]	2	3
22	123457226	5	2	9	200	0	0	17	22	0	0	0	1	0	0	0	0	473	21	10	97	2	10	74	31	3	0	0	65	[3A 3D]	2	3
23	123457226	5	0	10	238	0	0	1	1	0	0	0	1	0	0	0	0	473	27	10	97	2	10	74	34	0	0	0	65	[]	0	2
24	123457226	5	0	9	239	0	0	1	1	0	0	0	1	0	0	0	0	473	27	10	97	2	10	74	34	0	0	0	65	[]	0	2
25	123457226	5	0	5	227	0	0	4	14	0	0	0	1	0	0	0	0	490	29	10	100	2	10	74	33	1	0	0	65	[1C]	1	2
26	123457226	4	1	5	227	0	0	3	15	0	0	0	1	0	0	0	0	490	29	10	100	2	10	74	33	1	0	0	65	[1C]	1	2
27	123457226	4	0	4	229	0	0	3	15	0	0	0	1	0	0	0	0	490	29	10	100	2	10	74	33	1	0	0	65	[1C]	1	3
28	123457226	4	0	3	230	0	0	3	15	0	0	0	1	0	0	0	0	490	30	10	100	2	10	74	33	1	0	0	65	[1C]	1	2
29	123457226	4	0	3	230	0	0	2	16	0	0	0	1	0	0	0	0	545	30	10	100	2	10	74	33	1	0	0	65	[1C]	1	2
30	123457226	3	1	2	231	0	0	2	16	0	0	0	1	0	0	0	0	545	31	10	100	2	10	74	33	1	0	0	66	[1C]	1	1
31	123457226	2	1	3	231	0	0	2	16	0	0	0	1	0	0	0	0	545	32	10	100	2	10	74	33	1	0	0	66	[1C]	1	2
32	123457226	2	1	3	231	0	0	2	16	0	0	0	1	0	0	0	0	545	32	10	100	2	10	74	33	1	0	0	66	[1C]	1	2
33	123457226	2	1	2	232	0	0	1	17	0	0	0	1	0	0	0	0	545	34	10	100	2	10	74	33	1	0	0	66	[1C]	1	1
34	123457226	2	1	2	232	0	0	1	17	0	0	0	1	0	0	0	0	545	36	10	100	2	10	74	33	1	0	0	66	[1C]	1	1
35	123457226	2	1	1	252	0	0	0	0	0	0	0	0	0	0	0	0	545	38	10	100	2	10	74	34	0	0	0	66	[]	0	0
36	123457226	2	1	1	252	0	0	0	0	0	0	0	0	0	0	0	0	605	38	10	100	2	10	74	34	0	0	0	66	[]	0	0
37	123457226	2	1	1	252	0	0	0	0	0	0	0	0	0	0	0	0	605	42	10	100	2	10	74	34	0	0	0	66	[]	0	0
38	123457226	2	1	1	252	0	0	0	0	0	0	0	0	0	0	0	0	605	44	10	100	2	10	74	34	0	0	0	66	[]	0	0
39	123457226	1	1	1	253	0	0	0	0	0	0	0	0	0	0	0	0	605	45	10	100	2	10	74	34	0	0	0	66	[]	0	1
40	123457226	1	1	1	253	0	0	0	0	0	0	0	0	0	0	0	0	605	45	10	100	2	10	74	34	0	0	0	66	[]	0	1
41	123457226	0	2	0	254	0	0	0	0	0	0	0	0	0	0	0	0	605	47	10	100	2	10	74	34	0	0	0	67	[]	0	0
42	123457226	0	0	2	254	0	0	0	0	0	0	0	0	0	0	0	0	605	48	10	100	2	10	74	34	0	0	0	67	[]	0	1
43	123457226	0	0	1	254	0	0	0	0	0	0	0	0	0	0	1	0	684	51	11	100	2	11	74	34	0	0	0	67	[]	0	1
44	123457226	0	0	1	254	0	0	0	0	0	0	0	0	0	0	1	0	684	52	11	100	2	11	74	34	0	0	0	67	[]	0	1
45	123457226	0	0	1	254	0	0	0	0	0	0	0	0	0	0	0	1	684	56	11	100	2	11	74	34	0	0	0	67	[]	0	0
46	123457226	0	0	1	254	0	0	0	0	0	0	0	0	0	0	0	1	684	60	11	100	2	11	74	34	0	0	0	67	[]	0	0
47	123457226	0	0	1	254	0	0	0	0	0	0	0	0	0	0	0	1	684	60	11	100	2	11	74	34	0	0	0	67	[]	0	0
48	123457226	0	0	1	254	0	0	0	0	0	0	0	0	0	0	0	1	703	63	11	100	2	11	74	34	0	0	0	67	[]	0	0
49	123457226	0	0	0	255	0	0	0	0	0	0	0	0	0	0	0	1	703	66	11	100	2	11	74	34	0	0	0	67	[]	0	0
50	123457226	0	0	0	255	0	0	0	0	0	0	0	0	0	0	0	1	763	66	11	100	2	11	74	34	0	0	0	67	[]	0	0
51	123457226	0	0	0	255	0	0	0	0	0	0	0	0	0	0	0	1	763	67	11	100	2	11	74	34	0	0	0	67	[]	0	0
52	123457226	0	0	0	255	0	0	0	0	0	0	0	0	0	0	0	1	763	69	11	100	2	11	74	34	0	0	0	67	[]	0	0
53	123457226	0	0	0	256	0	0	0	0	0	0	0	0	0	0	0	0	763	69	11	100	2	11	74	34	0	0	0	67	[]	0	0
54	123457226	0	0	0	256	0	0	0	0	0	0	0	0	0	0	0	0	763	69	11	100	2	11	74	34	0	0	0	67	[]	0	0
55	123457226	0	0	0	256	0	0	0	0	0	0	0	0	0	0	0	0	763	72	11	100	2	11	74	34	0	0	0	67	[]	0	0
56	123457226	0	0	0	256	0	0	0	0	0	0	0	0	0	0	0	0	763	75	11	100	2	11	74	34	0	0	0	67	[]	0	0
57	123457226	0	0	0	256	0	0	0	0	0	0	0	0	0	0	0	0	823	77	11	100	2	11	74	34	0	0	0	67	[]	0	0
58	123457226	0	0	0	256	0	0	0	0	0	0	0	0	0	0	0	0	823	77	11	100	2	11	74	34	0	0	0	67	[]	0	0
59	123457226	0	0	0	256	0	0	0	0	0	0	0	0	0	0	0	0	823	80	11	100	2	11	74	34	0	0	0	67	[]	0	0
60	123457226	0	0	0	256	0	0	0	0	0	0	0	0	0	0	0	0	823	81	11	100	2	11	74	34	0	0	0	67	[]	0	0
