day	seedRun	susceptible	exposed	infected	removed	susceptible-in-quarantine	exposed-in-quarantine	infected-in-quarantine	removed-in-quarantine	susceptible-in-quarantine-external-1	exposed-in-quarantine-external-1	infected-in-quarantine-external-1	removed-in-quarantine-external-1	susceptible-in-quarantine-external-2	exposed-in-quarantine-external-2	infected-in-quarantine-external-2	removed-in-quarantine-external-2	num-of-screened-students	num-of-screened-students-external-1	num-of-screened-students-external-2	num-of-positive-students	num-of-positive-students-external-1	num-of-positive-students-external-2	num-vaccinated-susceptible	num-vaccinated-exposed	num-vaccinated-infected	num-vaccinated-removed	num-vaccinated-susceptible-in-quarantine	num-vaccinated-exposed-in-quarantine	num-vaccinated-infected-in-quarantine	num-vaccinated-removed-in-quarantine	num-vaccinated-susceptible-in-quarantine-external-1	num-vaccinated-exposed-in-quarantine-external-1	num-vaccinated-infected-in-quarantine-external-1	num-vaccinated-removed-in-quarantine-external-1	num-vaccinated-susceptible-in-quarantine-external-2	num-vaccinated-exposed-in-quarantine-external-2	num-vaccinated-infected-in-quarantine-external-2	num-vaccinated-removed-in-quarantine-external-2	num-infected-outside	classroom-in-quarantine	num-of-classroom-in-quarantine	classroom-with-at-least-one-infected
0	123457412	240	0	0	0	0	0	0	0	0	0	0	0	0	0	0	0	0	0	0	0	0	0	0	0	0	50	0	0	0	0	0	0	0	0	0	0	0	0	0	[]	0	0
1	123457412	240	0	0	0	0	0	0	0	0	0	0	0	0	0	0	0	0	0	0	0	0	0	0	0	0	50	0	0	0	0	0	0	0	0	0	0	0	0	0	[]	0	0
2	123457412	240	0	0	0	0	0	0	0	0	0	0	0	0	0	0	0	0	1	0	0	0	0	0	0	0	50	0	0	0	0	0	0	0	0	0	0	0	0	0	[]	0	0
3	123457412	240	0	0	0	0	0	0	0	0	0	0	0	0	0	0	0	0	2	0	0	0	0	0	0	0	50	0	0	0	0	0	0	0	0	0	0	0	0	0	[]	0	0
4	123457412	240	0	0	0	0	0	0	0	0	0	0	0	0	0	0	0	0	3	0	0	0	0	0	0	0	50	0	0	0	0	0	0	0	0	0	0	0	0	0	[]	0	0
5	123457412	240	0	0	0	0	0	0	0	0	0	0	0	0	0	0	0	0	3	0	0	0	0	0	0	0	50	0	0	0	0	0	0	0	0	0	0	0	0	0	[]	0	0
6	123457412	240	0	0	0	0	0	0	0	0	0	0	0	0	0	0	0	0	4	0	0	0	0	0	0	0	50	0	0	0	0	0	0	0	0	0	0	0	0	0	[]	0	0
7	123457412	240	0	0	0	0	0	0	0	0	0	0	0	0	0	0	0	0	5	0	0	0	0	0	0	0	50	0	0	0	0	0	0	0	0	0	0	0	0	0	[]	0	0
8	123457412	240	0	0	0	0	0	0	0	0	0	0	0	0	0	0	0	0	6	0	0	0	0	0	0	0	50	0	0	0	0	0	0	0	0	0	0	0	0	0	[]	0	0
9	123457412	240	0	0	0	0	0	0	0	0	0	0	0	0	0	0	0	0	6	0	0	0	0	0	0	0	50	0	0	0	0	0	0	0	0	0	0	0	0	0	[]	0	0
10	123457412	240	0	0	0	0	0	0	0	0	0	0	0	0	0	0	0	0	6	0	0	0	0	0	0	0	50	0	0	0	0	0	0	0	0	0	0	0	0	0	[]	0	0
11	123457412	240	0	0	0	0	0	0	0	0	0	0	0	0	0	0	0	0	6	0	0	0	0	0	0	0	50	0	0	0	0	0	0	0	0	0	0	0	0	0	[]	0	0
12	123457412	240	0	0	0	0	0	0	0	0	0	0	0	0	0	0	0	0	6	0	0	0	0	0	0	0	50	0	0	0	0	0	0	0	0	0	0	0	0	0	[]	0	0
13	123457412	240	0	0	0	0	0	0	0	0	0	0	0	0	0	0	0	0	6	0	0	0	0	0	0	0	50	0	0	0	0	0	0	0	0	0	0	0	0	0	[]	0	0
14	123457412	240	0	0	0	0	0	0	0	0	0	0	0	0	0	0	0	0	12	0	0	0	0	0	0	0	50	0	0	0	0	0	0	0	0	0	0	0	0	0	[]	0	0
15	123457412	240	0	0	0	0	0	0	0	0	0	0	0	0	0	0	0	0	13	0	0	0	0	0	0	0	50	0	0	0	0	0	0	0	0	0	0	0	0	0	[]	0	0
16	123457412	240	0	0	0	0	0	0	0	0	0	0	0	0	0	0	0	0	13	0	0	0	0	0	0	0	50	0	0	0	0	0	0	0	0	0	0	0	0	0	[]	0	0
17	123457412	240	0	0	0	0	0	0	0	0	0	0	0	0	0	0	0	0	13	0	0	0	0	0	0	0	50	0	0	0	0	0	0	0	0	0	0	0	0	0	[]	0	0
18	123457412	240	0	0	0	0	0	0	0	0	0	0	0	0	0	0	0	0	13	0	0	0	0	0	0	0	50	0	0	0	0	0	0	0	0	0	0	0	0	0	[]	0	0
19	123457412	240	0	0	0	0	0	0	0	0	0	0	0	0	0	0	0	0	14	0	0	0	0	0	0	0	50	0	0	0	0	0	0	0	0	0	0	0	0	0	[]	0	0
20	123457412	239	1	0	0	0	0	0	0	0	0	0	0	0	0	0	0	0	14	0	0	0	0	0	0	0	50	0	0	0	0	0	0	0	0	0	0	0	0	1	[]	0	0
21	123457412	239	1	0	0	0	0	0	0	0	0	0	0	0	0	0	0	0	14	0	0	0	0	0	0	0	50	0	0	0	0	0	0	0	0	0	0	0	0	1	[]	0	0
22	123457412	237	2	1	0	0	0	0	0	0	0	0	0	0	0	0	0	0	14	0	0	0	0	0	0	0	50	0	0	0	0	0	0	0	0	0	0	0	0	1	[]	0	1
23	123457412	236	2	2	0	0	0	0	0	0	0	0	0	0	0	0	0	0	14	0	0	0	0	0	0	0	50	0	0	0	0	0	0	0	0	0	0	0	0	1	[]	0	1
24	123457412	235	3	2	0	0	0	0	0	0	0	0	0	0	0	0	0	0	14	0	0	0	0	0	0	0	50	0	0	0	0	0	0	0	0	0	0	0	0	1	[]	0	1
25	123457412	233	5	2	0	0	0	0	0	0	0	0	0	0	0	0	0	0	14	0	0	0	0	0	0	0	50	0	0	0	0	0	0	0	0	0	0	0	0	2	[]	0	1
26	123457412	231	6	3	0	0	0	0	0	0	0	0	0	0	0	0	0	0	14	0	0	0	0	0	0	0	50	0	0	0	0	0	0	0	0	0	0	0	0	3	[]	0	1
27	123457412	231	4	4	1	0	0	0	0	0	0	0	0	0	0	0	0	0	14	0	0	0	0	0	0	0	50	0	0	0	0	0	0	0	0	0	0	0	0	3	[]	0	2
28	123457412	231	3	3	3	0	0	0	0	0	0	0	0	0	0	0	0	0	14	0	0	0	0	0	0	0	50	0	0	0	0	0	0	0	0	0	0	0	0	3	[]	0	1
29	123457412	230	4	3	3	0	0	0	0	0	0	0	0	0	0	0	0	0	16	0	0	0	0	0	0	0	50	0	0	0	0	0	0	0	0	0	0	0	0	3	[]	0	1
30	123457412	227	5	4	4	0	0	0	0	0	0	0	0	0	0	0	0	0	16	0	0	0	0	0	0	0	50	0	0	0	0	0	0	0	0	0	0	0	0	3	[]	0	2
31	123457412	225	5	6	4	0	0	0	0	0	0	0	0	0	0	0	0	0	16	0	0	0	0	0	0	0	50	0	0	0	0	0	0	0	0	0	0	0	0	3	[]	0	2
32	123457412	220	9	7	4	0	0	0	0	0	0	0	0	0	0	0	0	0	17	0	0	0	0	0	0	0	50	0	0	0	0	0	0	0	0	0	0	0	0	3	[]	0	2
33	123457412	217	10	9	4	0	0	0	0	0	0	0	0	0	0	0	0	0	17	0	0	0	0	0	0	0	50	0	0	0	0	0	0	0	0	0	0	0	0	3	[]	0	2
34	123457412	216	4	15	5	0	0	0	0	0	0	0	0	0	0	0	0	0	20	0	0	0	0	0	0	0	50	0	0	0	0	0	0	0	0	0	0	0	0	4	[]	0	3
35	123457412	216	4	12	8	0	0	0	0	0	0	0	0	0	0	0	0	0	20	0	0	0	0	0	0	0	50	0	0	0	0	0	0	0	0	0	0	0	0	4	[]	0	3
36	123457412	211	8	10	11	0	0	0	0	0	0	0	0	0	0	0	0	0	20	0	0	0	0	0	0	0	50	0	0	0	0	0	0	0	0	0	0	0	0	5	[]	0	2
37	123457412	203	15	11	11	0	0	0	0	0	0	0	0	0	0	0	0	0	20	0	0	0	0	0	0	0	50	0	0	0	0	0	0	0	0	0	0	0	0	5	[]	0	2
38	123457412	200	14	15	11	0	0	0	0	0	0	0	0	0	0	0	0	0	21	0	0	0	0	0	0	0	50	0	0	0	0	0	0	0	0	0	0	0	0	5	[]	0	3
39	123457412	197	14	18	11	0	0	0	0	0	0	0	0	0	0	0	0	0	22	0	0	0	0	0	0	0	50	0	0	0	0	0	0	0	0	0	0	0	0	5	[]	0	4
40	123457412	196	9	19	16	0	0	0	0	0	0	0	0	0	0	0	0	0	23	0	0	0	0	0	0	0	50	0	0	0	0	0	0	0	0	0	0	0	0	5	[]	0	4
41	123457412	196	6	17	21	0	0	0	0	0	0	0	0	0	0	0	0	0	23	0	0	0	0	0	0	0	50	0	0	0	0	0	0	0	0	0	0	0	0	5	[]	0	2
42	123457412	193	4	7	16	3	1	8	7	0	0	0	0	0	0	1	0	19	24	1	8	0	1	0	0	0	50	0	0	0	0	0	0	0	0	0	0	0	0	5	[2B]	1	3
43	123457412	191	5	7	17	3	1	5	10	0	0	0	0	0	0	0	1	19	25	1	8	0	1	0	0	0	50	0	0	0	0	0	0	0	0	0	0	0	0	5	[2B]	1	4
44	123457412	190	6	6	18	3	1	5	10	0	0	0	0	0	0	0	1	19	26	1	8	0	1	0	0	0	50	0	0	0	0	0	0	0	0	0	0	0	0	5	[2B]	1	3
45	123457412	190	4	8	18	3	1	5	10	0	0	0	0	0	0	0	1	19	26	1	8	0	1	0	0	0	50	0	0	0	0	0	0	0	0	0	0	0	0	5	[2B]	1	3
46	123457412	187	6	8	19	3	1	4	11	0	0	0	0	0	0	0	1	19	27	1	8	0	1	0	0	0	50	0	0	0	0	0	0	0	0	0	0	0	0	6	[2B]	1	3
47	123457412	186	4	11	19	3	1	3	12	0	0	0	0	0	0	0	1	19	30	1	8	0	1	0	0	0	50	0	0	0	0	0	0	0	0	0	0	0	0	6	[2B]	1	3
48	123457412	186	3	10	21	3	1	2	13	0	0	0	0	0	0	0	1	19	31	1	8	0	1	0	0	0	50	0	0	0	0	0	0	0	0	0	0	0	0	6	[2B]	1	3
49	123457412	186	3	9	22	3	1	2	13	0	0	0	0	0	0	0	1	19	31	1	8	0	1	0	0	0	50	0	0	0	0	0	0	0	0	0	0	0	0	6	[2B]	1	3
50	123457412	183	5	8	24	3	0	3	13	0	0	0	0	0	0	0	1	19	32	1	8	0	1	0	0	0	50	0	0	0	0	0	0	0	0	0	0	0	0	7	[2B]	1	3
51	123457412	180	8	4	8	3	0	5	30	0	0	1	0	0	0	0	1	38	33	1	11	1	1	0	0	0	50	0	0	0	0	0	0	0	0	0	0	0	0	7	[2B 3B]	2	3
52	123457412	174	11	6	8	3	0	5	30	0	0	1	0	0	0	1	1	57	33	2	11	1	2	0	0	0	50	0	0	0	0	0	0	0	0	0	0	0	0	7	[2B 3B]	2	5
53	123457412	168	13	10	8	3	0	5	30	0	0	1	0	0	0	1	1	57	33	2	11	1	2	0	0	0	50	0	0	0	0	0	0	0	0	0	0	0	0	7	[2B 3B]	2	6
54	123457412	163	13	15	8	3	0	4	31	0	0	1	0	0	0	1	1	57	34	2	11	1	2	0	0	0	50	0	0	0	0	0	0	0	0	0	0	0	0	7	[2B 3B]	2	6
55	123457412	162	11	15	11	3	0	4	31	0	0	1	0	0	0	0	2	57	35	2	11	1	2	0	0	0	50	0	0	0	0	0	0	0	0	0	0	0	0	8	[2B 3B]	2	5
56	123457412	165	8	13	33	0	0	3	16	0	0	1	0	0	0	0	1	57	35	2	11	1	2	0	0	0	50	0	0	0	0	0	0	0	0	0	0	0	0	8	[3B]	1	5
57	123457412	142	11	12	35	18	0	3	17	0	0	1	0	0	0	0	1	76	35	2	12	1	2	0	0	0	50	0	0	0	0	0	0	0	0	0	0	0	0	8	[3B 2C]	2	5
58	123457412	137	11	15	37	18	0	3	17	0	0	1	0	0	0	0	1	76	35	2	12	1	2	0	0	0	50	0	0	0	0	0	0	0	0	0	0	0	0	8	[3B 2C]	2	5
59	123457412	133	10	19	38	18	0	3	17	0	0	1	0	0	0	0	1	76	36	2	12	1	2	0	0	0	50	0	0	0	0	0	0	0	0	0	0	0	0	9	[3B 2C]	2	5
60	123457412	129	13	19	39	18	0	3	17	0	0	1	0	0	0	0	1	76	36	2	12	1	2	0	0	0	50	0	0	0	0	0	0	0	0	0	0	0	0	9	[3B 2C]	2	5
