day	seedRun	susceptible	exposed	infected	removed	susceptible-in-quarantine	exposed-in-quarantine	infected-in-quarantine	removed-in-quarantine	susceptible-in-quarantine-external-1	exposed-in-quarantine-external-1	infected-in-quarantine-external-1	removed-in-quarantine-external-1	susceptible-in-quarantine-external-2	exposed-in-quarantine-external-2	infected-in-quarantine-external-2	removed-in-quarantine-external-2	num-of-screened-agents	num-of-screened-agents-external-1	num-of-screened-agents-external-2	num-of-positive-agents	num-of-positive-agents-external-1	num-of-positive-agents-external-2	num-vaccinated	num-immunized	num-immunized-in-quarantine	num-immunized-in-quarantine-external-1	num-immunized-in-quarantine-external-2	num-infected-outside	classroom-in-quarantine	num-of-classroom-in-quarantine	classroom-with-at-least-one-infected
0	123457198	240	0	0	0	0	0	0	0	0	0	0	0	0	0	0	0	0	0	0	0	0	0	50	50	0	0	0	0	[]	0	0
1	123457198	234	6	0	0	0	0	0	0	0	0	0	0	0	0	0	0	0	5	0	0	0	0	50	50	0	0	0	6	[]	0	0
2	123457198	191	45	4	0	0	0	0	0	0	0	0	0	0	0	0	0	0	6	0	0	0	0	50	50	0	0	0	12	[]	0	4
3	123457198	135	86	18	1	0	0	0	0	0	0	0	0	0	0	0	0	0	6	0	0	0	0	50	50	0	0	0	16	[]	0	7
4	123457198	82	111	44	3	0	0	0	0	0	0	0	0	0	0	0	0	0	7	1	0	1	1	50	50	0	0	0	18	[]	0	9
5	123457198	30	136	66	8	0	0	0	0	0	0	0	0	0	0	0	0	0	8	2	0	1	2	50	50	0	0	0	19	[]	0	12
6	123457198	29	100	94	17	0	0	0	0	0	0	0	0	0	0	0	0	0	11	6	0	2	6	50	50	0	0	0	20	[]	0	12
7	123457198	29	66	111	34	0	0	0	0	0	0	0	0	0	0	0	0	0	11	11	0	2	11	50	50	0	0	0	20	[]	0	12
8	123457198	4	77	110	49	0	0	0	0	0	0	0	0	0	0	0	0	0	13	12	0	3	12	50	50	0	0	0	20	[]	0	12
9	123457198	0	53	124	63	0	0	0	0	0	0	0	0	0	0	0	0	0	14	15	0	3	15	50	50	0	0	0	20	[]	0	12
10	123457198	0	40	120	80	0	0	0	0	0	0	0	0	0	0	0	0	0	16	18	0	3	18	50	50	0	0	0	20	[]	0	12
11	123457198	0	26	108	106	0	0	0	0	0	0	0	0	0	0	0	0	0	19	22	0	3	22	50	50	0	0	0	20	[]	0	12
12	123457198	0	18	100	122	0	0	0	0	0	0	0	0	0	0	0	0	0	21	27	0	4	27	50	50	0	0	0	20	[]	0	12
13	123457198	0	12	84	144	0	0	0	0	0	0	0	0	0	0	0	0	0	27	29	0	7	29	50	50	0	0	0	20	[]	0	12
14	123457198	0	10	78	152	0	0	0	0	0	0	0	0	0	0	0	0	0	29	31	0	8	31	50	50	0	0	0	20	[]	0	12
15	123457198	0	7	68	165	0	0	0	0	0	0	0	0	0	0	0	0	0	31	32	0	8	32	50	50	0	0	0	20	[]	0	12
16	123457198	0	6	61	173	0	0	0	0	0	0	0	0	0	0	0	0	0	33	34	0	9	34	50	50	0	0	0	20	[]	0	12
17	123457198	0	4	58	178	0	0	0	0	0	0	0	0	0	0	0	0	0	34	36	0	10	36	50	50	0	0	0	20	[]	0	12
18	123457198	0	3	48	189	0	0	0	0	0	0	0	0	0	0	0	0	0	37	38	0	11	38	50	50	0	0	0	20	[]	0	12
19	123457198	0	2	40	198	0	0	0	0	0	0	0	0	0	0	0	0	0	37	41	0	11	41	50	50	0	0	0	20	[]	0	12
20	123457198	0	1	35	204	0	0	0	0	0	0	0	0	0	0	0	0	0	37	43	0	11	43	50	50	0	0	0	20	[]	0	11
21	123457198	0	1	29	210	0	0	0	0	0	0	0	0	0	0	0	0	0	39	44	0	11	44	50	50	0	0	0	20	[]	0	10
22	123457198	0	1	25	214	0	0	0	0	0	0	0	0	0	0	0	0	0	42	45	0	11	45	50	50	0	0	0	20	[]	0	10
23	123457198	0	0	22	218	0	0	0	0	0	0	0	0	0	0	0	0	0	44	46	0	11	46	50	50	0	0	0	20	[]	0	9
24	123457198	0	0	20	220	0	0	0	0	0	0	0	0	0	0	0	0	0	50	47	0	12	47	50	50	0	0	0	20	[]	0	8
25	123457198	0	0	20	220	0	0	0	0	0	0	0	0	0	0	0	0	0	53	47	0	12	47	50	50	0	0	0	20	[]	0	8
26	123457198	0	0	18	222	0	0	0	0	0	0	0	0	0	0	0	0	0	53	47	0	12	47	50	50	0	0	0	20	[]	0	8
27	123457198	0	0	14	226	0	0	0	0	0	0	0	0	0	0	0	0	0	54	47	0	12	47	50	50	0	0	0	20	[]	0	8
28	123457198	0	0	13	227	0	0	0	0	0	0	0	0	0	0	0	0	0	56	48	0	12	48	50	50	0	0	0	20	[]	0	7
29	123457198	0	0	11	229	0	0	0	0	0	0	0	0	0	0	0	0	0	57	48	0	12	48	50	50	0	0	0	20	[]	0	6
30	123457198	0	0	10	230	0	0	0	0	0	0	0	0	0	0	0	0	0	59	48	0	12	48	50	50	0	0	0	20	[]	0	6
31	123457198	0	0	9	231	0	0	0	0	0	0	0	0	0	0	0	0	0	61	48	0	12	48	50	50	0	0	0	20	[]	0	6
32	123457198	0	0	8	232	0	0	0	0	0	0	0	0	0	0	0	0	0	65	50	0	12	50	50	50	0	0	0	20	[]	0	6
33	123457198	0	0	8	232	0	0	0	0	0	0	0	0	0	0	0	0	0	68	50	0	12	50	50	50	0	0	0	20	[]	0	6
34	123457198	0	0	7	233	0	0	0	0	0	0	0	0	0	0	0	0	0	69	51	0	12	51	50	50	0	0	0	20	[]	0	6
35	123457198	0	0	4	236	0	0	0	0	0	0	0	0	0	0	0	0	0	72	51	0	12	51	50	50	0	0	0	20	[]	0	4
36	123457198	0	0	4	236	0	0	0	0	0	0	0	0	0	0	0	0	0	75	51	0	12	51	50	50	0	0	0	20	[]	0	4
37	123457198	0	0	4	236	0	0	0	0	0	0	0	0	0	0	0	0	0	77	51	0	12	51	50	50	0	0	0	20	[]	0	4
38	123457198	0	0	3	237	0	0	0	0	0	0	0	0	0	0	0	0	0	80	51	0	12	51	50	50	0	0	0	20	[]	0	3
39	123457198	0	0	3	237	0	0	0	0	0	0	0	0	0	0	0	0	0	81	51	0	12	51	50	50	0	0	0	20	[]	0	3
40	123457198	0	0	3	237	0	0	0	0	0	0	0	0	0	0	0	0	0	83	51	0	12	51	50	50	0	0	0	20	[]	0	3
41	123457198	0	0	1	239	0	0	0	0	0	0	0	0	0	0	0	0	0	85	51	0	12	51	50	50	0	0	0	20	[]	0	1
42	123457198	0	0	0	240	0	0	0	0	0	0	0	0	0	0	0	0	0	85	51	0	12	51	50	50	0	0	0	20	[]	0	0
43	123457198	0	0	0	240	0	0	0	0	0	0	0	0	0	0	0	0	0	88	51	0	12	51	50	50	0	0	0	20	[]	0	0
44	123457198	0	0	0	240	0	0	0	0	0	0	0	0	0	0	0	0	0	88	51	0	12	51	50	50	0	0	0	20	[]	0	0
45	123457198	0	0	0	240	0	0	0	0	0	0	0	0	0	0	0	0	0	89	51	0	12	51	50	50	0	0	0	20	[]	0	0
46	123457198	0	0	0	240	0	0	0	0	0	0	0	0	0	0	0	0	0	91	51	0	12	51	50	50	0	0	0	20	[]	0	0
47	123457198	0	0	0	240	0	0	0	0	0	0	0	0	0	0	0	0	0	93	51	0	12	51	50	50	0	0	0	20	[]	0	0
48	123457198	0	0	0	240	0	0	0	0	0	0	0	0	0	0	0	0	0	96	51	0	12	51	50	50	0	0	0	20	[]	0	0
49	123457198	0	0	0	240	0	0	0	0	0	0	0	0	0	0	0	0	0	96	51	0	12	51	50	50	0	0	0	20	[]	0	0
50	123457198	0	0	0	240	0	0	0	0	0	0	0	0	0	0	0	0	0	97	51	0	12	51	50	50	0	0	0	20	[]	0	0
51	123457198	0	0	0	240	0	0	0	0	0	0	0	0	0	0	0	0	0	98	51	0	12	51	50	50	0	0	0	20	[]	0	0
52	123457198	0	0	0	240	0	0	0	0	0	0	0	0	0	0	0	0	0	98	51	0	12	51	50	50	0	0	0	20	[]	0	0
53	123457198	0	0	0	240	0	0	0	0	0	0	0	0	0	0	0	0	0	100	51	0	12	51	50	50	0	0	0	20	[]	0	0
54	123457198	0	0	0	240	0	0	0	0	0	0	0	0	0	0	0	0	0	102	51	0	12	51	50	50	0	0	0	20	[]	0	0
55	123457198	0	0	0	240	0	0	0	0	0	0	0	0	0	0	0	0	0	107	51	0	12	51	50	50	0	0	0	20	[]	0	0
56	123457198	0	0	0	240	0	0	0	0	0	0	0	0	0	0	0	0	0	110	51	0	12	51	50	50	0	0	0	20	[]	0	0
57	123457198	0	0	0	240	0	0	0	0	0	0	0	0	0	0	0	0	0	112	51	0	12	51	50	50	0	0	0	20	[]	0	0
58	123457198	0	0	0	240	0	0	0	0	0	0	0	0	0	0	0	0	0	115	51	0	12	51	50	50	0	0	0	20	[]	0	0
59	123457198	0	0	0	240	0	0	0	0	0	0	0	0	0	0	0	0	0	121	51	0	12	51	50	50	0	0	0	20	[]	0	0
60	123457198	0	0	0	240	0	0	0	0	0	0	0	0	0	0	0	0	0	123	51	0	12	51	50	50	0	0	0	20	[]	0	0
