day	seedRun	susceptible	exposed	infected	removed	susceptible-in-quarantine	exposed-in-quarantine	infected-in-quarantine	removed-in-quarantine	susceptible-in-quarantine-external-1	exposed-in-quarantine-external-1	infected-in-quarantine-external-1	removed-in-quarantine-external-1	susceptible-in-quarantine-external-2	exposed-in-quarantine-external-2	infected-in-quarantine-external-2	removed-in-quarantine-external-2	num-of-screened-agents	num-of-screened-agents-external-1	num-of-screened-agents-external-2	num-of-positive-agents	num-of-positive-agents-external-1	num-of-positive-agents-external-2	num-vaccinated-susceptible	num-vaccinated-exposed	num-vaccinated-infected	num-vaccinated-removed	num-vaccinated-susceptible-in-quarantine	num-vaccinated-exposed-in-quarantine	num-vaccinated-infected-in-quarantine	num-vaccinated-removed-in-quarantine	num-vaccinated-susceptible-in-quarantine-external-1	num-vaccinated-exposed-in-quarantine-external-1	num-vaccinated-infected-in-quarantine-external-1	num-vaccinated-removed-in-quarantine-external-1	num-vaccinated-susceptible-in-quarantine-external-2	num-vaccinated-exposed-in-quarantine-external-2	num-vaccinated-infected-in-quarantine-external-2	num-vaccinated-removed-in-quarantine-external-2	num-infected-outside	classroom-in-quarantine	num-of-classroom-in-quarantine	classroom-with-at-least-one-infected
0	123456920	240	0	0	0	0	0	0	0	0	0	0	0	0	0	0	0	0	0	0	0	0	0	50	0	0	0	0	0	0	0	0	0	0	0	0	0	0	0	0	[]	0	0
1	123456920	240	0	0	0	0	0	0	0	0	0	0	0	0	0	0	0	0	3	0	0	0	0	50	0	0	0	0	0	0	0	0	0	0	0	0	0	0	0	0	[]	0	0
2	123456920	240	0	0	0	0	0	0	0	0	0	0	0	0	0	0	0	0	5	0	0	0	0	50	0	0	0	0	0	0	0	0	0	0	0	0	0	0	0	0	[]	0	0
3	123456920	240	0	0	0	0	0	0	0	0	0	0	0	0	0	0	0	0	5	0	0	0	0	50	0	0	0	0	0	0	0	0	0	0	0	0	0	0	0	0	[]	0	0
4	123456920	240	0	0	0	0	0	0	0	0	0	0	0	0	0	0	0	0	6	0	0	0	0	50	0	0	0	0	0	0	0	0	0	0	0	0	0	0	0	0	[]	0	0
5	123456920	240	0	0	0	0	0	0	0	0	0	0	0	0	0	0	0	0	6	0	0	0	0	50	0	0	0	0	0	0	0	0	0	0	0	0	0	0	0	0	[]	0	0
6	123456920	240	0	0	0	0	0	0	0	0	0	0	0	0	0	0	0	0	6	0	0	0	0	50	0	0	0	0	0	0	0	0	0	0	0	0	0	0	0	0	[]	0	0
7	123456920	240	0	0	0	0	0	0	0	0	0	0	0	0	0	0	0	0	6	0	0	0	0	50	0	0	0	0	0	0	0	0	0	0	0	0	0	0	0	0	[]	0	0
8	123456920	240	0	0	0	0	0	0	0	0	0	0	0	0	0	0	0	0	7	0	0	0	0	50	0	0	0	0	0	0	0	0	0	0	0	0	0	0	0	0	[]	0	0
9	123456920	240	0	0	0	0	0	0	0	0	0	0	0	0	0	0	0	0	7	0	0	0	0	50	0	0	0	0	0	0	0	0	0	0	0	0	0	0	0	0	[]	0	0
10	123456920	240	0	0	0	0	0	0	0	0	0	0	0	0	0	0	0	0	7	0	0	0	0	50	0	0	0	0	0	0	0	0	0	0	0	0	0	0	0	0	[]	0	0
11	123456920	240	0	0	0	0	0	0	0	0	0	0	0	0	0	0	0	0	7	0	0	0	0	50	0	0	0	0	0	0	0	0	0	0	0	0	0	0	0	0	[]	0	0
12	123456920	239	1	0	0	0	0	0	0	0	0	0	0	0	0	0	0	0	7	0	0	0	0	49	1	0	0	0	0	0	0	0	0	0	0	0	0	0	0	2	[]	0	0
13	123456920	239	0	1	0	0	0	0	0	0	0	0	0	0	0	0	0	0	7	0	0	0	0	49	1	0	0	0	0	0	0	0	0	0	0	0	0	0	0	2	[]	0	1
14	123456920	239	0	1	0	0	0	0	0	0	0	0	0	0	0	0	0	0	8	0	0	0	0	49	1	0	0	0	0	0	0	0	0	0	0	0	0	0	0	2	[]	0	1
15	123456920	239	0	1	0	0	0	0	0	0	0	0	0	0	0	0	0	0	8	0	0	0	0	49	1	0	0	0	0	0	0	0	0	0	0	0	0	0	0	2	[]	0	1
16	123456920	237	2	1	0	0	0	0	0	0	0	0	0	0	0	0	0	0	9	0	0	0	0	49	1	0	0	0	0	0	0	0	0	0	0	0	0	0	0	3	[]	0	1
17	123456920	233	6	1	0	0	0	0	0	0	0	0	0	0	0	0	0	0	10	0	0	0	0	48	2	0	0	0	0	0	0	0	0	0	0	0	0	0	0	3	[]	0	1
18	123456920	226	12	2	0	0	0	0	0	0	0	0	0	0	0	0	0	0	12	0	0	0	0	48	1	1	0	0	0	0	0	0	0	0	0	0	0	0	0	3	[]	0	1
19	123456920	223	13	4	0	0	0	0	0	0	0	0	0	0	0	0	0	0	12	0	0	0	0	48	1	1	0	0	0	0	0	0	0	0	0	0	0	0	0	3	[]	0	1
20	123456920	223	9	8	0	0	0	0	0	0	0	0	0	0	0	0	0	0	12	0	0	0	0	48	1	1	0	0	0	0	0	0	0	0	0	0	0	0	0	3	[]	0	1
21	123456920	223	9	7	1	0	0	0	0	0	0	0	0	0	0	0	0	0	13	0	0	0	0	48	0	2	0	0	0	0	0	0	0	0	0	0	0	0	0	3	[]	0	1
22	123456920	219	8	12	1	0	0	0	0	0	0	0	0	0	0	0	0	0	13	0	0	0	0	48	0	2	0	0	0	0	0	0	0	0	0	0	0	0	0	3	[]	0	1
23	123456920	213	13	12	2	0	0	0	0	0	0	0	0	0	0	0	0	0	13	0	0	0	0	48	0	1	1	0	0	0	0	0	0	0	0	0	0	0	0	3	[]	0	2
24	123456920	206	16	14	4	0	0	0	0	0	0	0	0	0	0	0	0	0	13	0	0	0	0	48	0	0	2	0	0	0	0	0	0	0	0	0	0	0	0	3	[]	0	3
25	123456920	196	19	20	5	0	0	0	0	0	0	0	0	0	0	0	0	0	14	0	0	0	0	47	1	0	2	0	0	0	0	0	0	0	0	0	0	0	0	3	[]	0	4
26	123456920	176	33	23	8	0	0	0	0	0	0	0	0	0	0	0	0	0	15	0	0	0	0	47	1	0	2	0	0	0	0	0	0	0	0	0	0	0	0	4	[]	0	4
27	123456920	176	23	28	13	0	0	0	0	0	0	0	0	0	0	0	0	0	16	0	0	0	0	47	1	0	2	0	0	0	0	0	0	0	0	0	0	0	0	4	[]	0	4
28	123456920	176	16	30	18	0	0	0	0	0	0	0	0	0	0	0	0	0	17	0	0	0	0	47	1	0	2	0	0	0	0	0	0	0	0	0	0	0	0	4	[]	0	4
29	123456920	168	20	32	19	0	0	0	0	0	0	0	0	0	0	1	0	0	18	1	0	0	1	46	1	1	2	0	0	0	0	0	0	0	0	0	0	0	0	5	[]	0	5
30	123456920	159	24	30	26	0	0	0	0	0	0	0	0	0	0	1	0	0	18	1	0	0	1	45	2	1	2	0	0	0	0	0	0	0	0	0	0	0	0	5	[]	0	5
31	123456920	148	26	34	29	0	0	0	0	0	0	1	0	0	0	2	0	0	20	2	0	1	2	45	1	2	2	0	0	0	0	0	0	0	0	0	0	0	0	5	[]	0	5
32	123456920	137	26	43	30	0	0	0	0	0	0	1	0	0	0	3	0	0	21	3	0	1	3	45	1	1	3	0	0	0	0	0	0	0	0	0	0	0	0	5	[]	0	7
33	123456920	123	36	42	34	0	0	0	0	0	0	1	0	0	0	4	0	0	21	4	0	1	4	45	0	2	3	0	0	0	0	0	0	0	0	0	0	0	0	5	[]	0	7
34	123456920	123	28	45	39	0	0	0	0	0	0	1	0	0	0	4	0	0	21	4	0	1	4	45	0	2	3	0	0	0	0	0	0	0	0	0	0	0	0	5	[]	0	9
35	123456920	123	22	41	49	0	0	0	0	0	0	1	0	0	0	3	1	0	21	4	0	1	4	45	0	2	3	0	0	0	0	0	0	0	0	0	0	0	0	5	[]	0	9
36	123456920	110	32	36	56	0	0	0	0	0	0	2	0	0	0	3	1	0	23	4	0	2	4	42	3	1	4	0	0	0	0	0	0	0	0	0	0	0	0	6	[]	0	9
37	123456920	105	29	39	60	0	0	0	0	0	0	2	0	0	0	4	1	0	23	5	0	2	5	41	3	2	4	0	0	0	0	0	0	0	0	0	0	0	0	6	[]	0	9
38	123456920	91	35	41	65	0	0	0	0	0	0	1	1	0	0	5	1	0	24	6	0	2	6	40	3	3	4	0	0	0	0	0	0	0	0	0	0	0	0	7	[]	0	9
39	123456920	83	36	44	69	0	0	0	0	0	0	0	2	0	0	4	2	0	25	6	0	2	6	39	4	3	4	0	0	0	0	0	0	0	0	0	0	0	0	7	[]	0	9
40	123456920	74	31	50	77	0	0	0	0	0	0	0	2	0	0	4	2	0	26	6	0	2	6	39	4	2	5	0	0	0	0	0	0	0	0	0	0	0	0	7	[]	0	9
41	123456920	74	20	55	83	0	0	0	0	0	0	0	2	0	0	4	2	0	26	6	0	2	6	39	3	3	5	0	0	0	0	0	0	0	0	0	0	0	0	7	[]	0	9
42	123456920	74	15	53	90	0	0	0	0	0	0	0	2	0	0	4	2	0	26	6	0	2	6	39	1	5	5	0	0	0	0	0	0	0	0	0	0	0	0	7	[]	0	9
43	123456920	57	29	50	96	0	0	0	0	0	0	0	2	0	0	4	2	0	27	7	0	2	7	39	1	4	6	0	0	0	0	0	0	0	0	0	0	0	0	8	[]	0	10
44	123456920	53	25	50	103	0	0	0	0	0	0	0	2	0	0	5	2	0	27	8	0	2	8	38	2	4	6	0	0	0	0	0	0	0	0	0	0	0	0	8	[]	0	9
45	123456920	48	24	48	111	0	0	0	0	0	0	1	1	0	0	6	1	0	31	9	0	3	9	38	2	4	6	0	0	0	0	0	0	0	0	0	0	0	0	8	[]	0	9
46	123456920	38	26	50	118	0	0	0	0	0	0	0	2	0	0	5	1	0	31	9	0	3	9	36	4	3	7	0	0	0	0	0	0	0	0	0	0	0	0	8	[]	0	9
47	123456920	33	23	52	124	0	0	0	0	0	0	1	2	0	0	5	0	0	33	9	0	4	9	35	4	4	7	0	0	0	0	0	0	0	0	0	0	0	0	8	[]	0	9
48	123456920	33	12	58	129	0	0	0	0	0	0	1	2	0	0	5	0	0	33	9	0	4	9	34	5	4	7	0	0	0	0	0	0	0	0	0	0	0	0	9	[]	0	9
49	123456920	33	8	54	137	0	0	0	0	0	0	1	2	0	0	5	0	0	33	9	0	4	9	34	4	5	7	0	0	0	0	0	0	0	0	0	0	0	0	9	[]	0	9
50	123456920	26	15	46	145	0	0	0	0	0	0	2	1	0	0	4	1	0	34	9	0	5	9	33	3	6	8	0	0	0	0	0	0	0	0	0	0	0	0	9	[]	0	9
51	123456920	23	14	43	152	0	0	0	0	0	0	2	1	0	0	4	1	0	34	10	0	5	10	32	4	4	10	0	0	0	0	0	0	0	0	0	0	0	0	9	[]	0	9
52	123456920	20	11	42	158	0	0	0	0	0	0	2	1	0	0	4	2	0	34	12	0	5	12	28	7	5	10	0	0	0	0	0	0	0	0	0	0	0	0	9	[]	0	9
53	123456920	20	11	35	164	0	0	0	0	0	0	1	2	0	0	4	3	0	35	13	0	5	13	28	5	7	10	0	0	0	0	0	0	0	0	0	0	0	0	9	[]	0	9
54	123456920	15	12	34	169	0	0	0	0	0	0	1	2	0	0	4	3	0	35	13	0	5	13	28	5	6	11	0	0	0	0	0	0	0	0	0	0	0	0	9	[]	0	10
55	123456920	15	6	36	173	0	0	0	0	0	0	1	2	0	0	3	4	0	36	13	0	5	13	28	3	7	12	0	0	0	0	0	0	0	0	0	0	0	0	9	[]	0	10
56	123456920	15	6	32	176	0	0	0	0	0	0	1	2	0	0	3	5	0	37	14	0	5	14	28	3	7	12	0	0	0	0	0	0	0	0	0	0	0	0	9	[]	0	9
57	123456920	10	10	28	182	0	0	0	0	0	0	0	3	0	0	2	5	0	37	14	0	5	14	28	3	4	15	0	0	0	0	0	0	0	0	0	0	0	0	9	[]	0	9
58	123456920	7	10	19	195	0	0	0	0	0	0	0	3	0	0	1	5	0	38	14	0	5	14	28	2	5	15	0	0	0	0	0	0	0	0	0	0	0	0	9	[]	0	8
59	123456920	6	9	18	200	0	0	0	0	0	0	0	2	0	0	1	4	0	38	14	0	5	14	28	1	6	15	0	0	0	0	0	0	0	0	0	0	0	0	9	[]	0	7
60	123456920	5	7	17	204	0	0	0	0	0	0	0	2	0	0	1	4	0	38	14	0	5	14	28	1	5	16	0	0	0	0	0	0	0	0	0	0	0	0	9	[]	0	6
