day	seedRun	susceptible	exposed	infected	removed	susceptible-in-quarantine	exposed-in-quarantine	infected-in-quarantine	removed-in-quarantine	susceptible-in-quarantine-external-1	exposed-in-quarantine-external-1	infected-in-quarantine-external-1	removed-in-quarantine-external-1	susceptible-in-quarantine-external-2	exposed-in-quarantine-external-2	infected-in-quarantine-external-2	removed-in-quarantine-external-2	num-of-screened-agents	num-of-screened-agents-external-1	num-of-screened-agents-external-2	num-of-positive-agents	num-of-positive-agents-external-1	num-of-positive-agents-external-2	num-vaccinated-susceptible	num-vaccinated-exposed	num-vaccinated-infected	num-vaccinated-removed	num-vaccinated-susceptible-in-quarantine	num-vaccinated-exposed-in-quarantine	num-vaccinated-infected-in-quarantine	num-vaccinated-removed-in-quarantine	num-vaccinated-susceptible-in-quarantine-external-1	num-vaccinated-exposed-in-quarantine-external-1	num-vaccinated-infected-in-quarantine-external-1	num-vaccinated-removed-in-quarantine-external-1	num-vaccinated-susceptible-in-quarantine-external-2	num-vaccinated-exposed-in-quarantine-external-2	num-vaccinated-infected-in-quarantine-external-2	num-vaccinated-removed-in-quarantine-external-2	num-infected-outside	classroom-in-quarantine	num-of-classroom-in-quarantine	classroom-with-at-least-one-infected
0	123457085	240	0	0	0	0	0	0	0	0	0	0	0	0	0	0	0	0	0	0	0	0	0	0	0	0	50	0	0	0	0	0	0	0	0	0	0	0	0	0	[]	0	0
1	123457085	240	0	0	0	0	0	0	0	0	0	0	0	0	0	0	0	0	0	0	0	0	0	0	0	0	50	0	0	0	0	0	0	0	0	0	0	0	0	0	[]	0	0
2	123457085	240	0	0	0	0	0	0	0	0	0	0	0	0	0	0	0	0	3	0	0	0	0	0	0	0	50	0	0	0	0	0	0	0	0	0	0	0	0	0	[]	0	0
3	123457085	240	0	0	0	0	0	0	0	0	0	0	0	0	0	0	0	0	3	0	0	0	0	0	0	0	50	0	0	0	0	0	0	0	0	0	0	0	0	0	[]	0	0
4	123457085	240	0	0	0	0	0	0	0	0	0	0	0	0	0	0	0	0	3	0	0	0	0	0	0	0	50	0	0	0	0	0	0	0	0	0	0	0	0	0	[]	0	0
5	123457085	240	0	0	0	0	0	0	0	0	0	0	0	0	0	0	0	0	4	0	0	0	0	0	0	0	50	0	0	0	0	0	0	0	0	0	0	0	0	0	[]	0	0
6	123457085	240	0	0	0	0	0	0	0	0	0	0	0	0	0	0	0	0	5	0	0	0	0	0	0	0	50	0	0	0	0	0	0	0	0	0	0	0	0	0	[]	0	0
7	123457085	240	0	0	0	0	0	0	0	0	0	0	0	0	0	0	0	0	5	0	0	0	0	0	0	0	50	0	0	0	0	0	0	0	0	0	0	0	0	0	[]	0	0
8	123457085	240	0	0	0	0	0	0	0	0	0	0	0	0	0	0	0	0	5	0	0	0	0	0	0	0	50	0	0	0	0	0	0	0	0	0	0	0	0	0	[]	0	0
9	123457085	240	0	0	0	0	0	0	0	0	0	0	0	0	0	0	0	0	6	0	0	0	0	0	0	0	50	0	0	0	0	0	0	0	0	0	0	0	0	0	[]	0	0
10	123457085	240	0	0	0	0	0	0	0	0	0	0	0	0	0	0	0	0	7	0	0	0	0	0	0	0	50	0	0	0	0	0	0	0	0	0	0	0	0	0	[]	0	0
11	123457085	240	0	0	0	0	0	0	0	0	0	0	0	0	0	0	0	0	7	0	0	0	0	0	0	0	50	0	0	0	0	0	0	0	0	0	0	0	0	0	[]	0	0
12	123457085	240	0	0	0	0	0	0	0	0	0	0	0	0	0	0	0	0	7	0	0	0	0	0	0	0	50	0	0	0	0	0	0	0	0	0	0	0	0	0	[]	0	0
13	123457085	239	1	0	0	0	0	0	0	0	0	0	0	0	0	0	0	0	7	0	0	0	0	0	0	0	50	0	0	0	0	0	0	0	0	0	0	0	0	1	[]	0	0
14	123457085	239	0	1	0	0	0	0	0	0	0	0	0	0	0	0	0	0	7	0	0	0	0	0	0	0	50	0	0	0	0	0	0	0	0	0	0	0	0	1	[]	0	1
15	123457085	237	2	1	0	0	0	0	0	0	0	0	0	0	0	0	0	0	8	0	0	0	0	0	0	0	50	0	0	0	0	0	0	0	0	0	0	0	0	1	[]	0	1
16	123457085	236	3	0	1	0	0	0	0	0	0	0	0	0	0	0	0	0	8	0	0	0	0	0	0	0	50	0	0	0	0	0	0	0	0	0	0	0	0	2	[]	0	0
17	123457085	234	3	2	1	0	0	0	0	0	0	0	0	0	0	0	0	0	9	0	0	0	0	0	0	0	50	0	0	0	0	0	0	0	0	0	0	0	0	2	[]	0	1
18	123457085	230	6	3	1	0	0	0	0	0	0	0	0	0	0	0	0	0	10	0	0	0	0	0	0	0	50	0	0	0	0	0	0	0	0	0	0	0	0	2	[]	0	1
19	123457085	228	7	3	2	0	0	0	0	0	0	0	0	0	0	0	0	0	11	0	0	0	0	0	0	0	50	0	0	0	0	0	0	0	0	0	0	0	0	2	[]	0	1
20	123457085	228	6	3	3	0	0	0	0	0	0	0	0	0	0	0	0	0	11	0	0	0	0	0	0	0	50	0	0	0	0	0	0	0	0	0	0	0	0	2	[]	0	1
21	123457085	228	5	4	3	0	0	0	0	0	0	0	0	0	0	0	0	0	12	0	0	0	0	0	0	0	50	0	0	0	0	0	0	0	0	0	0	0	0	2	[]	0	2
22	123457085	221	10	6	3	0	0	0	0	0	0	0	0	0	0	0	0	0	12	0	0	0	0	0	0	0	50	0	0	0	0	0	0	0	0	0	0	0	0	3	[]	0	2
23	123457085	215	14	8	3	0	0	0	0	0	0	0	0	0	0	0	0	0	12	0	0	0	0	0	0	0	50	0	0	0	0	0	0	0	0	0	0	0	0	3	[]	0	2
24	123457085	212	14	9	5	0	0	0	0	0	0	0	0	0	0	0	0	0	12	0	0	0	0	0	0	0	50	0	0	0	0	0	0	0	0	0	0	0	0	4	[]	0	2
25	123457085	201	21	12	6	0	0	0	0	0	0	0	0	0	0	0	0	0	12	0	0	0	0	0	0	0	50	0	0	0	0	0	0	0	0	0	0	0	0	4	[]	0	2
26	123457085	197	20	16	7	0	0	0	0	0	0	0	0	0	0	0	0	0	14	0	0	0	0	0	0	0	50	0	0	0	0	0	0	0	0	0	0	0	0	4	[]	0	3
27	123457085	197	12	20	11	0	0	0	0	0	0	0	0	0	0	0	0	0	15	0	0	0	0	0	0	0	50	0	0	0	0	0	0	0	0	0	0	0	0	4	[]	0	5
28	123457085	197	8	21	14	0	0	0	0	0	0	0	0	0	0	0	0	0	18	0	0	0	0	0	0	0	50	0	0	0	0	0	0	0	0	0	0	0	0	4	[]	0	4
29	123457085	187	14	21	18	0	0	0	0	0	0	0	0	0	0	0	0	0	18	0	0	0	0	0	0	0	50	0	0	0	0	0	0	0	0	0	0	0	0	4	[]	0	5
30	123457085	180	18	20	22	0	0	0	0	0	0	0	0	0	0	0	0	0	19	0	0	0	0	0	0	0	50	0	0	0	0	0	0	0	0	0	0	0	0	4	[]	0	5
31	123457085	171	22	18	29	0	0	0	0	0	0	0	0	0	0	0	0	0	19	0	0	0	0	0	0	0	50	0	0	0	0	0	0	0	0	0	0	0	0	4	[]	0	5
32	123457085	160	28	22	30	0	0	0	0	0	0	0	0	0	0	0	0	0	20	0	0	0	0	0	0	0	50	0	0	0	0	0	0	0	0	0	0	0	0	4	[]	0	5
33	123457085	155	27	23	35	0	0	0	0	0	0	0	0	0	0	0	0	0	22	0	0	0	0	0	0	0	50	0	0	0	0	0	0	0	0	0	0	0	0	4	[]	0	5
34	123457085	155	18	31	36	0	0	0	0	0	0	0	0	0	0	0	0	0	22	0	0	0	0	0	0	0	50	0	0	0	0	0	0	0	0	0	0	0	0	4	[]	0	6
35	123457085	155	10	35	40	0	0	0	0	0	0	0	0	0	0	0	0	0	22	0	0	0	0	0	0	0	50	0	0	0	0	0	0	0	0	0	0	0	0	4	[]	0	7
36	123457085	139	21	34	46	0	0	0	0	0	0	0	0	0	0	0	0	0	22	0	0	0	0	0	0	0	50	0	0	0	0	0	0	0	0	0	0	0	0	4	[]	0	7
37	123457085	128	25	39	48	0	0	0	0	0	0	0	0	0	0	0	0	0	23	0	0	0	0	0	0	0	50	0	0	0	0	0	0	0	0	0	0	0	0	4	[]	0	7
38	123457085	119	25	35	60	0	0	0	0	0	0	0	0	0	0	1	0	0	25	1	0	0	1	0	0	0	50	0	0	0	0	0	0	0	0	0	0	0	0	4	[]	0	8
39	123457085	107	28	36	68	0	0	0	0	0	0	0	0	0	0	1	0	0	25	1	0	0	1	0	0	0	50	0	0	0	0	0	0	0	0	0	0	0	0	4	[]	0	7
40	123457085	91	36	41	71	0	0	0	0	0	0	0	0	0	0	0	1	0	25	1	0	0	1	0	0	0	50	0	0	0	0	0	0	0	0	0	0	0	0	4	[]	0	8
41	123457085	91	27	45	76	0	0	0	0	0	0	0	0	0	0	0	1	0	25	1	0	0	1	0	0	0	50	0	0	0	0	0	0	0	0	0	0	0	0	4	[]	0	7
42	123457085	91	18	45	84	0	0	0	0	0	0	0	0	0	0	1	1	0	25	2	0	0	2	0	0	0	50	0	0	0	0	0	0	0	0	0	0	0	0	4	[]	0	7
43	123457085	78	27	41	92	0	0	0	0	0	0	0	0	0	0	1	1	0	25	2	0	0	2	0	0	0	50	0	0	0	0	0	0	0	0	0	0	0	0	4	[]	0	8
44	123457085	67	30	42	99	0	0	0	0	0	0	0	0	0	0	1	1	0	25	2	0	0	2	0	0	0	50	0	0	0	0	0	0	0	0	0	0	0	0	4	[]	0	8
45	123457085	59	30	48	100	0	0	0	0	0	0	0	0	0	0	2	1	0	25	3	0	0	3	0	0	0	50	0	0	0	0	0	0	0	0	0	0	0	0	4	[]	0	9
46	123457085	55	24	52	106	0	0	0	0	0	0	0	0	0	0	2	1	0	25	3	0	0	3	0	0	0	50	0	0	0	0	0	0	0	0	0	0	0	0	4	[]	0	9
47	123457085	47	27	53	110	0	0	0	0	0	0	0	0	0	0	2	1	0	27	3	0	0	3	0	0	0	50	0	0	0	0	0	0	0	0	0	0	0	0	4	[]	0	9
48	123457085	47	20	55	114	0	0	0	0	0	0	0	0	0	0	3	1	0	28	4	0	0	4	0	0	0	50	0	0	0	0	0	0	0	0	0	0	0	0	4	[]	0	10
49	123457085	47	14	55	120	0	0	0	0	0	0	0	0	0	0	2	2	0	28	4	0	0	4	0	0	0	50	0	0	0	0	0	0	0	0	0	0	0	0	4	[]	0	11
50	123457085	38	21	50	126	0	0	0	0	0	0	0	0	0	0	3	2	0	28	5	0	0	5	0	0	0	50	0	0	0	0	0	0	0	0	0	0	0	0	4	[]	0	11
51	123457085	31	22	48	133	0	0	0	0	0	0	1	0	0	0	1	4	0	29	5	0	1	5	0	0	0	50	0	0	0	0	0	0	0	0	0	0	0	0	4	[]	0	10
52	123457085	25	20	46	143	0	0	0	0	0	0	1	0	0	0	2	3	0	30	6	0	1	6	0	0	0	50	0	0	0	0	0	0	0	0	0	0	0	0	4	[]	0	10
53	123457085	21	18	45	150	0	0	0	0	0	0	0	1	0	0	2	3	0	30	6	0	1	6	0	0	0	50	0	0	0	0	0	0	0	0	0	0	0	0	4	[]	0	9
54	123457085	14	18	46	155	0	0	0	0	0	0	0	1	0	0	3	3	0	30	7	0	1	7	0	0	0	50	0	0	0	0	0	0	0	0	0	0	0	0	4	[]	0	9
55	123457085	14	11	44	164	0	0	0	0	0	0	0	1	0	0	2	4	0	30	7	0	1	7	0	0	0	50	0	0	0	0	0	0	0	0	0	0	0	0	4	[]	0	9
56	123457085	14	9	40	170	0	0	0	0	0	0	0	1	0	0	3	3	0	30	8	0	1	8	0	0	0	50	0	0	0	0	0	0	0	0	0	0	0	0	4	[]	0	9
57	123457085	9	12	41	171	0	0	0	0	0	0	0	1	0	0	3	3	0	30	8	0	1	8	0	0	0	50	0	0	0	0	0	0	0	0	0	0	0	0	4	[]	0	9
58	123457085	4	14	38	177	0	0	0	0	0	0	0	1	0	0	3	3	0	30	8	0	1	8	0	0	0	50	0	0	0	0	0	0	0	0	0	0	0	0	4	[]	0	9
59	123457085	2	9	37	185	0	0	0	0	0	0	1	1	0	0	3	2	0	31	8	0	2	8	0	0	0	50	0	0	0	0	0	0	0	0	0	0	0	0	4	[]	0	9
60	123457085	2	9	31	191	0	0	0	0	0	0	0	2	0	0	3	2	0	33	8	0	2	8	0	0	0	50	0	0	0	0	0	0	0	0	0	0	0	0	4	[]	0	8
