day	seedRun	susceptible	exposed	infected	removed	susceptible-in-quarantine	exposed-in-quarantine	infected-in-quarantine	removed-in-quarantine	susceptible-in-quarantine-external-1	exposed-in-quarantine-external-1	infected-in-quarantine-external-1	removed-in-quarantine-external-1	susceptible-in-quarantine-external-2	exposed-in-quarantine-external-2	infected-in-quarantine-external-2	removed-in-quarantine-external-2	num-of-screened-agents	num-of-screened-agents-external-1	num-of-screened-agents-external-2	num-of-positive-agents	num-of-positive-agents-external-1	num-of-positive-agents-external-2	num-vaccinated-susceptible	num-vaccinated-exposed	num-vaccinated-infected	num-vaccinated-removed	num-vaccinated-susceptible-in-quarantine	num-vaccinated-exposed-in-quarantine	num-vaccinated-infected-in-quarantine	num-vaccinated-removed-in-quarantine	num-vaccinated-susceptible-in-quarantine-external-1	num-vaccinated-exposed-in-quarantine-external-1	num-vaccinated-infected-in-quarantine-external-1	num-vaccinated-removed-in-quarantine-external-1	num-vaccinated-susceptible-in-quarantine-external-2	num-vaccinated-exposed-in-quarantine-external-2	num-vaccinated-infected-in-quarantine-external-2	num-vaccinated-removed-in-quarantine-external-2	num-infected-outside	classroom-in-quarantine	num-of-classroom-in-quarantine	classroom-with-at-least-one-infected
0	123456802	240	0	0	0	0	0	0	0	0	0	0	0	0	0	0	0	0	0	0	0	0	0	0	0	0	50	0	0	0	0	0	0	0	0	0	0	0	0	0	[]	0	0
1	123456802	240	0	0	0	0	0	0	0	0	0	0	0	0	0	0	0	0	2	0	0	0	0	0	0	0	50	0	0	0	0	0	0	0	0	0	0	0	0	0	[]	0	0
2	123456802	240	0	0	0	0	0	0	0	0	0	0	0	0	0	0	0	0	3	0	0	0	0	0	0	0	50	0	0	0	0	0	0	0	0	0	0	0	0	0	[]	0	0
3	123456802	240	0	0	0	0	0	0	0	0	0	0	0	0	0	0	0	0	3	0	0	0	0	0	0	0	50	0	0	0	0	0	0	0	0	0	0	0	0	0	[]	0	0
4	123456802	240	0	0	0	0	0	0	0	0	0	0	0	0	0	0	0	0	5	0	0	0	0	0	0	0	50	0	0	0	0	0	0	0	0	0	0	0	0	0	[]	0	0
5	123456802	240	0	0	0	0	0	0	0	0	0	0	0	0	0	0	0	0	6	0	0	0	0	0	0	0	50	0	0	0	0	0	0	0	0	0	0	0	0	0	[]	0	0
6	123456802	240	0	0	0	0	0	0	0	0	0	0	0	0	0	0	0	0	6	0	0	0	0	0	0	0	50	0	0	0	0	0	0	0	0	0	0	0	0	0	[]	0	0
7	123456802	240	0	0	0	0	0	0	0	0	0	0	0	0	0	0	0	0	7	0	0	0	0	0	0	0	50	0	0	0	0	0	0	0	0	0	0	0	0	0	[]	0	0
8	123456802	239	1	0	0	0	0	0	0	0	0	0	0	0	0	0	0	0	7	0	0	0	0	0	0	0	50	0	0	0	0	0	0	0	0	0	0	0	0	1	[]	0	0
9	123456802	239	1	0	0	0	0	0	0	0	0	0	0	0	0	0	0	0	8	0	0	0	0	0	0	0	50	0	0	0	0	0	0	0	0	0	0	0	0	1	[]	0	0
10	123456802	239	1	0	0	0	0	0	0	0	0	0	0	0	0	0	0	0	9	0	0	0	0	0	0	0	50	0	0	0	0	0	0	0	0	0	0	0	0	1	[]	0	0
11	123456802	239	1	0	0	0	0	0	0	0	0	0	0	0	0	0	0	0	10	0	0	0	0	0	0	0	50	0	0	0	0	0	0	0	0	0	0	0	0	1	[]	0	0
12	123456802	239	1	0	0	0	0	0	0	0	0	0	0	0	0	0	0	0	12	0	0	0	0	0	0	0	50	0	0	0	0	0	0	0	0	0	0	0	0	1	[]	0	0
13	123456802	239	1	0	0	0	0	0	0	0	0	0	0	0	0	0	0	0	12	0	0	0	0	0	0	0	50	0	0	0	0	0	0	0	0	0	0	0	0	1	[]	0	0
14	123456802	239	0	1	0	0	0	0	0	0	0	0	0	0	0	0	0	0	12	0	0	0	0	0	0	0	50	0	0	0	0	0	0	0	0	0	0	0	0	1	[]	0	1
15	123456802	236	3	1	0	0	0	0	0	0	0	0	0	0	0	0	0	0	13	0	0	0	0	0	0	0	50	0	0	0	0	0	0	0	0	0	0	0	0	1	[]	0	1
16	123456802	234	5	1	0	0	0	0	0	0	0	0	0	0	0	0	0	0	13	0	0	0	0	0	0	0	50	0	0	0	0	0	0	0	0	0	0	0	0	1	[]	0	1
17	123456802	229	9	2	0	0	0	0	0	0	0	0	0	0	0	0	0	0	13	0	0	0	0	0	0	0	50	0	0	0	0	0	0	0	0	0	0	0	0	1	[]	0	2
18	123456802	227	11	1	1	0	0	0	0	0	0	0	0	0	0	0	0	0	13	0	0	0	0	0	0	0	50	0	0	0	0	0	0	0	0	0	0	0	0	1	[]	0	1
19	123456802	220	14	5	1	0	0	0	0	0	0	0	0	0	0	0	0	0	13	0	0	0	0	0	0	0	50	0	0	0	0	0	0	0	0	0	0	0	0	1	[]	0	2
20	123456802	220	11	6	3	0	0	0	0	0	0	0	0	0	0	0	0	0	14	0	0	0	0	0	0	0	50	0	0	0	0	0	0	0	0	0	0	0	0	1	[]	0	2
21	123456802	220	7	8	5	0	0	0	0	0	0	0	0	0	0	0	0	0	14	0	0	0	0	0	0	0	50	0	0	0	0	0	0	0	0	0	0	0	0	1	[]	0	2
22	123456802	214	10	10	6	0	0	0	0	0	0	0	0	0	0	0	0	0	14	0	0	0	0	0	0	0	50	0	0	0	0	0	0	0	0	0	0	0	0	1	[]	0	2
23	123456802	210	11	9	10	0	0	0	0	0	0	0	0	0	0	0	0	0	14	0	0	0	0	0	0	0	50	0	0	0	0	0	0	0	0	0	0	0	0	1	[]	0	2
24	123456802	205	13	10	12	0	0	0	0	0	0	0	0	0	0	0	0	0	14	0	0	0	0	0	0	0	50	0	0	0	0	0	0	0	0	0	0	0	0	1	[]	0	2
25	123456802	197	13	14	16	0	0	0	0	0	0	0	0	0	0	0	0	0	15	0	0	0	0	0	0	0	50	0	0	0	0	0	0	0	0	0	0	0	0	1	[]	0	4
26	123456802	189	18	16	17	0	0	0	0	0	0	0	0	0	0	0	0	0	18	0	0	0	0	0	0	0	50	0	0	0	0	0	0	0	0	0	0	0	0	1	[]	0	4
27	123456802	189	12	20	19	0	0	0	0	0	0	0	0	0	0	0	0	0	19	0	0	0	0	0	0	0	50	0	0	0	0	0	0	0	0	0	0	0	0	1	[]	0	5
28	123456802	189	8	21	22	0	0	0	0	0	0	0	0	0	0	0	0	0	20	0	0	0	0	0	0	0	50	0	0	0	0	0	0	0	0	0	0	0	0	1	[]	0	5
29	123456802	176	20	21	23	0	0	0	0	0	0	0	0	0	0	0	0	0	20	0	0	0	0	0	0	0	50	0	0	0	0	0	0	0	0	0	0	0	0	1	[]	0	6
30	123456802	169	22	22	27	0	0	0	0	0	0	0	0	0	0	0	0	0	20	0	0	0	0	0	0	0	50	0	0	0	0	0	0	0	0	0	0	0	0	1	[]	0	6
31	123456802	153	36	21	30	0	0	0	0	0	0	0	0	0	0	0	0	0	22	0	0	0	0	0	0	0	50	0	0	0	0	0	0	0	0	0	0	0	0	1	[]	0	6
32	123456802	139	38	29	34	0	0	0	0	0	0	0	0	0	0	0	0	0	22	0	0	0	0	0	0	0	50	0	0	0	0	0	0	0	0	0	0	0	0	1	[]	0	7
33	123456802	131	37	36	36	0	0	0	0	0	0	0	0	0	0	0	0	0	22	0	0	0	0	0	0	0	50	0	0	0	0	0	0	0	0	0	0	0	0	1	[]	0	7
34	123456802	131	34	34	41	0	0	0	0	0	0	0	0	0	0	0	0	0	22	0	0	0	0	0	0	0	50	0	0	0	0	0	0	0	0	0	0	0	0	1	[]	0	7
35	123456802	130	25	39	45	0	0	0	0	0	0	0	0	0	0	1	0	0	22	1	0	0	1	0	0	0	50	0	0	0	0	0	0	0	0	0	0	0	0	2	[]	0	7
36	123456802	118	31	37	52	0	0	0	0	0	0	1	0	0	0	0	1	0	24	1	0	1	1	0	0	0	50	0	0	0	0	0	0	0	0	0	0	0	0	2	[]	0	8
37	123456802	106	32	40	60	0	0	0	0	0	0	0	1	0	0	0	1	0	24	1	0	1	1	0	0	0	50	0	0	0	0	0	0	0	0	0	0	0	0	2	[]	0	8
38	123456802	92	37	46	63	0	0	0	0	0	0	0	1	0	0	0	1	0	27	1	0	1	1	0	0	0	50	0	0	0	0	0	0	0	0	0	0	0	0	2	[]	0	9
39	123456802	87	35	47	68	0	0	0	0	0	0	0	1	0	0	1	1	0	27	2	0	1	2	0	0	0	50	0	0	0	0	0	0	0	0	0	0	0	0	2	[]	0	9
40	123456802	80	31	52	74	0	0	0	0	0	0	0	1	0	0	1	1	0	28	2	0	1	2	0	0	0	50	0	0	0	0	0	0	0	0	0	0	0	0	2	[]	0	10
41	123456802	79	23	49	84	0	0	0	0	0	0	1	1	0	0	2	1	0	30	3	0	2	3	0	0	0	50	0	0	0	0	0	0	0	0	0	0	0	0	3	[]	0	9
42	123456802	79	16	48	92	0	0	0	0	0	0	1	1	0	0	2	1	0	31	3	0	2	3	0	0	0	50	0	0	0	0	0	0	0	0	0	0	0	0	3	[]	0	9
43	123456802	71	21	44	98	0	0	0	0	0	0	1	1	0	0	3	1	0	32	4	0	2	4	0	0	0	50	0	0	0	0	0	0	0	0	0	0	0	0	3	[]	0	10
44	123456802	63	24	44	103	0	0	0	0	0	0	1	1	0	0	3	1	0	32	4	0	2	4	0	0	0	50	0	0	0	0	0	0	0	0	0	0	0	0	3	[]	0	10
45	123456802	50	33	39	111	0	0	0	0	0	0	2	1	0	0	3	1	0	33	4	0	3	4	0	0	0	50	0	0	0	0	0	0	0	0	0	0	0	0	3	[]	0	11
46	123456802	41	32	44	116	0	0	0	0	0	0	1	2	0	0	3	1	0	33	4	0	3	4	0	0	0	50	0	0	0	0	0	0	0	0	0	0	0	0	3	[]	0	12
47	123456802	35	32	42	123	0	0	0	0	0	0	1	2	0	0	4	1	0	33	5	0	3	5	0	0	0	50	0	0	0	0	0	0	0	0	0	0	0	0	3	[]	0	11
48	123456802	35	21	50	126	0	0	0	0	0	0	1	2	0	0	3	2	0	33	5	0	3	5	0	0	0	50	0	0	0	0	0	0	0	0	0	0	0	0	3	[]	0	11
49	123456802	35	15	51	132	0	0	0	0	0	0	1	2	0	0	3	1	0	34	5	0	3	5	0	0	0	50	0	0	0	0	0	0	0	0	0	0	0	0	3	[]	0	11
50	123456802	26	23	45	140	0	0	0	0	0	0	1	1	0	0	3	1	0	34	5	0	3	5	0	0	0	50	0	0	0	0	0	0	0	0	0	0	0	0	3	[]	0	11
51	123456802	16	29	45	143	0	0	0	0	0	0	2	1	0	0	2	2	0	35	5	0	4	5	0	0	0	50	0	0	0	0	0	0	0	0	0	0	0	0	3	[]	0	11
52	123456802	9	29	48	147	0	0	0	0	0	0	1	2	0	0	2	2	0	35	5	0	4	5	0	0	0	50	0	0	0	0	0	0	0	0	0	0	0	0	3	[]	0	11
53	123456802	7	26	40	159	0	0	0	0	0	0	1	2	0	0	3	2	0	36	7	0	4	7	0	0	0	50	0	0	0	0	0	0	0	0	0	0	0	0	3	[]	0	11
54	123456802	4	22	43	162	0	0	0	0	0	0	2	2	0	0	1	4	0	39	7	0	5	7	0	0	0	50	0	0	0	0	0	0	0	0	0	0	0	0	3	[]	0	11
55	123456802	4	17	43	169	0	0	0	0	0	0	1	2	0	0	0	4	0	43	7	0	5	7	0	0	0	50	0	0	0	0	0	0	0	0	0	0	0	0	3	[]	0	10
56	123456802	4	16	40	173	0	0	0	0	0	0	1	2	0	0	0	4	0	43	7	0	5	7	0	0	0	50	0	0	0	0	0	0	0	0	0	0	0	0	3	[]	0	10
57	123456802	2	14	38	179	0	0	0	0	0	0	1	2	0	0	1	3	0	44	8	0	5	8	0	0	0	50	0	0	0	0	0	0	0	0	0	0	0	0	3	[]	0	9
58	123456802	0	11	40	182	0	0	0	0	0	0	1	2	0	0	1	3	0	45	8	0	5	8	0	0	0	50	0	0	0	0	0	0	0	0	0	0	0	0	3	[]	0	9
59	123456802	0	9	37	188	0	0	0	0	0	0	1	1	0	0	1	3	0	45	8	0	5	8	0	0	0	50	0	0	0	0	0	0	0	0	0	0	0	0	3	[]	0	10
60	123456802	0	7	34	193	0	0	0	0	0	0	0	2	0	0	1	3	0	46	8	0	5	8	0	0	0	50	0	0	0	0	0	0	0	0	0	0	0	0	3	[]	0	10
