day	seedRun	susceptible	exposed	infected	removed	susceptible-in-quarantine	exposed-in-quarantine	infected-in-quarantine	removed-in-quarantine	susceptible-in-quarantine-external-1	exposed-in-quarantine-external-1	infected-in-quarantine-external-1	removed-in-quarantine-external-1	susceptible-in-quarantine-external-2	exposed-in-quarantine-external-2	infected-in-quarantine-external-2	removed-in-quarantine-external-2	num-of-screened-agents	num-of-screened-agents-external-1	num-of-screened-agents-external-2	num-of-positive-agents	num-of-positive-agents-external-1	num-of-positive-agents-external-2	num-vaccinated	num-immunized	num-immunized-in-quarantine	num-immunized-in-quarantine-external-1	num-immunized-in-quarantine-external-2	num-infected-outside	classroom-in-quarantine	num-of-classroom-in-quarantine	classroom-with-at-least-one-infected
0	123457236	216	0	0	0	0	0	0	0	0	0	0	0	0	0	0	0	0	0	0	0	0	0	74	74	0	0	0	0	[]	0	0
1	123457236	208	8	0	0	0	0	0	0	0	0	0	0	0	0	0	0	0	2	0	0	0	0	74	74	0	0	0	8	[]	0	0
2	123457236	181	33	2	0	0	0	0	0	0	0	0	0	0	0	0	0	0	2	0	0	0	0	74	74	0	0	0	18	[]	0	2
3	123457236	145	62	8	1	0	0	0	0	0	0	0	0	0	0	0	0	0	2	0	0	0	0	74	74	0	0	0	24	[]	0	6
4	123457236	107	74	12	2	1	10	7	0	0	0	1	0	0	0	2	0	57	5	2	7	1	2	74	72	2	0	0	29	[2D]	1	9
5	123457236	66	84	22	5	7	16	12	0	0	0	1	0	0	0	3	0	76	6	3	11	1	3	74	70	4	0	0	35	[2D 2C]	2	9
6	123457236	62	57	32	10	7	23	19	1	0	0	1	0	0	0	4	0	93	8	4	14	1	4	74	68	6	0	0	39	[2D 2C 1B]	3	10
7	123457236	56	37	39	11	11	23	30	3	0	0	0	1	0	0	5	0	112	9	5	24	1	5	74	66	8	0	0	41	[2D 2C 1B 2A]	4	11
8	123457236	30	41	27	9	11	20	55	15	0	0	1	1	0	0	6	0	150	10	6	44	2	6	74	62	12	0	0	44	[2D 2C 1B 2A 3B 1C]	6	11
9	123457236	12	42	25	8	11	17	66	26	0	0	1	1	0	0	5	2	188	11	7	57	2	7	74	60	14	0	0	45	[2D 2C 1B 2A 3B 1C 3A]	7	12
10	123457236	0	9	5	1	20	36	85	47	0	0	1	1	0	0	9	2	264	11	11	83	2	11	74	52	22	0	0	46	[2D 2C 1B 2A 3B 1C 3A 2B 1A 3D 3C]	11	12
11	123457236	0	8	4	3	20	27	82	59	0	0	0	2	0	0	8	3	264	11	11	83	2	11	74	52	22	0	0	46	[2D 2C 1B 2A 3B 1C 3A 2B 1A 3D 3C]	11	12
12	123457236	0	8	4	3	20	17	82	69	0	0	0	2	0	0	7	4	264	11	11	83	2	11	74	52	22	0	0	46	[2D 2C 1B 2A 3B 1C 3A 2B 1A 3D 3C]	11	12
13	123457236	0	0	0	0	20	17	83	82	0	0	0	2	0	0	7	5	280	11	12	90	2	12	74	50	24	0	0	46	[2D 2C 1B 2A 3B 1C 3A 2B 1A 3D 3C 1D]	12	12
14	123457236	1	0	0	17	19	12	63	91	0	0	0	2	0	0	6	5	280	11	12	90	2	12	74	52	22	0	0	46	[2C 1B 2A 3B 1C 3A 2B 1A 3D 3C 1D]	11	11
15	123457236	7	0	0	29	13	11	50	94	0	0	0	2	0	0	5	5	280	11	12	90	2	12	74	54	20	0	0	46	[1B 2A 3B 1C 3A 2B 1A 3D 3C 1D]	10	10
16	123457236	7	0	0	47	13	7	46	86	0	0	0	2	0	0	5	3	280	11	12	90	2	12	74	56	18	0	0	46	[2A 3B 1C 3A 2B 1A 3D 3C 1D]	9	9
17	123457236	11	0	0	61	9	2	39	85	0	0	0	2	0	0	4	3	280	11	12	90	2	12	74	58	16	0	0	46	[3B 1C 3A 2B 1A 3D 3C 1D]	8	8
18	123457236	11	0	0	97	9	0	28	64	0	0	0	1	0	0	1	5	280	13	12	90	2	12	74	62	12	0	0	46	[3A 2B 1A 3D 3C 1D]	6	6
19	123457236	10	1	0	115	9	0	24	51	0	0	0	1	0	0	0	5	280	14	12	90	2	12	74	64	10	0	0	47	[2B 1A 3D 3C 1D]	5	5
20	123457236	18	2	0	178	0	0	8	8	0	0	0	1	0	0	0	1	280	18	12	90	2	12	74	72	2	0	0	48	[1D]	1	1
21	123457236	18	0	2	178	0	0	6	10	0	0	0	1	0	0	0	1	280	20	12	90	2	12	74	72	2	0	0	48	[1D]	1	2
22	123457236	17	1	2	178	0	0	4	12	0	0	0	1	0	0	0	1	280	21	12	90	2	12	74	72	2	0	0	48	[1D]	1	2
23	123457236	15	3	2	196	0	0	0	0	0	0	0	0	0	0	0	0	280	25	12	90	2	12	74	74	0	0	0	49	[]	0	1
24	123457236	14	1	5	196	0	0	0	0	0	0	0	0	0	0	0	0	280	29	12	90	2	12	74	74	0	0	0	49	[]	0	2
25	123457236	10	4	6	196	0	0	0	0	0	0	0	0	0	0	0	0	280	30	12	90	2	12	74	74	0	0	0	49	[]	0	2
26	123457236	9	4	7	196	0	0	0	0	0	0	0	0	0	0	0	0	280	31	12	90	2	12	74	74	0	0	0	50	[]	0	2
27	123457236	9	3	7	197	0	0	0	0	0	0	0	0	0	0	0	0	280	32	12	90	2	12	74	74	0	0	0	50	[]	0	2
28	123457236	9	1	7	199	0	0	0	0	0	0	0	0	0	0	0	0	280	32	12	90	2	12	74	74	0	0	0	50	[]	0	2
29	123457236	8	2	3	200	0	0	2	0	0	0	0	0	0	0	1	0	299	34	13	92	2	13	74	74	0	0	0	51	[]	0	2
30	123457236	8	2	2	201	0	0	1	1	0	0	0	0	0	0	1	0	299	36	13	92	2	13	74	74	0	0	0	51	[]	0	2
31	123457236	7	2	2	201	0	0	1	1	0	0	1	0	0	0	1	0	318	40	13	92	3	13	74	74	0	0	0	52	[]	0	3
32	123457236	6	3	2	201	0	0	1	1	0	0	1	0	0	0	1	0	318	43	13	92	3	13	74	74	0	0	0	53	[]	0	3
33	123457236	4	3	4	201	0	0	1	1	0	0	0	1	0	0	1	0	318	45	13	92	3	13	74	74	0	0	0	53	[]	0	4
34	123457236	3	3	3	203	0	0	1	1	0	0	0	1	0	0	1	0	335	45	13	92	3	13	74	74	0	0	0	54	[]	0	3
35	123457236	3	2	3	203	0	0	1	1	0	0	0	1	0	0	1	1	354	46	14	92	3	14	74	74	0	0	0	54	[]	0	4
36	123457236	3	2	1	203	0	0	2	2	0	0	0	1	0	0	1	1	373	47	14	94	3	14	74	74	0	0	0	54	[]	0	4
37	123457236	3	2	1	203	0	0	1	3	0	0	0	1	0	0	1	1	373	50	14	94	3	14	74	74	0	0	0	54	[]	0	3
38	123457236	2	2	1	203	0	0	1	3	0	0	0	1	0	0	2	1	392	51	15	94	3	15	74	74	0	0	0	55	[]	0	3
39	123457236	2	1	2	206	0	0	1	1	0	0	0	1	0	0	2	0	392	52	15	94	3	15	74	74	0	0	0	55	[]	0	3
40	123457236	1	2	2	206	0	0	1	1	0	0	0	1	0	0	1	1	411	56	15	94	3	15	74	74	0	0	0	56	[]	0	2
41	123457236	1	0	4	207	0	0	1	1	0	0	0	0	0	0	1	1	411	59	15	94	3	15	74	74	0	0	0	56	[]	0	2
42	123457236	1	0	3	208	0	0	1	1	0	0	0	0	0	0	1	1	411	63	15	94	3	15	74	74	0	0	0	56	[]	0	2
43	123457236	1	0	3	208	0	0	1	1	0	0	0	0	0	0	1	1	430	64	15	94	3	15	74	74	0	0	0	56	[]	0	2
44	123457236	1	0	3	208	0	0	1	1	0	0	0	0	0	0	0	2	430	65	15	94	3	15	74	74	0	0	0	56	[]	0	1
45	123457236	1	0	3	209	0	0	1	1	0	0	0	0	0	0	0	1	430	67	15	94	3	15	74	74	0	0	0	56	[]	0	1
46	123457236	1	0	2	212	0	0	0	0	0	0	0	0	0	0	0	1	430	67	15	94	3	15	74	74	0	0	0	56	[]	0	1
47	123457236	1	0	1	213	0	0	0	0	0	0	0	0	0	0	0	1	430	68	15	94	3	15	74	74	0	0	0	56	[]	0	1
48	123457236	1	0	0	215	0	0	0	0	0	0	0	0	0	0	0	0	430	69	15	94	3	15	74	74	0	0	0	56	[]	0	0
49	123457236	1	0	0	215	0	0	0	0	0	0	0	0	0	0	0	0	430	69	15	94	3	15	74	74	0	0	0	56	[]	0	0
50	123457236	1	0	0	215	0	0	0	0	0	0	0	0	0	0	0	0	430	70	15	94	3	15	74	74	0	0	0	56	[]	0	0
51	123457236	1	0	0	215	0	0	0	0	0	0	0	0	0	0	0	0	430	74	15	94	3	15	74	74	0	0	0	56	[]	0	0
52	123457236	1	0	0	215	0	0	0	0	0	0	0	0	0	0	0	0	430	77	15	94	3	15	74	74	0	0	0	56	[]	0	0
53	123457236	1	0	0	215	0	0	0	0	0	0	0	0	0	0	0	0	430	81	15	94	3	15	74	74	0	0	0	56	[]	0	0
54	123457236	1	0	0	215	0	0	0	0	0	0	0	0	0	0	0	0	430	84	15	94	3	15	74	74	0	0	0	56	[]	0	0
55	123457236	1	0	0	215	0	0	0	0	0	0	0	0	0	0	0	0	430	85	15	94	3	15	74	74	0	0	0	56	[]	0	0
56	123457236	1	0	0	215	0	0	0	0	0	0	0	0	0	0	0	0	430	86	15	94	3	15	74	74	0	0	0	56	[]	0	0
57	123457236	1	0	0	215	0	0	0	0	0	0	0	0	0	0	0	0	430	87	15	94	3	15	74	74	0	0	0	56	[]	0	0
58	123457236	1	0	0	215	0	0	0	0	0	0	0	0	0	0	0	0	430	88	15	94	3	15	74	74	0	0	0	56	[]	0	0
59	123457236	0	1	0	215	0	0	0	0	0	0	0	0	0	0	0	0	430	90	15	94	3	15	74	74	0	0	0	57	[]	0	0
60	123457236	0	1	0	215	0	0	0	0	0	0	0	0	0	0	0	0	430	95	15	94	3	15	74	74	0	0	0	57	[]	0	0
