day	seedRun	susceptible	exposed	infected	removed	susceptible-in-quarantine	exposed-in-quarantine	infected-in-quarantine	removed-in-quarantine	susceptible-in-quarantine-external-1	exposed-in-quarantine-external-1	infected-in-quarantine-external-1	removed-in-quarantine-external-1	susceptible-in-quarantine-external-2	exposed-in-quarantine-external-2	infected-in-quarantine-external-2	removed-in-quarantine-external-2	num-of-screened-agents	num-of-screened-agents-external-1	num-of-screened-agents-external-2	num-of-positive-agents	num-of-positive-agents-external-1	num-of-positive-agents-external-2	num-vaccinated	num-immunized	num-immunized-in-quarantine	num-immunized-in-quarantine-external-1	num-immunized-in-quarantine-external-2	num-infected-outside	classroom-in-quarantine	num-of-classroom-in-quarantine	classroom-with-at-least-one-infected
0	123456985	72	0	0	0	0	0	0	0	0	0	0	0	0	0	0	0	0	0	0	0	0	0	218	218	0	0	0	0	[]	0	0
1	123456985	72	0	0	0	0	0	0	0	0	0	0	0	0	0	0	0	0	1	0	0	0	0	218	218	0	0	0	0	[]	0	0
2	123456985	72	0	0	0	0	0	0	0	0	0	0	0	0	0	0	0	0	2	0	0	0	0	218	218	0	0	0	0	[]	0	0
3	123456985	72	0	0	0	0	0	0	0	0	0	0	0	0	0	0	0	0	3	0	0	0	0	218	218	0	0	0	0	[]	0	0
4	123456985	72	0	0	0	0	0	0	0	0	0	0	0	0	0	0	0	0	6	0	0	0	0	218	218	0	0	0	0	[]	0	0
5	123456985	72	0	0	0	0	0	0	0	0	0	0	0	0	0	0	0	0	9	0	0	0	0	218	218	0	0	0	0	[]	0	0
6	123456985	72	0	0	0	0	0	0	0	0	0	0	0	0	0	0	0	0	10	0	0	0	0	218	218	0	0	0	0	[]	0	0
7	123456985	71	1	0	0	0	0	0	0	0	0	0	0	0	0	0	0	0	13	0	0	0	0	218	218	0	0	0	1	[]	0	0
8	123456985	71	1	0	0	0	0	0	0	0	0	0	0	0	0	0	0	0	16	0	0	0	0	218	218	0	0	0	1	[]	0	0
9	123456985	68	3	1	0	0	0	0	0	0	0	0	0	0	0	0	0	0	19	0	0	0	0	218	218	0	0	0	2	[]	0	1
10	123456985	67	3	2	0	0	0	0	0	0	0	0	0	0	0	0	0	0	21	0	0	0	0	218	218	0	0	0	2	[]	0	1
11	123456985	65	3	1	0	0	0	2	0	0	0	0	0	0	0	1	0	19	21	1	2	0	1	218	218	0	0	0	2	[]	0	2
12	123456985	64	4	0	1	0	0	1	1	0	0	0	0	0	0	1	0	19	22	1	2	0	1	218	218	0	0	0	3	[]	0	1
13	123456985	63	4	1	1	0	0	1	1	0	0	0	0	0	0	1	0	19	22	1	2	0	1	218	218	0	0	0	4	[]	0	2
14	123456985	63	3	2	1	0	0	0	2	0	0	0	0	0	0	0	1	19	23	1	2	0	1	218	218	0	0	0	4	[]	0	2
15	123456985	53	11	4	1	0	0	0	2	0	0	0	0	0	0	0	1	19	25	1	2	0	1	218	218	0	0	0	4	[]	0	3
16	123456985	50	12	6	1	0	0	0	2	0	0	0	0	0	0	0	1	36	26	1	2	0	1	218	218	0	0	0	4	[]	0	3
17	123456985	48	11	4	2	0	0	3	2	0	0	1	0	0	0	0	1	55	28	1	5	1	1	218	218	0	0	0	4	[]	0	4
18	123456985	45	10	4	2	0	0	6	2	0	0	1	0	0	0	1	1	74	29	2	8	1	2	218	218	0	0	0	4	[]	0	4
19	123456985	45	8	5	2	0	0	5	3	0	0	0	1	0	0	2	1	93	29	3	8	1	3	218	218	0	0	0	4	[]	0	5
20	123456985	44	7	5	4	0	0	4	4	0	0	0	1	0	0	1	2	93	29	3	8	1	3	218	218	0	0	0	5	[]	0	4
21	123456985	44	2	5	9	0	0	6	2	0	0	0	1	0	0	1	2	112	30	4	10	1	4	218	218	0	0	0	5	[]	0	4
22	123456985	43	3	5	9	0	0	4	4	0	0	0	1	0	0	1	2	128	33	4	10	1	4	218	218	0	0	0	5	[]	0	4
23	123456985	39	5	1	8	0	0	9	5	0	0	0	1	0	0	1	3	162	34	5	15	1	5	218	190	28	0	0	5	[3B 2B]	2	5
24	123456985	38	4	3	8	0	0	7	7	0	0	0	1	0	0	1	3	162	35	5	15	1	5	218	190	28	0	0	5	[3B 2B]	2	5
25	123456985	38	2	5	8	0	0	5	9	0	0	0	1	0	0	1	3	162	36	5	15	1	5	218	190	28	0	0	5	[3B 2B]	2	4
26	123456985	37	2	6	8	0	0	4	10	0	0	0	1	0	0	1	3	179	39	5	15	1	5	218	190	28	0	0	5	[3B 2B]	2	4
27	123456985	37	2	5	13	0	0	2	9	0	0	0	0	0	0	1	3	179	41	5	15	1	5	218	190	28	0	0	5	[3B 2B]	2	4
28	123456985	37	2	4	14	0	0	2	9	0	0	0	0	0	0	1	3	179	42	5	15	1	5	218	190	28	0	0	5	[3B 2B]	2	4
29	123456985	37	1	4	15	0	0	1	10	0	0	0	0	0	0	1	3	179	43	5	15	1	5	218	190	28	0	0	5	[3B 2B]	2	2
30	123456985	37	1	3	16	0	0	1	10	0	0	0	0	0	0	1	3	179	43	5	15	1	5	218	190	28	0	0	5	[3B 2B]	2	2
31	123456985	35	2	4	19	0	0	1	8	0	0	0	0	0	0	1	2	179	43	5	15	1	5	218	190	28	0	0	5	[3B 2B]	2	3
32	123456985	34	3	4	19	0	0	1	8	0	0	0	0	0	0	1	2	179	43	5	15	1	5	218	190	28	0	0	5	[3B 2B]	2	3
33	123456985	33	3	4	32	0	0	0	0	0	0	0	0	0	0	0	0	179	45	5	15	1	5	218	218	0	0	0	5	[]	0	2
34	123456985	33	2	4	33	0	0	0	0	0	0	0	0	0	0	0	0	179	48	5	15	1	5	218	218	0	0	0	5	[]	0	2
35	123456985	33	1	4	34	0	0	0	0	0	0	0	0	0	0	0	0	179	50	5	15	1	5	218	218	0	0	0	5	[]	0	2
36	123456985	33	0	3	34	0	0	1	0	0	0	0	0	0	0	1	0	198	52	6	16	1	6	218	218	0	0	0	5	[]	0	2
37	123456985	32	1	3	34	0	0	1	0	0	0	0	0	0	0	1	0	198	54	6	16	1	6	218	218	0	0	0	5	[]	0	2
38	123456985	32	1	1	36	0	0	1	0	0	0	0	0	0	0	0	1	198	56	6	16	1	6	218	218	0	0	0	5	[]	0	2
39	123456985	31	2	0	37	0	0	0	1	0	0	0	0	0	0	0	1	198	56	6	16	1	6	218	218	0	0	0	6	[]	0	0
40	123456985	31	2	0	37	0	0	0	1	0	0	0	0	0	0	0	1	198	61	6	16	1	6	218	218	0	0	0	6	[]	0	0
41	123456985	31	1	1	37	0	0	0	1	0	0	0	0	0	0	0	1	216	62	6	16	1	6	218	218	0	0	0	6	[]	0	1
42	123456985	31	1	1	37	0	0	0	1	0	0	0	0	0	0	0	1	216	64	6	16	1	6	218	218	0	0	0	6	[]	0	1
43	123456985	30	1	2	37	0	0	0	1	0	0	0	0	0	0	0	1	216	66	6	16	1	6	218	218	0	0	0	7	[]	0	2
44	123456985	28	3	2	37	0	0	0	1	0	0	0	0	0	0	0	1	216	66	6	16	1	6	218	218	0	0	0	7	[]	0	2
45	123456985	28	3	2	37	0	0	0	1	0	0	0	0	0	0	0	1	216	70	6	16	1	6	218	218	0	0	0	7	[]	0	2
46	123456985	26	4	3	39	0	0	0	0	0	0	0	0	0	0	0	0	216	74	6	16	1	6	218	218	0	0	0	7	[]	0	2
47	123456985	25	4	3	40	0	0	0	0	0	0	0	0	0	0	0	0	216	74	6	16	1	6	218	218	0	0	0	7	[]	0	2
48	123456985	25	1	6	40	0	0	0	0	0	0	0	0	0	0	0	0	216	76	6	16	1	6	218	218	0	0	0	7	[]	0	3
49	123456985	25	1	4	42	0	0	0	0	0	0	0	0	0	0	0	0	216	76	6	16	1	6	218	218	0	0	0	7	[]	0	2
50	123456985	23	2	5	42	0	0	0	0	0	0	0	0	0	0	0	0	216	77	6	16	1	6	218	218	0	0	0	7	[]	0	2
51	123456985	21	4	3	44	0	0	0	0	0	0	0	0	0	0	0	0	216	78	6	16	1	6	218	218	0	0	0	7	[]	0	2
52	123456985	21	3	4	44	0	0	0	0	0	0	0	0	0	0	0	0	216	79	6	16	1	6	218	218	0	0	0	7	[]	0	2
53	123456985	20	3	5	44	0	0	0	0	0	0	0	0	0	0	0	0	216	81	6	16	1	6	218	218	0	0	0	7	[]	0	2
54	123456985	20	2	6	44	0	0	0	0	0	0	0	0	0	0	0	0	216	82	6	16	1	6	218	218	0	0	0	7	[]	0	2
55	123456985	20	2	2	45	0	0	2	0	0	0	0	0	0	0	1	0	235	85	7	18	1	7	218	218	0	0	0	7	[]	0	2
56	123456985	20	2	1	46	0	0	2	0	0	0	0	0	0	0	1	0	235	86	7	18	1	7	218	218	0	0	0	7	[]	0	2
57	123456985	20	1	2	46	0	0	2	0	0	0	0	0	0	0	0	1	235	88	7	18	1	7	218	218	0	0	0	7	[]	0	2
58	123456985	20	1	2	46	0	0	2	0	0	0	0	0	0	0	0	1	235	89	7	18	1	7	218	218	0	0	0	7	[]	0	2
59	123456985	20	1	2	46	0	0	2	0	0	0	0	0	0	0	0	1	235	89	7	18	1	7	218	218	0	0	0	7	[]	0	2
60	123456985	20	1	1	46	0	0	2	1	0	0	0	0	0	0	0	1	252	89	7	19	1	7	218	218	0	0	0	7	[]	0	2
