day	seedRun	susceptible	exposed	infected	removed	susceptible-in-quarantine	exposed-in-quarantine	infected-in-quarantine	removed-in-quarantine	susceptible-in-quarantine-external-1	exposed-in-quarantine-external-1	infected-in-quarantine-external-1	removed-in-quarantine-external-1	susceptible-in-quarantine-external-2	exposed-in-quarantine-external-2	infected-in-quarantine-external-2	removed-in-quarantine-external-2	num-of-screened-agents	num-of-screened-agents-external-1	num-of-screened-agents-external-2	num-of-positive-agents	num-of-positive-agents-external-1	num-of-positive-agents-external-2	num-vaccinated-susceptible	num-vaccinated-exposed	num-vaccinated-infected	num-vaccinated-removed	num-vaccinated-susceptible-in-quarantine	num-vaccinated-exposed-in-quarantine	num-vaccinated-infected-in-quarantine	num-vaccinated-removed-in-quarantine	num-vaccinated-susceptible-in-quarantine-external-1	num-vaccinated-exposed-in-quarantine-external-1	num-vaccinated-infected-in-quarantine-external-1	num-vaccinated-removed-in-quarantine-external-1	num-vaccinated-susceptible-in-quarantine-external-2	num-vaccinated-exposed-in-quarantine-external-2	num-vaccinated-infected-in-quarantine-external-2	num-vaccinated-removed-in-quarantine-external-2	num-infected-outside	classroom-in-quarantine	num-of-classroom-in-quarantine	classroom-with-at-least-one-infected
0	123457011	216	0	0	0	0	0	0	0	0	0	0	0	0	0	0	0	0	0	0	0	0	0	74	0	0	0	0	0	0	0	0	0	0	0	0	0	0	0	0	[]	0	0
1	123457011	216	0	0	0	0	0	0	0	0	0	0	0	0	0	0	0	0	1	0	0	0	0	74	0	0	0	0	0	0	0	0	0	0	0	0	0	0	0	0	[]	0	0
2	123457011	216	0	0	0	0	0	0	0	0	0	0	0	0	0	0	0	0	1	0	0	0	0	74	0	0	0	0	0	0	0	0	0	0	0	0	0	0	0	0	[]	0	0
3	123457011	216	0	0	0	0	0	0	0	0	0	0	0	0	0	0	0	0	1	0	0	0	0	74	0	0	0	0	0	0	0	0	0	0	0	0	0	0	0	0	[]	0	0
4	123457011	215	1	0	0	0	0	0	0	0	0	0	0	0	0	0	0	0	2	0	0	0	0	74	0	0	0	0	0	0	0	0	0	0	0	0	0	0	0	1	[]	0	0
5	123457011	212	3	1	0	0	0	0	0	0	0	0	0	0	0	0	0	0	3	0	0	0	0	74	0	0	0	0	0	0	0	0	0	0	0	0	0	0	0	1	[]	0	1
6	123457011	212	1	3	0	0	0	0	0	0	0	0	0	0	0	0	0	0	3	0	0	0	0	74	0	0	0	0	0	0	0	0	0	0	0	0	0	0	0	1	[]	0	1
7	123457011	212	1	3	0	0	0	0	0	0	0	0	0	0	0	0	0	0	3	0	0	0	0	74	0	0	0	0	0	0	0	0	0	0	0	0	0	0	0	1	[]	0	1
8	123457011	212	1	2	1	0	0	0	0	0	0	0	0	0	0	0	0	0	3	0	0	0	0	74	0	0	0	0	0	0	0	0	0	0	0	0	0	0	0	1	[]	0	1
9	123457011	208	4	2	2	0	0	0	0	0	0	0	0	0	0	0	0	0	6	0	0	0	0	74	0	0	0	0	0	0	0	0	0	0	0	0	0	0	0	1	[]	0	1
10	123457011	207	4	3	2	0	0	0	0	0	0	0	0	0	0	0	0	0	7	0	0	0	0	74	0	0	0	0	0	0	0	0	0	0	0	0	0	0	0	1	[]	0	1
11	123457011	204	7	3	2	0	0	0	0	0	0	0	0	0	0	0	0	0	10	0	0	0	0	74	0	0	0	0	0	0	0	0	0	0	0	0	0	0	0	1	[]	0	1
12	123457011	198	9	7	2	0	0	0	0	0	0	0	0	0	0	0	0	0	11	0	0	0	0	72	2	0	0	0	0	0	0	0	0	0	0	0	0	0	0	1	[]	0	1
13	123457011	198	7	9	2	0	0	0	0	0	0	0	0	0	0	0	0	0	13	0	0	0	0	72	0	2	0	0	0	0	0	0	0	0	0	0	0	0	0	1	[]	0	1
14	123457011	198	5	9	4	0	0	0	0	0	0	0	0	0	0	0	0	0	14	0	0	0	0	72	0	2	0	0	0	0	0	0	0	0	0	0	0	0	0	1	[]	0	2
15	123457011	195	7	10	4	0	0	0	0	0	0	0	0	0	0	0	0	0	14	0	0	0	0	72	0	2	0	0	0	0	0	0	0	0	0	0	0	0	0	1	[]	0	2
16	123457011	190	9	13	4	0	0	0	0	0	0	0	0	0	0	0	0	0	16	0	0	0	0	69	3	2	0	0	0	0	0	0	0	0	0	0	0	0	0	1	[]	0	3
17	123457011	185	11	12	7	0	0	0	0	0	0	0	0	0	0	1	0	0	17	1	0	0	1	69	2	3	0	0	0	0	0	0	0	0	0	0	0	0	0	1	[]	0	3
18	123457011	180	12	15	8	0	0	0	0	0	0	0	0	0	0	1	0	0	17	1	0	0	1	69	2	3	0	0	0	0	0	0	0	0	0	0	0	0	0	1	[]	0	3
19	123457011	169	16	19	10	0	0	0	0	0	0	0	0	0	0	2	0	0	17	2	0	0	2	68	3	3	0	0	0	0	0	0	0	0	0	0	0	0	0	1	[]	0	4
20	123457011	169	14	20	11	0	0	0	0	0	0	0	0	0	0	2	0	0	18	2	0	0	2	68	2	4	0	0	0	0	0	0	0	0	0	0	0	0	0	1	[]	0	4
21	123457011	169	8	23	14	0	0	0	0	0	0	0	0	0	0	2	0	0	19	2	0	0	2	68	1	5	0	0	0	0	0	0	0	0	0	0	0	0	0	1	[]	0	5
22	123457011	165	8	24	17	0	0	0	0	0	0	0	0	0	0	2	0	0	20	2	0	1	2	68	0	4	1	0	0	0	0	0	0	1	0	0	0	0	0	1	[]	0	5
23	123457011	154	15	24	21	0	0	0	0	0	0	0	0	0	0	2	0	0	21	2	0	1	2	66	2	3	2	0	0	0	0	0	0	1	0	0	0	0	0	1	[]	0	7
24	123457011	142	23	24	25	0	0	0	0	0	0	0	0	0	0	2	0	0	21	2	0	1	2	65	3	2	3	0	0	0	0	0	0	1	0	0	0	0	0	1	[]	0	7
25	123457011	129	27	29	29	0	0	0	0	0	0	0	0	0	0	2	0	0	21	2	0	1	2	64	4	2	3	0	0	0	0	0	0	1	0	0	0	0	0	1	[]	0	8
26	123457011	119	33	30	32	0	0	0	0	0	0	0	0	0	0	2	0	0	22	2	0	1	2	63	3	4	3	0	0	0	0	0	0	1	0	0	0	0	0	1	[]	0	8
27	123457011	119	25	34	36	0	0	0	0	0	0	0	0	0	0	2	0	0	22	2	0	1	2	63	2	5	3	0	0	0	0	0	0	1	0	0	0	0	0	1	[]	0	8
28	123457011	119	18	35	42	0	0	0	0	0	0	0	0	0	0	1	1	0	22	2	0	1	2	63	2	4	4	0	0	0	0	0	0	0	1	0	0	0	0	1	[]	0	8
29	123457011	106	27	31	47	0	0	0	0	0	0	0	0	0	0	4	1	0	22	5	0	1	5	62	3	3	5	0	0	0	0	0	0	0	1	0	0	0	0	1	[]	0	9
30	123457011	96	28	35	52	0	0	0	0	0	0	0	0	0	0	4	1	0	23	5	0	1	5	62	1	5	5	0	0	0	0	0	0	0	1	0	0	0	0	1	[]	0	10
31	123457011	86	33	36	57	0	0	0	0	0	0	0	0	0	0	4	0	0	23	5	0	1	5	61	2	5	5	0	0	0	0	0	0	0	1	0	0	0	0	1	[]	0	10
32	123457011	74	36	40	62	0	0	0	0	0	0	0	0	0	0	3	1	0	24	5	0	1	5	59	3	6	5	0	0	0	0	0	0	0	1	0	0	0	0	1	[]	0	11
33	123457011	64	40	41	68	0	0	0	0	0	0	0	0	0	0	2	1	0	25	5	0	1	5	53	9	6	5	0	0	0	0	0	0	0	1	0	0	0	0	1	[]	0	10
34	123457011	64	27	48	73	0	0	0	0	0	0	0	0	0	0	3	1	0	25	6	0	1	6	53	8	6	6	0	0	0	0	0	0	0	1	0	0	0	0	1	[]	0	10
35	123457011	64	17	52	79	0	0	0	0	0	0	0	0	0	0	3	1	0	25	6	0	1	6	53	4	10	6	0	0	0	0	0	0	0	1	0	0	0	0	1	[]	0	11
36	123457011	58	19	51	84	0	0	0	0	0	0	0	0	0	0	3	1	0	26	6	0	1	6	52	4	10	8	0	0	0	0	0	0	0	0	0	0	0	0	1	[]	0	11
37	123457011	45	24	50	92	0	0	0	0	0	0	1	0	0	0	3	1	0	27	6	0	2	6	51	4	9	10	0	0	0	0	0	0	0	0	0	0	0	0	1	[]	0	11
38	123457011	39	25	44	102	0	0	0	0	0	0	2	0	0	0	3	1	0	29	6	0	3	6	48	7	8	11	0	0	0	0	0	0	0	0	0	0	0	0	1	[]	0	11
39	123457011	37	21	43	109	0	0	0	0	0	0	2	0	0	0	3	1	0	29	6	0	3	6	48	5	9	12	0	0	0	0	0	0	0	0	0	0	0	0	1	[]	0	10
40	123457011	30	22	42	116	0	0	0	0	0	0	2	0	0	0	3	1	0	29	6	0	3	6	44	7	11	12	0	0	0	0	0	0	0	0	0	0	0	0	1	[]	0	10
41	123457011	30	15	44	120	0	0	0	0	0	0	3	0	0	0	3	1	0	30	6	0	4	6	44	5	12	13	0	0	0	0	0	0	0	0	0	0	0	0	1	[]	0	10
42	123457011	30	11	41	126	0	0	0	0	0	0	3	0	0	0	3	2	0	30	7	0	4	7	44	3	12	15	0	0	0	0	0	0	0	0	0	0	0	0	1	[]	0	10
43	123457011	21	17	39	134	0	0	0	0	0	0	3	0	0	0	1	1	0	32	7	0	4	7	43	2	11	18	0	0	0	0	0	0	0	0	0	0	0	0	1	[]	0	9
44	123457011	20	14	35	142	0	0	0	0	0	0	3	0	0	0	1	1	0	32	7	0	4	7	43	2	9	20	0	0	0	0	0	0	0	0	0	0	0	0	1	[]	0	9
45	123457011	18	11	35	147	0	0	0	0	0	0	3	0	0	0	0	2	0	34	7	0	4	7	42	3	8	21	0	0	0	0	0	0	0	0	0	0	0	0	1	[]	0	8
46	123457011	17	9	38	147	0	0	0	0	0	0	3	0	0	0	0	2	0	35	7	0	4	7	42	2	7	23	0	0	0	0	0	0	0	0	0	0	0	0	1	[]	0	8
47	123457011	16	10	33	151	0	0	0	0	0	0	3	0	0	0	1	2	0	35	8	0	4	8	41	3	4	26	0	0	0	0	0	0	0	0	0	0	0	0	1	[]	0	8
48	123457011	16	8	33	153	0	0	0	0	0	0	2	1	0	0	2	1	0	35	9	0	4	9	41	3	2	28	0	0	0	0	0	0	0	0	0	0	0	0	1	[]	0	8
49	123457011	16	5	33	156	0	0	0	0	0	0	2	1	0	0	2	1	0	35	9	0	4	9	41	2	2	29	0	0	0	0	0	0	0	0	0	0	0	0	1	[]	0	8
50	123457011	16	3	29	162	0	0	0	0	0	0	1	2	0	0	2	1	0	37	9	0	4	9	41	2	2	29	0	0	0	0	0	0	0	0	0	0	0	0	1	[]	0	8
51	123457011	15	2	24	170	0	0	0	0	0	0	1	1	0	0	1	2	0	38	9	0	4	9	41	2	2	29	0	0	0	0	0	0	0	0	0	0	0	0	1	[]	0	9
52	123457011	11	6	17	177	0	0	0	0	0	0	0	1	0	0	2	2	0	38	10	0	4	10	41	2	2	29	0	0	0	0	0	0	0	0	0	0	0	0	1	[]	0	7
53	123457011	8	6	17	180	0	0	0	0	0	0	0	1	0	0	2	2	0	38	10	0	4	10	40	3	1	30	0	0	0	0	0	0	0	0	0	0	0	0	1	[]	0	7
54	123457011	5	6	15	185	0	0	0	0	0	0	0	1	0	0	2	2	0	38	10	0	4	10	39	2	3	30	0	0	0	0	0	0	0	0	0	0	0	0	1	[]	0	7
55	123457011	5	4	13	189	0	0	0	0	0	0	1	0	0	0	1	3	0	39	10	0	5	10	39	1	4	30	0	0	0	0	0	0	0	0	0	0	0	0	1	[]	0	6
56	123457011	5	4	12	191	0	0	0	0	0	0	1	0	0	0	1	2	0	41	10	0	5	10	39	0	5	30	0	0	0	0	0	0	0	0	0	0	0	0	1	[]	0	6
57	123457011	4	5	11	192	0	0	0	0	0	0	1	0	0	0	1	2	0	41	10	0	5	10	39	0	4	31	0	0	0	0	0	0	0	0	0	0	0	0	1	[]	0	6
58	123457011	1	7	11	192	0	0	0	0	0	0	2	0	0	0	1	2	0	42	10	0	6	10	39	0	2	33	0	0	0	0	0	0	0	0	0	0	0	0	1	[]	0	6
59	123457011	1	7	8	195	0	0	0	0	0	0	2	0	0	0	0	3	0	42	10	0	6	10	39	0	1	34	0	0	0	0	0	0	0	0	0	0	0	0	1	[]	0	5
60	123457011	0	4	12	195	0	0	0	0	0	0	2	0	0	0	0	3	0	45	10	0	6	10	38	1	1	34	0	0	0	0	0	0	0	0	0	0	0	0	1	[]	0	5
