day	seedRun	susceptible	exposed	infected	removed	susceptible-in-quarantine	exposed-in-quarantine	infected-in-quarantine	removed-in-quarantine	susceptible-in-quarantine-external-1	exposed-in-quarantine-external-1	infected-in-quarantine-external-1	removed-in-quarantine-external-1	susceptible-in-quarantine-external-2	exposed-in-quarantine-external-2	infected-in-quarantine-external-2	removed-in-quarantine-external-2	num-of-screened-agents	num-of-screened-agents-external-1	num-of-screened-agents-external-2	num-of-positive-agents	num-of-positive-agents-external-1	num-of-positive-agents-external-2	num-vaccinated-susceptible	num-vaccinated-exposed	num-vaccinated-infected	num-vaccinated-removed	num-vaccinated-susceptible-in-quarantine	num-vaccinated-exposed-in-quarantine	num-vaccinated-infected-in-quarantine	num-vaccinated-removed-in-quarantine	num-vaccinated-susceptible-in-quarantine-external-1	num-vaccinated-exposed-in-quarantine-external-1	num-vaccinated-infected-in-quarantine-external-1	num-vaccinated-removed-in-quarantine-external-1	num-vaccinated-susceptible-in-quarantine-external-2	num-vaccinated-exposed-in-quarantine-external-2	num-vaccinated-infected-in-quarantine-external-2	num-vaccinated-removed-in-quarantine-external-2	num-infected-outside	classroom-in-quarantine	num-of-classroom-in-quarantine	classroom-with-at-least-one-infected
0	123456850	216	0	0	0	0	0	0	0	0	0	0	0	0	0	0	0	0	0	0	0	0	0	74	0	0	0	0	0	0	0	0	0	0	0	0	0	0	0	0	[]	0	0
1	123456850	216	0	0	0	0	0	0	0	0	0	0	0	0	0	0	0	0	0	0	0	0	0	74	0	0	0	0	0	0	0	0	0	0	0	0	0	0	0	0	[]	0	0
2	123456850	216	0	0	0	0	0	0	0	0	0	0	0	0	0	0	0	0	0	0	0	0	0	74	0	0	0	0	0	0	0	0	0	0	0	0	0	0	0	0	[]	0	0
3	123456850	215	1	0	0	0	0	0	0	0	0	0	0	0	0	0	0	0	2	0	0	0	0	74	0	0	0	0	0	0	0	0	0	0	0	0	0	0	0	1	[]	0	0
4	123456850	215	1	0	0	0	0	0	0	0	0	0	0	0	0	0	0	0	4	0	0	0	0	74	0	0	0	0	0	0	0	0	0	0	0	0	0	0	0	1	[]	0	0
5	123456850	212	3	1	0	0	0	0	0	0	0	0	0	0	0	0	0	0	5	0	0	0	0	74	0	0	0	0	0	0	0	0	0	0	0	0	0	0	0	3	[]	0	1
6	123456850	212	3	1	0	0	0	0	0	0	0	0	0	0	0	0	0	0	6	0	0	0	0	74	0	0	0	0	0	0	0	0	0	0	0	0	0	0	0	3	[]	0	1
7	123456850	211	4	1	0	0	0	0	0	0	0	0	0	0	0	0	0	0	7	0	0	0	0	74	0	0	0	0	0	0	0	0	0	0	0	0	0	0	0	4	[]	0	1
8	123456850	210	5	1	0	0	0	0	0	0	0	0	0	0	0	0	0	0	8	0	0	0	0	74	0	0	0	0	0	0	0	0	0	0	0	0	0	0	0	4	[]	0	1
9	123456850	204	9	2	0	0	0	0	0	0	0	0	0	0	0	1	0	0	11	1	0	0	1	74	0	0	0	0	0	0	0	0	0	0	0	0	0	0	0	4	[]	0	2
10	123456850	198	13	4	0	0	0	0	0	0	0	0	0	0	0	1	0	0	14	1	0	0	1	74	0	0	0	0	0	0	0	0	0	0	0	0	0	0	0	5	[]	0	2
11	123456850	194	16	3	2	0	0	0	0	0	0	0	0	0	0	1	0	0	15	1	0	0	1	74	0	0	0	0	0	0	0	0	0	0	0	0	0	0	0	6	[]	0	2
12	123456850	192	15	6	2	0	0	0	0	0	0	0	0	0	0	1	0	0	15	1	0	0	1	73	1	0	0	0	0	0	0	0	0	0	0	0	0	0	0	6	[]	0	2
13	123456850	192	13	7	3	0	0	0	0	0	0	0	0	0	0	1	0	0	17	1	0	0	1	73	0	1	0	0	0	0	0	0	0	0	0	0	0	0	0	6	[]	0	3
14	123456850	192	12	6	5	0	0	0	0	0	0	0	0	0	0	1	0	0	17	1	0	0	1	73	0	1	0	0	0	0	0	0	0	0	0	0	0	0	0	6	[]	0	3
15	123456850	185	14	9	7	0	0	0	0	0	0	0	0	0	0	1	0	0	18	1	0	0	1	69	4	1	0	0	0	0	0	0	0	0	0	0	0	0	0	6	[]	0	3
16	123456850	184	11	12	8	0	0	0	0	0	0	0	0	0	0	1	0	0	20	1	0	0	1	67	4	3	0	0	0	0	0	0	0	0	0	0	0	0	0	6	[]	0	3
17	123456850	179	13	13	10	0	0	0	0	0	0	0	0	0	0	1	0	0	24	1	0	0	1	67	2	5	0	0	0	0	0	0	0	0	0	0	0	0	0	7	[]	0	3
18	123456850	172	16	13	13	0	0	0	0	0	0	0	0	0	0	2	0	0	24	2	0	0	2	67	1	6	0	0	0	0	0	0	0	0	0	0	0	0	0	7	[]	0	4
19	123456850	163	24	13	13	0	0	0	0	0	0	1	0	0	0	2	0	0	27	2	0	1	2	67	1	3	3	0	0	0	0	0	0	0	0	0	0	0	0	7	[]	0	4
20	123456850	163	18	18	14	0	0	0	0	0	0	0	1	0	0	1	1	0	27	2	0	1	2	67	1	0	6	0	0	0	0	0	0	0	0	0	0	0	0	7	[]	0	5
21	123456850	163	10	25	14	0	0	0	0	0	0	0	1	0	0	2	1	0	27	3	0	1	3	67	1	0	6	0	0	0	0	0	0	0	0	0	0	0	0	7	[]	0	7
22	123456850	148	22	25	17	0	0	0	0	0	0	0	1	0	0	1	2	0	27	3	0	1	3	64	4	0	6	0	0	0	0	0	0	0	0	0	0	0	0	7	[]	0	7
23	123456850	130	35	27	21	0	0	0	0	0	0	0	1	0	0	0	2	0	27	3	0	1	3	64	4	0	6	0	0	0	0	0	0	0	0	0	0	0	0	8	[]	0	7
24	123456850	114	38	36	25	0	0	0	0	0	0	0	1	0	0	0	2	0	29	3	0	1	3	61	4	3	6	0	0	0	0	0	0	0	0	0	0	0	0	8	[]	0	7
25	123456850	95	43	41	33	0	0	0	0	0	0	0	1	0	0	1	2	0	30	4	0	1	4	59	3	5	7	0	0	0	0	0	0	0	0	0	0	0	0	8	[]	0	8
26	123456850	87	42	45	38	0	0	0	0	0	0	0	1	0	0	1	2	0	31	4	0	1	4	57	4	5	8	0	0	0	0	0	0	0	0	0	0	0	0	8	[]	0	8
27	123456850	87	29	52	44	0	0	0	0	0	0	0	1	0	0	1	2	0	31	4	0	1	4	57	2	6	9	0	0	0	0	0	0	0	0	0	0	0	0	8	[]	0	9
28	123456850	87	23	53	49	0	0	0	0	0	0	0	1	0	0	0	3	0	32	4	0	1	4	57	0	7	10	0	0	0	0	0	0	0	0	0	0	0	0	8	[]	0	9
29	123456850	76	28	51	57	0	0	0	0	0	0	0	1	0	0	0	3	0	32	4	0	1	4	55	2	7	10	0	0	0	0	0	0	0	0	0	0	0	0	8	[]	0	9
30	123456850	67	30	52	63	0	0	0	0	0	0	0	1	0	0	0	3	0	32	4	0	1	4	55	1	7	11	0	0	0	0	0	0	0	0	0	0	0	0	8	[]	0	9
31	123456850	61	30	53	68	0	0	0	0	0	0	0	1	0	0	0	3	0	33	4	0	1	4	54	2	5	13	0	0	0	0	0	0	0	0	0	0	0	0	9	[]	0	9
32	123456850	54	28	50	81	0	0	0	0	0	0	0	1	0	0	0	2	0	34	4	0	1	4	51	4	5	14	0	0	0	0	0	0	0	0	0	0	0	0	9	[]	0	10
33	123456850	42	29	53	90	0	0	0	0	0	0	0	0	0	0	0	2	0	35	4	0	1	4	50	3	7	14	0	0	0	0	0	0	0	0	0	0	0	0	9	[]	0	10
34	123456850	42	20	55	95	0	0	0	0	0	0	0	0	0	0	2	2	0	35	6	0	1	6	50	0	9	15	0	0	0	0	0	0	0	0	0	0	0	0	9	[]	0	10
35	123456850	42	10	51	108	0	0	0	0	0	0	0	0	0	0	4	1	0	38	8	0	1	8	50	0	9	15	0	0	0	0	0	0	0	0	0	0	0	0	9	[]	0	10
36	123456850	34	16	47	114	0	0	0	0	0	0	0	0	0	0	4	1	0	38	8	0	1	8	50	0	8	16	0	0	0	0	0	0	0	0	0	0	0	0	9	[]	0	10
37	123456850	28	18	46	118	0	0	0	0	0	0	1	0	0	0	3	2	0	40	8	0	2	8	47	3	6	18	0	0	0	0	0	0	0	0	0	0	0	0	9	[]	0	10
38	123456850	24	18	43	125	0	0	0	0	0	0	1	0	0	0	1	4	0	40	8	0	2	8	47	2	7	18	0	0	0	0	0	0	0	0	0	0	0	0	9	[]	0	10
39	123456850	19	16	45	131	0	0	0	0	0	0	0	1	0	0	1	3	0	40	9	0	2	9	46	3	4	20	0	0	0	0	0	0	0	0	0	0	1	0	9	[]	0	10
40	123456850	17	15	42	137	0	0	0	0	0	0	0	1	0	0	1	3	0	40	9	0	2	9	45	4	3	21	0	0	0	0	0	0	0	0	0	0	1	0	9	[]	0	10
41	123456850	17	10	41	143	0	0	0	0	0	0	0	1	0	0	0	4	0	40	9	0	2	9	45	4	3	21	0	0	0	0	0	0	0	0	0	0	1	0	9	[]	0	11
42	123456850	17	9	38	147	0	0	0	0	0	0	0	1	0	0	0	4	0	41	9	0	2	9	45	3	4	21	0	0	0	0	0	0	0	0	0	0	1	0	9	[]	0	11
43	123456850	14	8	37	152	0	0	0	0	0	0	0	1	0	0	0	4	0	42	9	0	2	9	43	4	5	21	0	0	0	0	0	0	0	0	0	0	1	0	9	[]	0	11
44	123456850	14	6	31	160	0	0	0	0	0	0	0	1	0	0	0	4	0	42	9	0	2	9	42	4	5	22	0	0	0	0	0	0	0	0	0	0	1	0	9	[]	0	9
45	123456850	13	5	30	163	0	0	0	0	0	0	0	1	0	0	0	4	0	43	9	0	2	9	41	5	4	23	0	0	0	0	0	0	0	0	0	0	1	0	9	[]	0	10
46	123456850	10	6	27	168	0	0	0	0	0	0	0	1	0	0	0	4	0	44	9	0	2	9	41	5	3	24	0	0	0	0	0	0	0	0	0	0	1	0	9	[]	0	9
47	123456850	9	7	21	174	0	0	0	0	0	0	0	1	0	0	0	4	0	45	9	0	2	9	41	4	3	25	0	0	0	0	0	0	0	0	0	0	1	0	9	[]	0	9
48	123456850	9	6	18	180	0	0	0	0	0	0	0	1	0	0	0	2	0	46	9	0	2	9	41	3	4	25	0	0	0	0	0	0	0	0	0	0	1	0	9	[]	0	8
49	123456850	9	3	18	184	0	0	0	0	0	0	1	1	0	0	0	0	0	47	9	0	3	9	41	3	3	26	0	0	0	0	0	0	0	0	0	0	1	0	9	[]	0	8
50	123456850	7	2	20	185	0	0	0	0	0	0	1	1	0	0	0	0	0	47	9	0	3	9	40	4	3	26	0	0	0	0	0	0	0	0	0	0	1	0	9	[]	0	8
51	123456850	4	3	22	186	0	0	0	0	0	0	1	0	0	0	0	0	0	49	9	0	3	9	39	4	3	27	0	0	0	0	0	0	0	0	0	0	0	1	9	[]	0	8
52	123456850	2	4	18	191	0	0	0	0	0	0	1	0	0	0	0	0	0	49	9	0	3	9	38	5	3	27	0	0	0	0	0	0	0	0	0	0	0	1	9	[]	0	7
53	123456850	1	3	17	194	0	0	0	0	0	0	1	0	0	0	0	0	0	50	9	0	3	9	37	5	3	29	0	0	0	0	0	0	0	0	0	0	0	0	9	[]	0	6
54	123456850	1	3	13	197	0	0	0	0	0	0	1	1	0	0	0	0	0	51	9	0	4	9	37	3	4	30	0	0	0	0	0	0	0	0	0	0	0	0	9	[]	0	7
55	123456850	1	2	12	198	0	0	0	0	0	0	2	1	0	0	0	0	0	53	9	0	6	9	37	2	3	31	0	0	0	0	0	0	1	0	0	0	0	0	9	[]	0	6
56	123456850	1	1	11	200	0	0	0	0	0	0	2	1	0	0	0	0	0	53	9	0	6	9	37	1	4	31	0	0	0	0	0	0	1	0	0	0	0	0	9	[]	0	6
57	123456850	1	1	8	203	0	0	0	0	0	0	1	2	0	0	0	0	0	54	9	0	6	9	36	2	4	31	0	0	0	0	0	0	1	0	0	0	0	0	9	[]	0	6
58	123456850	1	1	7	204	0	0	0	0	0	0	1	2	0	0	0	0	0	57	9	0	6	9	36	2	4	31	0	0	0	0	0	0	1	0	0	0	0	0	9	[]	0	6
59	123456850	1	1	6	205	0	0	0	0	0	0	1	2	0	0	0	0	0	59	9	0	6	9	36	2	2	33	0	0	0	0	0	0	1	0	0	0	0	0	9	[]	0	6
60	123456850	1	0	7	205	0	0	0	0	0	0	1	2	0	0	0	0	0	61	9	0	6	9	36	2	2	33	0	0	0	0	0	0	1	0	0	0	0	0	9	[]	0	6
