day	seedRun	susceptible	exposed	infected	removed	susceptible-in-quarantine	exposed-in-quarantine	infected-in-quarantine	removed-in-quarantine	susceptible-in-quarantine-external-1	exposed-in-quarantine-external-1	infected-in-quarantine-external-1	removed-in-quarantine-external-1	susceptible-in-quarantine-external-2	exposed-in-quarantine-external-2	infected-in-quarantine-external-2	removed-in-quarantine-external-2	num-of-screened-agents	num-of-screened-agents-external-1	num-of-screened-agents-external-2	num-of-positive-agents	num-of-positive-agents-external-1	num-of-positive-agents-external-2	num-vaccinated-susceptible	num-vaccinated-exposed	num-vaccinated-infected	num-vaccinated-removed	num-vaccinated-susceptible-in-quarantine	num-vaccinated-exposed-in-quarantine	num-vaccinated-infected-in-quarantine	num-vaccinated-removed-in-quarantine	num-vaccinated-susceptible-in-quarantine-external-1	num-vaccinated-exposed-in-quarantine-external-1	num-vaccinated-infected-in-quarantine-external-1	num-vaccinated-removed-in-quarantine-external-1	num-vaccinated-susceptible-in-quarantine-external-2	num-vaccinated-exposed-in-quarantine-external-2	num-vaccinated-infected-in-quarantine-external-2	num-vaccinated-removed-in-quarantine-external-2	num-infected-outside	classroom-in-quarantine	num-of-classroom-in-quarantine	classroom-with-at-least-one-infected
0	123457038	216	0	0	0	0	0	0	0	0	0	0	0	0	0	0	0	0	0	0	0	0	0	74	0	0	0	0	0	0	0	0	0	0	0	0	0	0	0	0	[]	0	0
1	123457038	216	0	0	0	0	0	0	0	0	0	0	0	0	0	0	0	0	1	0	0	0	0	74	0	0	0	0	0	0	0	0	0	0	0	0	0	0	0	0	[]	0	0
2	123457038	215	1	0	0	0	0	0	0	0	0	0	0	0	0	0	0	0	1	0	0	0	0	74	0	0	0	0	0	0	0	0	0	0	0	0	0	0	0	1	[]	0	0
3	123457038	211	4	1	0	0	0	0	0	0	0	0	0	0	0	0	0	0	2	0	0	0	0	74	0	0	0	0	0	0	0	0	0	0	0	0	0	0	0	1	[]	0	1
4	123457038	209	6	1	0	0	0	0	0	0	0	0	0	0	0	0	0	0	4	0	0	0	0	74	0	0	0	0	0	0	0	0	0	0	0	0	0	0	0	1	[]	0	1
5	123457038	207	7	2	0	0	0	0	0	0	0	0	0	0	0	0	0	0	5	0	0	0	0	74	0	0	0	0	0	0	0	0	0	0	0	0	0	0	0	1	[]	0	1
6	123457038	207	7	1	1	0	0	0	0	0	0	0	0	0	0	0	0	0	8	0	0	0	0	74	0	0	0	0	0	0	0	0	0	0	0	0	0	0	0	1	[]	0	1
7	123457038	207	6	2	1	0	0	0	0	0	0	0	0	0	0	0	0	0	9	0	0	0	0	74	0	0	0	0	0	0	0	0	0	0	0	0	0	0	0	1	[]	0	1
8	123457038	201	9	5	1	0	0	0	0	0	0	0	0	0	0	0	0	0	9	0	0	0	0	74	0	0	0	0	0	0	0	0	0	0	0	0	0	0	0	1	[]	0	1
9	123457038	201	6	8	1	0	0	0	0	0	0	0	0	0	0	0	0	0	10	0	0	0	0	73	1	0	0	0	0	0	0	0	0	0	0	0	0	0	0	1	[]	0	1
10	123457038	200	6	8	2	0	0	0	0	0	0	0	0	0	0	0	0	0	11	0	0	0	0	73	0	1	0	0	0	0	0	0	0	0	0	0	0	0	0	1	[]	0	1
11	123457038	199	5	8	4	0	0	0	0	0	0	0	0	0	0	0	0	0	12	0	0	0	0	73	0	1	0	0	0	0	0	0	0	0	0	0	0	0	0	1	[]	0	1
12	123457038	196	6	8	5	0	0	0	0	0	0	0	0	0	0	1	0	0	12	1	0	0	1	73	0	1	0	0	0	0	0	0	0	0	0	0	0	0	0	1	[]	0	1
13	123457038	195	5	10	5	0	0	0	0	0	0	0	0	0	0	1	0	0	13	1	0	0	1	73	0	1	0	0	0	0	0	0	0	0	0	0	0	0	0	1	[]	0	3
14	123457038	195	2	13	5	0	0	0	0	0	0	0	0	0	0	0	1	0	14	1	0	0	1	73	0	1	0	0	0	0	0	0	0	0	0	0	0	0	0	1	[]	0	3
15	123457038	194	3	12	5	0	0	0	0	0	0	1	0	0	0	0	1	0	16	1	0	1	1	73	0	1	0	0	0	0	0	0	0	0	0	0	0	0	0	1	[]	0	3
16	123457038	189	6	13	6	0	0	0	0	0	0	1	0	0	0	0	1	0	17	1	0	1	1	72	1	1	0	0	0	0	0	0	0	0	0	0	0	0	0	2	[]	0	3
17	123457038	185	8	14	7	0	0	0	0	0	0	1	0	0	0	0	1	0	17	1	0	1	1	72	1	1	0	0	0	0	0	0	0	0	0	0	0	0	0	2	[]	0	2
18	123457038	178	11	18	7	0	0	0	0	0	0	1	0	0	0	0	1	0	20	1	0	1	1	72	0	1	1	0	0	0	0	0	0	0	0	0	0	0	0	2	[]	0	3
19	123457038	168	16	21	9	0	0	0	0	0	0	1	0	0	0	0	1	0	21	1	0	1	1	72	0	1	1	0	0	0	0	0	0	0	0	0	0	0	0	2	[]	0	3
20	123457038	167	13	23	11	0	0	0	0	0	0	1	0	0	0	0	1	0	21	1	0	1	1	72	0	1	1	0	0	0	0	0	0	0	0	0	0	0	0	3	[]	0	3
21	123457038	167	10	25	12	0	0	0	0	0	0	1	0	0	0	0	1	0	21	1	0	1	1	72	0	1	1	0	0	0	0	0	0	0	0	0	0	0	0	3	[]	0	4
22	123457038	156	17	25	16	0	0	0	0	0	0	1	0	0	0	0	1	0	21	1	0	1	1	71	1	1	1	0	0	0	0	0	0	0	0	0	0	0	0	3	[]	0	5
23	123457038	151	17	25	20	0	0	0	0	0	0	1	0	0	0	1	1	0	21	2	0	1	2	71	1	1	1	0	0	0	0	0	0	0	0	0	0	0	0	3	[]	0	5
24	123457038	148	17	24	23	0	0	0	0	0	0	2	0	0	0	0	2	0	22	2	0	2	2	70	1	2	1	0	0	0	0	0	0	0	0	0	0	0	0	3	[]	0	5
25	123457038	141	20	24	27	0	0	0	0	0	0	2	0	0	0	0	2	0	22	2	0	2	2	68	2	3	1	0	0	0	0	0	0	0	0	0	0	0	0	3	[]	0	6
26	123457038	135	22	24	31	0	0	0	0	0	0	2	0	0	0	1	1	0	24	3	0	2	3	64	4	5	1	0	0	0	0	0	0	0	0	0	0	0	0	3	[]	0	6
27	123457038	135	18	25	33	0	0	0	0	0	0	3	0	0	0	1	1	0	25	3	0	3	3	64	2	6	2	0	0	0	0	0	0	0	0	0	0	0	0	3	[]	0	7
28	123457038	135	12	28	36	0	0	0	0	0	0	3	0	0	0	1	1	0	25	3	0	3	3	64	1	6	3	0	0	0	0	0	0	0	0	0	0	0	0	3	[]	0	8
29	123457038	119	23	29	41	0	0	0	0	0	0	2	0	0	0	1	1	0	25	3	0	3	3	61	3	6	4	0	0	0	0	0	0	0	0	0	0	0	0	3	[]	0	8
30	123457038	106	29	32	45	0	0	0	0	0	0	2	0	0	0	1	1	0	26	3	0	3	3	60	3	5	6	0	0	0	0	0	0	0	0	0	0	0	0	3	[]	0	8
31	123457038	94	32	34	52	0	0	0	0	0	0	1	1	0	0	0	2	0	28	3	0	3	3	60	1	4	9	0	0	0	0	0	0	0	0	0	0	0	0	3	[]	0	9
32	123457038	81	37	35	59	0	0	0	0	0	0	1	1	0	0	0	2	0	28	3	0	3	3	60	1	3	10	0	0	0	0	0	0	0	0	0	0	0	0	3	[]	0	9
33	123457038	69	38	40	65	0	0	0	0	0	0	1	1	0	0	0	2	0	28	3	0	3	3	59	2	2	11	0	0	0	0	0	0	0	0	0	0	0	0	3	[]	0	8
34	123457038	69	31	46	66	0	0	0	0	0	0	1	1	0	0	0	2	0	28	3	0	3	3	59	1	2	12	0	0	0	0	0	0	0	0	0	0	0	0	3	[]	0	8
35	123457038	69	22	50	71	0	0	0	0	0	0	1	1	0	0	0	2	0	29	3	0	3	3	59	1	2	12	0	0	0	0	0	0	0	0	0	0	0	0	3	[]	0	8
36	123457038	60	27	49	76	0	0	0	0	0	0	1	1	0	0	0	2	0	30	3	0	3	3	56	4	2	12	0	0	0	0	0	0	0	0	0	0	0	0	3	[]	0	8
37	123457038	52	28	45	88	0	0	0	0	0	0	1	1	0	0	0	1	0	30	3	0	3	3	54	5	2	13	0	0	0	0	0	0	0	0	0	0	0	0	4	[]	0	8
38	123457038	48	23	53	89	0	0	0	0	0	0	0	1	0	0	1	1	0	30	4	0	3	4	53	2	5	14	0	0	0	0	0	0	0	0	0	0	0	0	4	[]	0	9
39	123457038	45	22	49	96	0	0	0	0	0	0	0	1	0	0	2	1	0	31	5	0	3	5	51	4	4	15	0	0	0	0	0	0	0	0	0	0	0	0	4	[]	0	9
40	123457038	45	15	48	104	0	0	0	0	0	0	0	1	0	0	2	1	0	31	6	0	3	6	50	3	6	15	0	0	0	0	0	0	0	0	0	0	0	0	4	[]	0	9
41	123457038	45	11	44	111	0	0	0	0	0	0	2	0	0	0	1	2	0	33	6	0	5	6	50	1	7	16	0	0	0	0	0	0	0	0	0	0	0	0	4	[]	0	9
42	123457038	45	8	43	114	0	0	0	0	0	0	2	1	0	0	1	2	0	35	6	0	6	6	50	0	8	16	0	0	0	0	0	0	0	0	0	0	0	0	4	[]	0	9
43	123457038	39	12	36	122	0	0	0	0	0	0	2	1	0	0	2	2	0	36	7	0	6	7	49	1	8	16	0	0	0	0	0	0	0	0	0	0	0	0	4	[]	0	8
44	123457038	29	14	38	127	0	0	0	0	0	0	2	1	0	0	3	2	0	37	8	0	6	8	49	1	8	16	0	0	0	0	0	0	0	0	0	0	0	0	5	[]	0	10
45	123457038	20	21	35	131	0	0	0	0	0	0	3	1	0	0	2	3	0	38	8	0	7	8	49	1	8	16	0	0	0	0	0	0	0	0	0	0	0	0	5	[]	0	10
46	123457038	17	17	36	136	0	0	0	0	0	0	4	1	0	0	2	3	0	39	8	0	8	8	49	1	8	16	0	0	0	0	0	0	0	0	0	0	0	0	5	[]	0	10
47	123457038	13	19	32	142	0	0	0	0	0	0	3	2	0	0	2	3	0	39	8	0	8	8	46	4	5	19	0	0	0	0	0	0	0	0	0	0	0	0	5	[]	0	9
48	123457038	13	12	31	150	0	0	0	0	0	0	3	2	0	0	2	3	0	40	8	0	8	8	46	3	4	21	0	0	0	0	0	0	0	0	0	0	0	0	5	[]	0	9
49	123457038	13	9	29	154	0	0	0	0	0	0	3	3	0	0	2	3	0	44	8	0	9	8	46	1	5	22	0	0	0	0	0	0	0	0	0	0	0	0	5	[]	0	7
50	123457038	5	14	28	158	0	0	0	0	0	0	3	3	0	0	2	3	0	45	8	0	9	8	46	1	5	22	0	0	0	0	0	0	0	0	0	0	0	0	5	[]	0	7
51	123457038	1	15	27	161	0	0	0	0	0	0	3	4	0	0	1	4	0	47	8	0	10	8	46	1	5	22	0	0	0	0	0	0	0	0	0	0	0	0	5	[]	0	6
52	123457038	1	11	25	168	0	0	0	0	0	0	3	4	0	0	1	3	0	48	8	0	10	8	45	2	3	24	0	0	0	0	0	0	0	0	0	0	0	0	5	[]	0	6
53	123457038	0	11	25	170	0	0	0	0	0	0	3	4	0	0	1	2	0	51	8	0	10	8	45	1	2	26	0	0	0	0	0	0	0	0	0	0	0	0	5	[]	0	6
54	123457038	0	9	23	175	0	0	0	0	0	0	3	4	0	0	1	1	0	51	8	0	10	8	45	1	1	27	0	0	0	0	0	0	0	0	0	0	0	0	5	[]	0	6
55	123457038	0	7	23	179	0	0	0	0	0	0	2	3	0	0	0	2	0	51	8	0	10	8	45	1	0	28	0	0	0	0	0	0	0	0	0	0	0	0	5	[]	0	5
56	123457038	0	4	24	182	0	0	0	0	0	0	2	2	0	0	0	2	0	51	8	0	10	8	45	0	1	28	0	0	0	0	0	0	0	0	0	0	0	0	5	[]	0	5
57	123457038	0	3	23	185	0	0	0	0	0	0	1	3	0	0	0	1	0	51	8	0	10	8	44	1	1	28	0	0	0	0	0	0	0	0	0	0	0	0	5	[]	0	5
58	123457038	0	3	19	189	0	0	0	0	0	0	1	3	0	0	1	0	0	51	9	0	10	9	43	2	1	28	0	0	0	0	0	0	0	0	0	0	0	0	5	[]	0	5
59	123457038	0	1	19	192	0	0	0	0	0	0	1	2	0	0	1	0	0	51	9	0	10	9	42	2	1	29	0	0	0	0	0	0	0	0	0	0	0	0	5	[]	0	5
60	123457038	0	1	12	199	0	0	0	0	0	0	1	2	0	0	1	0	0	52	9	0	11	9	42	2	0	30	0	0	0	0	0	0	0	0	0	0	0	0	5	[]	0	4
