day	seedRun	susceptible	exposed	infected	removed	susceptible-in-quarantine	exposed-in-quarantine	infected-in-quarantine	removed-in-quarantine	susceptible-in-quarantine-external-1	exposed-in-quarantine-external-1	infected-in-quarantine-external-1	removed-in-quarantine-external-1	susceptible-in-quarantine-external-2	exposed-in-quarantine-external-2	infected-in-quarantine-external-2	removed-in-quarantine-external-2	num-of-screened-agents	num-of-screened-agents-external-1	num-of-screened-agents-external-2	num-of-positive-agents	num-of-positive-agents-external-1	num-of-positive-agents-external-2	num-vaccinated-susceptible	num-vaccinated-exposed	num-vaccinated-infected	num-vaccinated-removed	num-vaccinated-susceptible-in-quarantine	num-vaccinated-exposed-in-quarantine	num-vaccinated-infected-in-quarantine	num-vaccinated-removed-in-quarantine	num-vaccinated-susceptible-in-quarantine-external-1	num-vaccinated-exposed-in-quarantine-external-1	num-vaccinated-infected-in-quarantine-external-1	num-vaccinated-removed-in-quarantine-external-1	num-vaccinated-susceptible-in-quarantine-external-2	num-vaccinated-exposed-in-quarantine-external-2	num-vaccinated-infected-in-quarantine-external-2	num-vaccinated-removed-in-quarantine-external-2	num-infected-outside	classroom-in-quarantine	num-of-classroom-in-quarantine	classroom-with-at-least-one-infected
0	123457225	216	0	0	0	0	0	0	0	0	0	0	0	0	0	0	0	0	0	0	0	0	0	74	0	0	0	0	0	0	0	0	0	0	0	0	0	0	0	0	[]	0	0
1	123457225	216	0	0	0	0	0	0	0	0	0	0	0	0	0	0	0	0	0	0	0	0	0	74	0	0	0	0	0	0	0	0	0	0	0	0	0	0	0	0	[]	0	0
2	123457225	216	0	0	0	0	0	0	0	0	0	0	0	0	0	0	0	0	1	0	0	0	0	74	0	0	0	0	0	0	0	0	0	0	0	0	0	0	0	0	[]	0	0
3	123457225	216	0	0	0	0	0	0	0	0	0	0	0	0	0	0	0	0	2	0	0	0	0	74	0	0	0	0	0	0	0	0	0	0	0	0	0	0	0	0	[]	0	0
4	123457225	216	0	0	0	0	0	0	0	0	0	0	0	0	0	0	0	0	2	0	0	0	0	74	0	0	0	0	0	0	0	0	0	0	0	0	0	0	0	0	[]	0	0
5	123457225	216	0	0	0	0	0	0	0	0	0	0	0	0	0	0	0	0	6	0	0	0	0	74	0	0	0	0	0	0	0	0	0	0	0	0	0	0	0	0	[]	0	0
6	123457225	216	0	0	0	0	0	0	0	0	0	0	0	0	0	0	0	0	7	0	0	0	0	74	0	0	0	0	0	0	0	0	0	0	0	0	0	0	0	0	[]	0	0
7	123457225	216	0	0	0	0	0	0	0	0	0	0	0	0	0	0	0	0	7	0	0	0	0	74	0	0	0	0	0	0	0	0	0	0	0	0	0	0	0	0	[]	0	0
8	123457225	216	0	0	0	0	0	0	0	0	0	0	0	0	0	0	0	0	8	0	0	0	0	74	0	0	0	0	0	0	0	0	0	0	0	0	0	0	0	0	[]	0	0
9	123457225	216	0	0	0	0	0	0	0	0	0	0	0	0	0	0	0	0	8	0	0	0	0	74	0	0	0	0	0	0	0	0	0	0	0	0	0	0	0	0	[]	0	0
10	123457225	216	0	0	0	0	0	0	0	0	0	0	0	0	0	0	0	0	8	0	0	0	0	74	0	0	0	0	0	0	0	0	0	0	0	0	0	0	0	0	[]	0	0
11	123457225	216	0	0	0	0	0	0	0	0	0	0	0	0	0	0	0	0	9	0	0	0	0	74	0	0	0	0	0	0	0	0	0	0	0	0	0	0	0	0	[]	0	0
12	123457225	216	0	0	0	0	0	0	0	0	0	0	0	0	0	0	0	0	10	0	0	0	0	74	0	0	0	0	0	0	0	0	0	0	0	0	0	0	0	0	[]	0	0
13	123457225	216	0	0	0	0	0	0	0	0	0	0	0	0	0	0	0	0	10	0	0	0	0	74	0	0	0	0	0	0	0	0	0	0	0	0	0	0	0	0	[]	0	0
14	123457225	216	0	0	0	0	0	0	0	0	0	0	0	0	0	0	0	0	10	0	0	0	0	74	0	0	0	0	0	0	0	0	0	0	0	0	0	0	0	0	[]	0	0
15	123457225	216	0	0	0	0	0	0	0	0	0	0	0	0	0	0	0	0	11	0	0	0	0	74	0	0	0	0	0	0	0	0	0	0	0	0	0	0	0	0	[]	0	0
16	123457225	215	1	0	0	0	0	0	0	0	0	0	0	0	0	0	0	0	13	0	0	0	0	74	0	0	0	0	0	0	0	0	0	0	0	0	0	0	0	1	[]	0	0
17	123457225	213	2	1	0	0	0	0	0	0	0	0	0	0	0	0	0	0	13	0	0	0	0	74	0	0	0	0	0	0	0	0	0	0	0	0	0	0	0	1	[]	0	1
18	123457225	211	3	2	0	0	0	0	0	0	0	0	0	0	0	0	0	0	14	0	0	0	0	74	0	0	0	0	0	0	0	0	0	0	0	0	0	0	0	2	[]	0	1
19	123457225	209	5	2	0	0	0	0	0	0	0	0	0	0	0	0	0	0	14	0	0	0	0	73	1	0	0	0	0	0	0	0	0	0	0	0	0	0	0	4	[]	0	1
20	123457225	209	4	1	2	0	0	0	0	0	0	0	0	0	0	0	0	0	16	0	0	0	0	73	0	1	0	0	0	0	0	0	0	0	0	0	0	0	0	4	[]	0	1
21	123457225	209	2	3	2	0	0	0	0	0	0	0	0	0	0	0	0	0	18	0	0	0	0	73	0	1	0	0	0	0	0	0	0	0	0	0	0	0	0	4	[]	0	1
22	123457225	197	12	4	3	0	0	0	0	0	0	0	0	0	0	0	0	0	19	0	0	0	0	72	1	1	0	0	0	0	0	0	0	0	0	0	0	0	0	4	[]	0	3
23	123457225	190	17	6	3	0	0	0	0	0	0	0	0	0	0	0	0	0	20	0	0	0	0	72	1	1	0	0	0	0	0	0	0	0	0	0	0	0	0	4	[]	0	3
24	123457225	184	19	9	4	0	0	0	0	0	0	0	0	0	0	0	0	0	20	0	0	0	0	71	1	2	0	0	0	0	0	0	0	0	0	0	0	0	0	4	[]	0	3
25	123457225	173	23	15	5	0	0	0	0	0	0	0	0	0	0	0	0	0	20	0	0	0	0	71	0	2	1	0	0	0	0	0	0	0	0	0	0	0	0	4	[]	0	3
26	123457225	167	23	21	5	0	0	0	0	0	0	0	0	0	0	0	0	0	20	0	0	0	0	69	2	2	1	0	0	0	0	0	0	0	0	0	0	0	0	5	[]	0	4
27	123457225	165	20	24	6	0	0	0	0	0	0	0	0	0	0	1	0	0	20	1	0	0	1	69	2	2	1	0	0	0	0	0	0	0	0	0	0	0	0	7	[]	0	4
28	123457225	164	16	28	7	0	0	0	0	0	0	0	0	0	0	0	1	0	22	1	0	0	1	69	1	3	1	0	0	0	0	0	0	0	0	0	0	0	0	8	[]	0	5
29	123457225	148	28	30	9	0	0	0	0	0	0	0	0	0	0	0	1	0	23	1	0	0	1	64	6	3	1	0	0	0	0	0	0	0	0	0	0	0	0	8	[]	0	6
30	123457225	130	39	33	12	0	0	0	0	0	0	0	0	0	0	1	1	0	23	2	0	0	2	61	8	3	2	0	0	0	0	0	0	0	0	0	0	0	0	10	[]	0	7
31	123457225	115	44	38	17	0	0	0	0	0	0	0	0	0	0	1	1	0	26	2	0	0	2	60	8	4	2	0	0	0	0	0	0	0	0	0	0	0	0	10	[]	0	7
32	123457225	106	39	46	23	0	0	0	0	0	0	0	0	0	0	1	1	0	26	2	0	0	2	57	9	6	2	0	0	0	0	0	0	0	0	0	0	0	0	10	[]	0	9
33	123457225	93	45	46	30	0	0	0	0	0	0	0	0	0	0	1	1	0	26	2	0	0	2	55	7	9	3	0	0	0	0	0	0	0	0	0	0	0	0	11	[]	0	9
34	123457225	93	34	53	33	0	0	0	0	0	0	0	0	0	0	1	2	0	28	3	0	0	3	55	7	7	5	0	0	0	0	0	0	0	0	0	0	0	0	11	[]	0	9
35	123457225	93	24	50	44	0	0	0	0	0	0	1	0	0	0	2	2	0	30	4	0	1	4	55	5	7	7	0	0	0	0	0	0	0	0	0	0	0	0	11	[]	0	9
36	123457225	78	32	53	46	0	0	0	0	0	0	1	0	0	0	4	2	0	31	6	0	1	6	55	1	10	8	0	0	0	0	0	0	0	0	0	0	0	0	11	[]	0	9
37	123457225	57	44	57	51	0	0	0	0	0	0	1	0	0	0	3	3	0	31	6	0	1	6	53	3	8	10	0	0	0	0	0	0	0	0	0	0	0	0	11	[]	0	11
38	123457225	41	50	57	60	0	0	0	0	0	0	0	1	0	0	4	3	0	31	7	0	1	7	52	2	9	11	0	0	0	0	0	0	0	0	0	0	0	0	11	[]	0	11
39	123457225	27	45	63	72	0	0	0	0	0	0	1	1	0	0	3	4	0	33	7	0	2	7	49	5	9	11	0	0	0	0	0	0	0	0	0	0	0	0	11	[]	0	12
40	123457225	18	39	70	80	0	0	0	0	0	0	1	1	0	0	3	4	0	33	7	0	2	7	47	6	10	11	0	0	0	0	0	0	0	0	0	0	0	0	11	[]	0	12
41	123457225	18	30	66	93	0	0	0	0	0	0	1	1	0	0	3	4	0	33	8	0	2	8	47	4	11	12	0	0	0	0	0	0	0	0	0	0	0	0	11	[]	0	12
42	123457225	18	23	61	105	0	0	0	0	0	0	1	1	0	0	3	4	0	33	8	0	2	8	47	4	8	15	0	0	0	0	0	0	0	0	0	0	0	0	11	[]	0	12
43	123457225	12	23	54	118	0	0	0	0	0	0	0	2	0	0	1	6	0	34	8	0	2	8	46	4	8	16	0	0	0	0	0	0	0	0	0	0	0	0	11	[]	0	12
44	123457225	4	27	48	129	0	0	0	0	0	0	0	2	0	0	1	5	0	34	8	0	2	8	45	5	7	17	0	0	0	0	0	0	0	0	0	0	0	0	11	[]	0	12
45	123457225	2	22	48	136	0	0	0	0	0	0	0	2	0	0	0	6	0	34	8	0	2	8	45	5	6	18	0	0	0	0	0	0	0	0	0	0	0	0	11	[]	0	12
46	123457225	1	17	50	139	0	0	0	0	0	0	1	2	0	0	0	6	0	35	8	0	3	8	44	3	8	19	0	0	0	0	0	0	0	0	0	0	0	0	11	[]	0	12
47	123457225	1	12	48	145	0	0	0	0	0	0	1	2	0	0	1	6	0	38	9	0	3	9	42	5	8	19	0	0	0	0	0	0	0	0	0	0	0	0	11	[]	0	12
48	123457225	1	6	49	149	0	0	0	0	0	0	1	2	0	0	3	5	0	38	11	0	3	11	42	4	8	20	0	0	0	0	0	0	0	0	0	0	0	0	11	[]	0	12
49	123457225	1	5	44	157	0	0	0	0	0	0	0	2	0	0	3	4	0	38	11	0	3	11	42	3	8	21	0	0	0	0	0	0	0	0	0	0	0	0	11	[]	0	12
50	123457225	0	5	40	164	0	0	0	0	0	0	0	2	0	0	3	2	0	38	11	0	3	11	42	1	9	22	0	0	0	0	0	0	0	0	0	0	0	0	11	[]	0	12
51	123457225	0	3	35	171	0	0	0	0	0	0	0	2	0	0	3	2	0	39	11	0	3	11	42	1	8	23	0	0	0	0	0	0	0	0	0	0	0	0	11	[]	0	12
52	123457225	0	2	31	177	0	0	0	0	0	0	0	2	0	0	3	1	0	40	11	0	3	11	42	1	8	23	0	0	0	0	0	0	0	0	0	0	0	0	11	[]	0	11
53	123457225	0	2	25	184	0	0	0	0	0	0	0	1	0	0	3	1	0	40	11	0	3	11	41	2	8	23	0	0	0	0	0	0	0	0	0	0	0	0	11	[]	0	9
54	123457225	0	0	25	185	0	0	0	0	0	0	0	1	0	0	4	1	0	41	12	0	3	12	40	3	7	24	0	0	0	0	0	0	0	0	0	0	0	0	11	[]	0	9
55	123457225	0	0	23	187	0	0	0	0	0	0	1	1	0	0	4	0	0	42	12	0	4	12	40	2	7	25	0	0	0	0	0	0	0	0	0	0	0	0	11	[]	0	9
56	123457225	0	0	20	190	0	0	0	0	0	0	1	1	0	0	4	0	0	42	12	0	4	12	40	1	8	25	0	0	0	0	0	0	0	0	0	0	0	0	11	[]	0	9
57	123457225	0	0	19	190	0	0	0	0	0	0	1	1	0	0	4	1	0	42	13	0	4	13	40	0	9	25	0	0	0	0	0	0	0	0	0	0	0	0	11	[]	0	9
58	123457225	0	0	14	195	0	0	0	0	0	0	0	2	0	0	4	1	0	43	13	0	4	13	40	0	8	26	0	0	0	0	0	0	0	0	0	0	0	0	11	[]	0	7
59	123457225	0	0	14	195	0	0	0	0	0	0	0	2	0	0	3	2	0	43	13	0	4	13	40	0	6	28	0	0	0	0	0	0	0	0	0	0	0	0	11	[]	0	6
60	123457225	0	0	9	201	0	0	0	0	0	0	0	1	0	0	2	3	0	43	13	0	4	13	39	1	6	28	0	0	0	0	0	0	0	0	0	0	0	0	11	[]	0	6
