day	seedRun	susceptible	exposed	infected	removed	susceptible-in-quarantine	exposed-in-quarantine	infected-in-quarantine	removed-in-quarantine	susceptible-in-quarantine-external-1	exposed-in-quarantine-external-1	infected-in-quarantine-external-1	removed-in-quarantine-external-1	susceptible-in-quarantine-external-2	exposed-in-quarantine-external-2	infected-in-quarantine-external-2	removed-in-quarantine-external-2	num-of-screened-agents	num-of-screened-agents-external-1	num-of-screened-agents-external-2	num-of-positive-agents	num-of-positive-agents-external-1	num-of-positive-agents-external-2	num-vaccinated-susceptible	num-vaccinated-exposed	num-vaccinated-infected	num-vaccinated-removed	num-vaccinated-susceptible-in-quarantine	num-vaccinated-exposed-in-quarantine	num-vaccinated-infected-in-quarantine	num-vaccinated-removed-in-quarantine	num-vaccinated-susceptible-in-quarantine-external-1	num-vaccinated-exposed-in-quarantine-external-1	num-vaccinated-infected-in-quarantine-external-1	num-vaccinated-removed-in-quarantine-external-1	num-vaccinated-susceptible-in-quarantine-external-2	num-vaccinated-exposed-in-quarantine-external-2	num-vaccinated-infected-in-quarantine-external-2	num-vaccinated-removed-in-quarantine-external-2	num-infected-outside	classroom-in-quarantine	num-of-classroom-in-quarantine	classroom-with-at-least-one-infected
0	123456923	240	0	0	0	0	0	0	0	0	0	0	0	0	0	0	0	0	0	0	0	0	0	50	0	0	0	0	0	0	0	0	0	0	0	0	0	0	0	0	[]	0	0
1	123456923	225	15	0	0	0	0	0	0	0	0	0	0	0	0	0	0	0	3	0	0	0	0	50	0	0	0	0	0	0	0	0	0	0	0	0	0	0	0	15	[]	0	0
2	123456923	204	31	5	0	0	0	0	0	0	0	0	0	0	0	0	0	0	3	0	0	0	0	50	0	0	0	0	0	0	0	0	0	0	0	0	0	0	0	26	[]	0	3
3	123456923	181	47	12	0	0	0	0	0	0	0	0	0	0	0	0	0	0	4	0	0	0	0	50	0	0	0	0	0	0	0	0	0	0	0	0	0	0	0	32	[]	0	7
4	123456923	151	65	21	3	0	0	0	0	0	0	0	0	0	0	0	0	0	5	0	0	0	0	47	3	0	0	0	0	0	0	0	0	0	0	0	0	0	0	39	[]	0	9
5	123456923	108	88	36	7	0	0	0	0	0	0	0	0	0	0	1	0	0	5	1	0	0	1	47	2	1	0	0	0	0	0	0	0	0	0	0	0	0	0	47	[]	0	11
6	123456923	106	62	60	10	0	0	0	0	0	0	1	0	0	0	0	1	0	6	1	0	1	1	47	2	0	1	0	0	0	0	0	0	0	0	0	0	0	0	49	[]	0	11
7	123456923	99	52	73	14	0	0	0	0	0	0	1	0	0	0	0	1	0	7	1	0	1	1	47	2	0	1	0	0	0	0	0	0	0	0	0	0	0	0	56	[]	0	12
8	123456923	42	92	79	24	0	0	0	0	0	0	2	0	0	0	0	1	0	8	1	0	2	1	46	1	2	1	0	0	0	0	0	0	0	0	0	0	0	0	62	[]	0	12
9	123456923	17	92	86	39	0	0	0	0	0	0	2	0	0	0	3	1	0	8	4	0	2	4	44	2	3	1	0	0	0	0	0	0	0	0	0	0	0	0	67	[]	0	12
10	123456923	9	73	104	47	0	0	0	0	0	0	2	0	0	0	4	1	0	8	5	0	2	5	43	3	3	1	0	0	0	0	0	0	0	0	0	0	0	0	68	[]	0	12
11	123456923	4	55	115	58	0	0	0	0	0	0	2	0	0	0	4	2	0	8	6	0	2	6	38	7	3	2	0	0	0	0	0	0	0	0	0	0	0	0	69	[]	0	12
12	123456923	1	47	116	67	0	0	0	0	0	0	2	1	0	0	2	4	0	10	6	0	3	6	37	6	5	2	0	0	0	0	0	0	0	0	0	0	0	0	69	[]	0	12
13	123456923	1	34	109	85	0	0	0	0	0	0	3	1	0	0	3	4	0	11	7	0	4	7	37	3	7	3	0	0	0	0	0	0	0	0	0	0	0	0	69	[]	0	12
14	123456923	1	26	109	93	0	0	0	0	0	0	2	2	0	0	3	4	0	12	7	0	4	7	37	3	7	3	0	0	0	0	0	0	0	0	0	0	0	0	69	[]	0	12
15	123456923	0	20	100	108	0	0	0	0	0	0	2	3	0	0	3	4	0	14	7	0	5	7	36	4	7	3	0	0	0	0	0	0	0	0	0	0	0	0	69	[]	0	12
16	123456923	0	16	90	122	0	0	0	0	0	0	2	3	0	0	3	4	0	14	7	0	5	7	33	3	11	3	0	0	0	0	0	0	0	0	0	0	0	0	70	[]	0	12
17	123456923	0	13	86	129	0	0	0	0	0	0	2	3	0	0	3	4	0	14	7	0	5	7	33	3	11	3	0	0	0	0	0	0	0	0	0	0	0	0	70	[]	0	12
18	123456923	0	8	82	136	0	0	0	0	0	0	2	3	0	0	4	5	0	14	9	0	5	9	30	5	11	4	0	0	0	0	0	0	0	0	0	0	0	0	70	[]	0	12
19	123456923	0	6	75	145	0	0	0	0	0	0	3	3	0	0	4	4	0	15	9	0	6	9	29	4	13	4	0	0	0	0	0	0	0	0	0	0	0	0	70	[]	0	12
20	123456923	0	5	65	156	0	0	0	0	0	0	2	3	0	0	5	4	0	17	10	0	6	10	29	2	14	5	0	0	0	0	0	0	0	0	0	0	0	0	70	[]	0	12
21	123456923	0	4	56	165	0	0	0	0	0	0	2	4	0	0	4	5	0	18	10	0	7	10	28	1	16	5	0	0	0	0	0	0	0	0	0	0	0	0	71	[]	0	12
22	123456923	0	2	49	175	0	0	0	0	0	0	1	4	0	0	4	5	0	18	10	0	7	10	27	2	12	9	0	0	0	0	0	0	0	0	0	0	0	0	72	[]	0	12
23	123456923	0	1	47	180	0	0	0	0	0	0	1	4	0	0	5	2	0	18	11	0	7	11	27	2	9	12	0	0	0	0	0	0	0	0	0	0	0	0	72	[]	0	12
24	123456923	0	1	42	186	0	0	0	0	0	0	1	4	0	0	3	3	0	18	11	0	7	11	27	2	8	13	0	0	0	0	0	0	0	0	0	0	0	0	72	[]	0	12
25	123456923	0	0	37	193	0	0	0	0	0	0	1	4	0	0	2	3	0	20	11	0	7	11	27	1	9	13	0	0	0	0	0	0	0	0	0	0	0	0	72	[]	0	12
26	123456923	0	0	32	199	0	0	0	0	0	0	1	3	0	0	2	3	0	21	11	0	7	11	27	1	7	15	0	0	0	0	0	0	0	0	0	0	0	0	72	[]	0	12
27	123456923	0	0	31	202	0	0	0	0	0	0	1	2	0	0	2	2	0	21	11	0	7	11	27	1	7	15	0	0	0	0	0	0	0	0	0	0	0	0	72	[]	0	12
28	123456923	0	0	26	207	0	0	0	0	0	0	1	2	0	0	2	2	0	23	11	0	7	11	27	0	5	18	0	0	0	0	0	0	0	0	0	0	0	0	72	[]	0	12
29	123456923	0	0	22	212	0	0	0	0	0	0	0	2	0	0	2	2	0	24	11	0	7	11	27	0	5	18	0	0	0	0	0	0	0	0	0	0	0	0	72	[]	0	10
30	123456923	0	0	20	214	0	0	0	0	0	0	0	2	0	0	2	2	0	26	11	0	7	11	25	2	4	19	0	0	0	0	0	0	0	0	0	0	0	0	73	[]	0	9
31	123456923	0	0	16	218	0	0	0	0	0	0	0	2	0	0	2	2	0	27	11	0	7	11	25	1	5	19	0	0	0	0	0	0	0	0	0	0	0	0	73	[]	0	9
32	123456923	0	0	13	223	0	0	0	0	0	0	0	2	0	0	1	1	0	27	11	0	7	11	25	0	6	19	0	0	0	0	0	0	0	0	0	0	0	0	73	[]	0	9
33	123456923	0	0	13	224	0	0	0	0	0	0	0	1	0	0	1	1	0	28	11	0	7	11	23	2	6	19	0	0	0	0	0	0	0	0	0	0	0	0	73	[]	0	9
34	123456923	0	0	12	226	0	0	0	0	0	0	0	1	0	0	0	1	0	29	11	0	7	11	23	1	6	20	0	0	0	0	0	0	0	0	0	0	0	0	73	[]	0	9
35	123456923	0	0	7	232	0	0	0	0	0	0	0	0	0	0	0	1	0	30	11	0	7	11	23	1	5	21	0	0	0	0	0	0	0	0	0	0	0	0	73	[]	0	7
36	123456923	0	0	5	233	0	0	0	0	0	0	1	0	0	0	0	1	0	33	11	0	8	11	23	0	3	24	0	0	0	0	0	0	0	0	0	0	0	0	73	[]	0	6
37	123456923	0	0	4	235	0	0	0	0	0	0	1	0	0	0	0	0	0	34	11	0	8	11	23	0	3	24	0	0	0	0	0	0	0	0	0	0	0	0	73	[]	0	5
38	123456923	0	0	2	237	0	0	0	0	0	0	1	0	0	0	0	0	0	35	11	0	8	11	23	0	3	24	0	0	0	0	0	0	0	0	0	0	0	0	73	[]	0	3
39	123456923	0	0	1	237	0	0	0	0	0	0	1	0	0	0	1	0	0	37	12	0	8	12	23	0	3	24	0	0	0	0	0	0	0	0	0	0	0	0	73	[]	0	3
40	123456923	0	0	0	238	0	0	0	0	0	0	1	0	0	0	1	0	0	38	12	0	8	12	22	1	3	24	0	0	0	0	0	0	0	0	0	0	0	0	74	[]	0	2
41	123456923	0	0	0	238	0	0	0	0	0	0	1	0	0	0	1	0	0	38	12	0	8	12	22	1	3	24	0	0	0	0	0	0	0	0	0	0	0	0	74	[]	0	2
42	123456923	0	0	0	238	0	0	0	0	0	0	1	0	0	0	1	0	0	39	12	0	8	12	22	1	3	24	0	0	0	0	0	0	0	0	0	0	0	0	74	[]	0	2
43	123456923	0	0	0	238	0	0	0	0	0	0	1	0	0	0	1	0	0	39	12	0	8	12	22	1	3	24	0	0	0	0	0	0	0	0	0	0	0	0	74	[]	0	2
44	123456923	0	0	0	238	0	0	0	0	0	0	1	0	0	0	1	0	0	40	12	0	8	12	22	0	3	25	0	0	0	0	0	0	0	0	0	0	0	0	74	[]	0	2
45	123456923	0	0	0	238	0	0	0	0	0	0	1	0	0	0	1	0	0	40	12	0	8	12	22	0	3	25	0	0	0	0	0	0	0	0	0	0	0	0	74	[]	0	2
46	123456923	0	0	0	238	0	0	0	0	0	0	1	0	0	0	1	0	0	40	12	0	8	12	22	0	3	25	0	0	0	0	0	0	0	0	0	0	0	0	74	[]	0	2
47	123456923	0	0	0	238	0	0	0	0	0	0	1	0	0	0	0	1	0	40	12	0	8	12	22	0	3	25	0	0	0	0	0	0	0	0	0	0	0	0	74	[]	0	1
48	123456923	0	0	0	238	0	0	0	0	0	0	1	0	0	0	0	1	0	41	12	0	8	12	22	0	3	25	0	0	0	0	0	0	0	0	0	0	0	0	74	[]	0	1
49	123456923	0	0	0	238	0	0	0	0	0	0	1	0	0	0	0	1	0	43	12	0	8	12	21	1	3	25	0	0	0	0	0	0	0	0	0	0	0	0	75	[]	0	1
50	123456923	0	0	0	239	0	0	0	0	0	0	0	0	0	0	0	1	0	43	12	0	8	12	21	1	3	25	0	0	0	0	0	0	0	0	0	0	0	0	75	[]	0	0
51	123456923	0	0	0	239	0	0	0	0	0	0	0	0	0	0	0	1	0	43	12	0	8	12	21	1	3	25	0	0	0	0	0	0	0	0	0	0	0	0	75	[]	0	0
52	123456923	0	0	0	239	0	0	0	0	0	0	0	0	0	0	0	1	0	43	12	0	8	12	21	0	4	25	0	0	0	0	0	0	0	0	0	0	0	0	75	[]	0	0
53	123456923	0	0	0	240	0	0	0	0	0	0	0	0	0	0	0	0	0	44	12	0	8	12	20	1	4	25	0	0	0	0	0	0	0	0	0	0	0	0	76	[]	0	0
54	123456923	0	0	0	240	0	0	0	0	0	0	0	0	0	0	0	0	0	45	12	0	8	12	20	1	4	25	0	0	0	0	0	0	0	0	0	0	0	0	76	[]	0	0
55	123456923	0	0	0	240	0	0	0	0	0	0	0	0	0	0	0	0	0	45	12	0	8	12	20	1	4	25	0	0	0	0	0	0	0	0	0	0	0	0	76	[]	0	0
56	123456923	0	0	0	240	0	0	0	0	0	0	0	0	0	0	0	0	0	45	12	0	8	12	20	0	5	25	0	0	0	0	0	0	0	0	0	0	0	0	76	[]	0	0
57	123456923	0	0	0	240	0	0	0	0	0	0	0	0	0	0	0	0	0	45	12	0	8	12	20	0	4	26	0	0	0	0	0	0	0	0	0	0	0	0	76	[]	0	0
58	123456923	0	0	0	240	0	0	0	0	0	0	0	0	0	0	0	0	0	45	12	0	8	12	20	0	2	28	0	0	0	0	0	0	0	0	0	0	0	0	76	[]	0	0
59	123456923	0	0	0	240	0	0	0	0	0	0	0	0	0	0	0	0	0	45	12	0	8	12	20	0	1	29	0	0	0	0	0	0	0	0	0	0	0	0	76	[]	0	0
60	123456923	0	0	0	240	0	0	0	0	0	0	0	0	0	0	0	0	0	45	12	0	8	12	20	0	1	29	0	0	0	0	0	0	0	0	0	0	0	0	76	[]	0	0
