day	seedRun	susceptible	exposed	infected	removed	susceptible-in-quarantine	exposed-in-quarantine	infected-in-quarantine	removed-in-quarantine	susceptible-in-quarantine-external-1	exposed-in-quarantine-external-1	infected-in-quarantine-external-1	removed-in-quarantine-external-1	susceptible-in-quarantine-external-2	exposed-in-quarantine-external-2	infected-in-quarantine-external-2	removed-in-quarantine-external-2	num-of-screened-agents	num-of-screened-agents-external-1	num-of-screened-agents-external-2	num-of-positive-agents	num-of-positive-agents-external-1	num-of-positive-agents-external-2	num-vaccinated	num-immunized	num-immunized-in-quarantine	num-immunized-in-quarantine-external-1	num-immunized-in-quarantine-external-2	num-infected-outside	classroom-in-quarantine	num-of-classroom-in-quarantine	classroom-with-at-least-one-infected
0	123457063	144	0	0	0	0	0	0	0	0	0	0	0	0	0	0	0	0	0	0	0	0	0	146	146	0	0	0	0	[]	0	0
1	123457063	141	3	0	0	0	0	0	0	0	0	0	0	0	0	0	0	0	0	0	0	0	0	146	146	0	0	0	3	[]	0	0
2	123457063	140	4	0	0	0	0	0	0	0	0	0	0	0	0	0	0	0	3	0	0	0	0	146	146	0	0	0	4	[]	0	0
3	123457063	131	12	1	0	0	0	0	0	0	0	0	0	0	0	0	0	0	3	0	0	0	0	146	146	0	0	0	9	[]	0	1
4	123457063	109	30	5	0	0	0	0	0	0	0	0	0	0	0	0	0	0	3	0	0	0	0	146	146	0	0	0	10	[]	0	5
5	123457063	74	59	10	1	0	0	0	0	0	0	0	0	0	0	0	0	0	6	0	0	0	0	146	146	0	0	0	12	[]	0	7
6	123457063	72	38	32	1	0	0	0	0	0	0	1	0	0	0	0	0	0	8	0	0	1	0	146	146	0	0	0	14	[]	0	8
7	123457063	72	25	40	6	0	0	0	0	0	0	1	0	0	0	0	0	0	9	0	0	1	0	146	146	0	0	0	14	[]	0	10
8	123457063	41	48	40	12	0	0	0	0	0	0	2	0	0	0	1	0	0	10	1	0	2	1	146	146	0	0	0	14	[]	0	11
9	123457063	28	48	40	24	0	0	0	0	0	0	3	0	0	0	1	0	0	15	1	0	3	1	146	146	0	0	0	16	[]	0	11
10	123457063	24	44	42	26	0	0	0	0	0	0	3	1	0	0	3	1	0	18	4	0	4	4	146	146	0	0	0	16	[]	0	11
11	123457063	19	39	46	29	0	0	0	0	0	0	3	1	0	0	6	1	0	19	7	0	4	7	146	146	0	0	0	17	[]	0	11
12	123457063	13	36	48	33	0	0	0	0	0	0	4	1	0	0	7	2	0	21	9	0	5	9	146	146	0	0	0	18	[]	0	12
13	123457063	13	22	55	36	0	0	0	0	0	0	6	2	0	0	7	3	0	24	10	0	8	10	146	146	0	0	0	18	[]	0	12
14	123457063	13	16	46	49	0	0	0	0	0	0	6	2	0	0	7	5	0	24	12	0	8	12	146	146	0	0	0	18	[]	0	12
15	123457063	7	16	43	56	0	0	0	0	0	0	6	3	0	0	7	6	0	26	13	0	9	13	146	146	0	0	0	18	[]	0	12
16	123457063	4	12	39	64	0	0	0	0	0	0	7	3	0	0	6	9	0	29	15	0	11	15	146	146	0	0	0	18	[]	0	12
17	123457063	3	10	34	69	0	0	0	0	0	0	7	3	0	0	8	10	0	29	18	0	11	18	146	146	0	0	0	18	[]	0	12
18	123457063	1	9	31	76	0	0	0	0	0	0	6	4	0	0	8	9	0	32	18	0	12	18	146	146	0	0	0	19	[]	0	12
19	123457063	0	8	26	84	0	0	0	0	0	0	5	4	0	0	8	9	0	32	18	0	12	18	146	146	0	0	0	19	[]	0	12
20	123457063	0	4	25	92	0	0	0	0	0	0	4	4	0	0	8	7	0	32	19	0	12	19	146	146	0	0	0	19	[]	0	12
21	123457063	0	4	23	97	0	0	0	0	0	0	1	7	0	0	7	5	0	36	19	0	12	19	146	146	0	0	0	19	[]	0	12
22	123457063	0	3	22	102	0	0	0	0	0	0	1	6	0	0	6	4	0	38	19	0	12	19	146	146	0	0	0	19	[]	0	12
23	123457063	0	1	21	109	0	0	0	0	0	0	0	4	0	0	4	5	0	40	19	0	12	19	146	146	0	0	0	19	[]	0	11
24	123457063	0	1	18	113	0	0	0	0	0	0	0	4	0	0	5	3	0	45	20	0	12	20	146	146	0	0	0	19	[]	0	11
25	123457063	0	0	17	117	0	0	0	0	0	0	0	3	0	0	3	4	0	46	20	0	12	20	146	146	0	0	0	19	[]	0	10
26	123457063	0	0	14	123	0	0	0	0	0	0	0	1	0	0	2	4	0	47	21	0	12	21	146	146	0	0	0	19	[]	0	8
27	123457063	0	0	12	128	0	0	0	0	0	0	0	1	0	0	0	3	0	47	21	0	12	21	146	146	0	0	0	19	[]	0	6
28	123457063	0	0	8	132	0	0	0	0	0	0	0	0	0	0	1	3	0	49	22	0	12	22	146	146	0	0	0	19	[]	0	5
29	123457063	0	0	8	132	0	0	0	0	0	0	0	0	0	0	1	3	0	51	22	0	12	22	146	146	0	0	0	19	[]	0	5
30	123457063	0	0	6	134	0	0	0	0	0	0	0	0	0	0	2	2	0	53	23	0	12	23	146	146	0	0	0	19	[]	0	4
31	123457063	0	0	6	134	0	0	0	0	0	0	0	0	0	0	2	2	0	55	23	0	12	23	146	146	0	0	0	19	[]	0	4
32	123457063	0	0	5	135	0	0	0	0	0	0	0	0	0	0	1	3	0	55	23	0	12	23	146	146	0	0	0	19	[]	0	4
33	123457063	0	0	5	135	0	0	0	0	0	0	0	0	0	0	1	3	0	57	23	0	12	23	146	146	0	0	0	19	[]	0	4
34	123457063	0	0	4	137	0	0	0	0	0	0	0	0	0	0	1	2	0	58	23	0	12	23	146	146	0	0	0	19	[]	0	4
35	123457063	0	0	3	138	0	0	0	0	0	0	0	0	0	0	1	2	0	59	23	0	12	23	146	146	0	0	0	19	[]	0	3
36	123457063	0	0	3	139	0	0	0	0	0	0	0	0	0	0	0	2	0	59	23	0	12	23	146	146	0	0	0	19	[]	0	2
37	123457063	0	0	3	139	0	0	0	0	0	0	0	0	0	0	0	2	0	62	23	0	12	23	146	146	0	0	0	19	[]	0	2
38	123457063	0	0	3	140	0	0	0	0	0	0	0	0	0	0	0	1	0	65	23	0	12	23	146	146	0	0	0	19	[]	0	2
39	123457063	0	0	3	140	0	0	0	0	0	0	0	0	0	0	0	1	0	66	23	0	12	23	146	146	0	0	0	19	[]	0	2
40	123457063	0	0	2	142	0	0	0	0	0	0	0	0	0	0	0	0	0	68	23	0	12	23	146	146	0	0	0	19	[]	0	1
41	123457063	0	0	1	143	0	0	0	0	0	0	0	0	0	0	0	0	0	70	23	0	12	23	146	146	0	0	0	19	[]	0	1
42	123457063	0	0	1	143	0	0	0	0	0	0	0	0	0	0	0	0	0	74	23	0	12	23	146	146	0	0	0	19	[]	0	1
43	123457063	0	0	1	143	0	0	0	0	0	0	0	0	0	0	0	0	0	77	23	0	12	23	146	146	0	0	0	19	[]	0	1
44	123457063	0	0	1	143	0	0	0	0	0	0	0	0	0	0	0	0	0	77	23	0	12	23	146	146	0	0	0	19	[]	0	1
45	123457063	0	0	1	143	0	0	0	0	0	0	0	0	0	0	0	0	0	78	23	0	12	23	146	146	0	0	0	19	[]	0	1
46	123457063	0	0	1	143	0	0	0	0	0	0	0	0	0	0	0	0	0	79	23	0	12	23	146	146	0	0	0	19	[]	0	1
47	123457063	0	0	1	143	0	0	0	0	0	0	0	0	0	0	0	0	0	81	23	0	12	23	146	146	0	0	0	19	[]	0	1
48	123457063	0	0	1	143	0	0	0	0	0	0	0	0	0	0	0	0	0	82	23	0	12	23	146	146	0	0	0	19	[]	0	1
49	123457063	0	0	1	143	0	0	0	0	0	0	0	0	0	0	0	0	0	85	23	0	12	23	146	146	0	0	0	19	[]	0	1
50	123457063	0	0	1	143	0	0	0	0	0	0	0	0	0	0	0	0	0	88	23	0	12	23	146	146	0	0	0	19	[]	0	1
51	123457063	0	0	1	143	0	0	0	0	0	0	0	0	0	0	0	0	0	89	23	0	12	23	146	146	0	0	0	19	[]	0	1
52	123457063	0	0	1	143	0	0	0	0	0	0	0	0	0	0	0	0	0	92	23	0	12	23	146	146	0	0	0	19	[]	0	1
53	123457063	0	0	1	143	0	0	0	0	0	0	0	0	0	0	0	0	0	98	23	0	12	23	146	146	0	0	0	19	[]	0	1
54	123457063	0	0	1	143	0	0	0	0	0	0	0	0	0	0	0	0	0	100	23	0	12	23	146	146	0	0	0	19	[]	0	1
55	123457063	0	0	1	143	0	0	0	0	0	0	0	0	0	0	0	0	0	101	23	0	12	23	146	146	0	0	0	19	[]	0	1
56	123457063	0	0	1	143	0	0	0	0	0	0	0	0	0	0	0	0	0	102	23	0	12	23	146	146	0	0	0	19	[]	0	1
57	123457063	0	0	0	143	0	0	0	0	0	0	0	0	0	0	1	0	0	102	24	0	12	24	146	146	0	0	0	19	[]	0	1
58	123457063	0	0	0	143	0	0	0	0	0	0	0	0	0	0	1	0	0	104	24	0	12	24	146	146	0	0	0	19	[]	0	1
59	123457063	0	0	0	143	0	0	0	0	0	0	0	0	0	0	1	0	0	106	24	0	12	24	146	146	0	0	0	19	[]	0	1
60	123457063	0	0	0	143	0	0	0	0	0	0	0	0	0	0	0	1	0	106	24	0	12	24	146	146	0	0	0	19	[]	0	0
