day	seedRun	susceptible	exposed	infected	removed	susceptible-in-quarantine	exposed-in-quarantine	infected-in-quarantine	removed-in-quarantine	susceptible-in-quarantine-external-1	exposed-in-quarantine-external-1	infected-in-quarantine-external-1	removed-in-quarantine-external-1	susceptible-in-quarantine-external-2	exposed-in-quarantine-external-2	infected-in-quarantine-external-2	removed-in-quarantine-external-2	num-of-screened-agents	num-of-screened-agents-external-1	num-of-screened-agents-external-2	num-of-positive-agents	num-of-positive-agents-external-1	num-of-positive-agents-external-2	num-vaccinated	num-immunized	num-immunized-in-quarantine	num-immunized-in-quarantine-external-1	num-immunized-in-quarantine-external-2	num-infected-outside	classroom-in-quarantine	num-of-classroom-in-quarantine	classroom-with-at-least-one-infected
0	123457240	144	0	0	0	0	0	0	0	0	0	0	0	0	0	0	0	0	0	0	0	0	0	146	146	0	0	0	0	[]	0	0
1	123457240	142	2	0	0	0	0	0	0	0	0	0	0	0	0	0	0	0	2	0	0	0	0	146	146	0	0	0	2	[]	0	0
2	123457240	136	7	1	0	0	0	0	0	0	0	0	0	0	0	0	0	0	5	0	0	0	0	146	146	0	0	0	4	[]	0	1
3	123457240	119	21	4	0	0	0	0	0	0	0	0	0	0	0	0	0	0	7	0	0	0	0	146	146	0	0	0	6	[]	0	3
4	123457240	106	29	8	1	0	0	0	0	0	0	0	0	0	0	0	0	0	10	0	0	0	0	146	146	0	0	0	6	[]	0	4
5	123457240	94	33	13	3	0	0	0	0	0	0	0	0	0	0	1	0	0	12	1	0	0	1	146	146	0	0	0	9	[]	0	4
6	123457240	92	27	20	4	0	0	0	0	0	0	0	0	0	0	1	0	0	15	1	0	0	1	146	146	0	0	0	11	[]	0	7
7	123457240	92	17	24	9	0	0	0	0	0	0	0	0	0	0	2	0	0	16	2	0	0	2	146	146	0	0	0	11	[]	0	6
8	123457240	81	25	23	12	0	0	0	0	0	0	0	0	0	0	3	0	0	18	3	0	0	3	146	146	0	0	0	11	[]	0	5
9	123457240	74	26	23	17	0	0	0	0	0	0	0	0	0	0	4	0	0	20	4	0	0	4	146	146	0	0	0	13	[]	0	5
10	123457240	63	29	29	19	0	0	0	0	0	0	0	0	0	0	3	1	0	20	4	0	0	4	146	146	0	0	0	14	[]	0	7
11	123457240	44	41	33	20	0	0	0	0	0	0	0	0	0	0	5	1	0	20	6	0	0	6	146	146	0	0	0	16	[]	0	8
12	123457240	37	39	33	26	0	0	0	0	0	0	1	0	0	0	7	1	0	21	8	0	1	8	146	146	0	0	0	18	[]	0	9
13	123457240	36	28	36	34	0	0	0	0	0	0	2	0	0	0	6	2	0	22	8	0	2	8	146	146	0	0	0	19	[]	0	10
14	123457240	35	20	37	40	0	0	0	0	0	0	3	0	0	0	5	4	0	24	9	0	3	9	146	146	0	0	0	20	[]	0	11
15	123457240	18	31	35	47	0	0	0	0	0	0	4	0	0	0	6	3	0	26	10	0	4	10	146	146	0	0	0	20	[]	0	11
16	123457240	8	27	42	52	0	0	0	0	0	0	3	1	0	0	8	3	0	29	12	0	4	12	146	146	0	0	0	20	[]	0	12
17	123457240	3	20	50	56	0	0	0	0	0	0	3	1	0	0	7	4	0	32	13	0	4	13	146	146	0	0	0	20	[]	0	12
18	123457240	1	21	42	63	0	0	0	0	0	0	2	2	0	0	9	4	0	36	16	0	4	16	146	146	0	0	0	20	[]	0	12
19	123457240	0	18	40	68	0	0	0	0	0	0	2	3	0	0	7	6	0	38	17	0	5	17	146	146	0	0	0	20	[]	0	11
20	123457240	0	15	36	74	0	0	0	0	0	0	2	3	0	0	8	6	0	40	18	0	5	18	146	146	0	0	0	20	[]	0	12
21	123457240	0	10	39	78	0	0	0	0	0	0	2	3	0	0	6	6	0	42	18	0	5	18	146	146	0	0	0	20	[]	0	12
22	123457240	0	8	30	87	0	0	0	0	0	0	2	2	0	0	11	4	0	47	23	0	5	23	146	146	0	0	0	20	[]	0	12
23	123457240	0	4	31	91	0	0	0	0	0	0	2	1	0	0	9	6	0	48	23	0	5	23	146	146	0	0	0	20	[]	0	11
24	123457240	0	2	30	96	0	0	0	0	0	0	1	1	0	0	8	6	0	49	23	0	5	23	146	146	0	0	0	20	[]	0	11
25	123457240	0	1	27	102	0	0	0	0	0	0	0	1	0	0	7	6	0	51	23	0	5	23	146	146	0	0	0	20	[]	0	9
26	123457240	0	1	20	111	0	0	0	0	0	0	0	1	0	0	7	4	0	52	23	0	5	23	146	146	0	0	0	20	[]	0	9
27	123457240	0	1	15	115	0	0	0	0	0	0	0	1	0	0	8	4	0	52	25	0	5	25	146	146	0	0	0	20	[]	0	9
28	123457240	0	1	12	121	0	0	0	0	0	0	0	1	0	0	6	3	0	53	25	0	5	25	146	146	0	0	0	20	[]	0	7
29	123457240	0	1	7	126	0	0	0	0	0	0	0	0	0	0	7	3	0	55	27	0	5	27	146	146	0	0	0	20	[]	0	7
30	123457240	0	0	6	128	0	0	0	0	0	0	0	0	0	0	5	5	0	58	28	0	5	28	146	146	0	0	0	20	[]	0	6
31	123457240	0	0	5	129	0	0	0	0	0	0	0	0	0	0	5	5	0	60	28	0	5	28	146	146	0	0	0	20	[]	0	5
32	123457240	0	0	3	136	0	0	0	0	0	0	0	0	0	0	4	1	0	62	28	0	5	28	146	146	0	0	0	20	[]	0	4
33	123457240	0	0	3	136	0	0	0	0	0	0	0	0	0	0	3	2	0	63	28	0	5	28	146	146	0	0	0	20	[]	0	4
34	123457240	0	0	3	136	0	0	0	0	0	0	0	0	0	0	3	2	0	64	28	0	5	28	146	146	0	0	0	20	[]	0	4
35	123457240	0	0	2	137	0	0	0	0	0	0	0	0	0	0	2	3	0	67	28	0	5	28	146	146	0	0	0	20	[]	0	2
36	123457240	0	0	2	137	0	0	0	0	0	0	0	0	0	0	2	3	0	69	28	0	5	28	146	146	0	0	0	20	[]	0	2
37	123457240	0	0	2	139	0	0	0	0	0	0	0	0	0	0	2	1	0	71	28	0	5	28	146	146	0	0	0	20	[]	0	2
38	123457240	0	0	1	139	0	0	0	0	0	0	1	0	0	0	1	2	0	75	28	0	6	28	146	146	0	0	0	20	[]	0	2
39	123457240	0	0	1	141	0	0	0	0	0	0	1	0	0	0	0	1	0	78	28	0	6	28	146	146	0	0	0	20	[]	0	1
40	123457240	0	0	1	142	0	0	0	0	0	0	1	0	0	0	0	0	0	78	28	0	6	28	146	146	0	0	0	20	[]	0	1
41	123457240	0	0	1	142	0	0	0	0	0	0	1	0	0	0	0	0	0	82	28	0	6	28	146	146	0	0	0	20	[]	0	1
42	123457240	0	0	0	143	0	0	0	0	0	0	1	0	0	0	0	0	0	84	28	0	6	28	146	146	0	0	0	20	[]	0	1
43	123457240	0	0	0	143	0	0	0	0	0	0	1	0	0	0	0	0	0	84	28	0	6	28	146	146	0	0	0	20	[]	0	1
44	123457240	0	0	0	143	0	0	0	0	0	0	1	0	0	0	0	0	0	85	28	0	6	28	146	146	0	0	0	20	[]	0	1
45	123457240	0	0	0	143	0	0	0	0	0	0	1	0	0	0	0	0	0	85	28	0	6	28	146	146	0	0	0	20	[]	0	1
46	123457240	0	0	0	143	0	0	0	0	0	0	1	0	0	0	0	0	0	87	28	0	6	28	146	146	0	0	0	20	[]	0	1
47	123457240	0	0	0	143	0	0	0	0	0	0	1	0	0	0	0	0	0	92	28	0	6	28	146	146	0	0	0	20	[]	0	1
48	123457240	0	0	0	144	0	0	0	0	0	0	0	0	0	0	0	0	0	94	28	0	6	28	146	146	0	0	0	20	[]	0	0
49	123457240	0	0	0	144	0	0	0	0	0	0	0	0	0	0	0	0	0	96	28	0	6	28	146	146	0	0	0	20	[]	0	0
50	123457240	0	0	0	144	0	0	0	0	0	0	0	0	0	0	0	0	0	98	28	0	6	28	146	146	0	0	0	20	[]	0	0
51	123457240	0	0	0	144	0	0	0	0	0	0	0	0	0	0	0	0	0	99	28	0	6	28	146	146	0	0	0	20	[]	0	0
52	123457240	0	0	0	144	0	0	0	0	0	0	0	0	0	0	0	0	0	101	28	0	6	28	146	146	0	0	0	20	[]	0	0
53	123457240	0	0	0	144	0	0	0	0	0	0	0	0	0	0	0	0	0	102	28	0	6	28	146	146	0	0	0	20	[]	0	0
54	123457240	0	0	0	144	0	0	0	0	0	0	0	0	0	0	0	0	0	102	28	0	6	28	146	146	0	0	0	20	[]	0	0
55	123457240	0	0	0	144	0	0	0	0	0	0	0	0	0	0	0	0	0	102	28	0	6	28	146	146	0	0	0	20	[]	0	0
56	123457240	0	0	0	144	0	0	0	0	0	0	0	0	0	0	0	0	0	106	28	0	6	28	146	146	0	0	0	20	[]	0	0
57	123457240	0	0	0	144	0	0	0	0	0	0	0	0	0	0	0	0	0	107	28	0	6	28	146	146	0	0	0	20	[]	0	0
58	123457240	0	0	0	144	0	0	0	0	0	0	0	0	0	0	0	0	0	110	28	0	6	28	146	146	0	0	0	20	[]	0	0
59	123457240	0	0	0	144	0	0	0	0	0	0	0	0	0	0	0	0	0	113	28	0	6	28	146	146	0	0	0	20	[]	0	0
60	123457240	0	0	0	144	0	0	0	0	0	0	0	0	0	0	0	0	0	114	28	0	6	28	146	146	0	0	0	20	[]	0	0
