day	seedRun	susceptible	exposed	infected	removed	susceptible-in-quarantine	exposed-in-quarantine	infected-in-quarantine	removed-in-quarantine	susceptible-in-quarantine-external-1	exposed-in-quarantine-external-1	infected-in-quarantine-external-1	removed-in-quarantine-external-1	susceptible-in-quarantine-external-2	exposed-in-quarantine-external-2	infected-in-quarantine-external-2	removed-in-quarantine-external-2	num-of-screened-agents	num-of-screened-agents-external-1	num-of-screened-agents-external-2	num-of-positive-agents	num-of-positive-agents-external-1	num-of-positive-agents-external-2	num-vaccinated-susceptible	num-vaccinated-exposed	num-vaccinated-infected	num-vaccinated-removed	num-vaccinated-susceptible-in-quarantine	num-vaccinated-exposed-in-quarantine	num-vaccinated-infected-in-quarantine	num-vaccinated-removed-in-quarantine	num-vaccinated-susceptible-in-quarantine-external-1	num-vaccinated-exposed-in-quarantine-external-1	num-vaccinated-infected-in-quarantine-external-1	num-vaccinated-removed-in-quarantine-external-1	num-vaccinated-susceptible-in-quarantine-external-2	num-vaccinated-exposed-in-quarantine-external-2	num-vaccinated-infected-in-quarantine-external-2	num-vaccinated-removed-in-quarantine-external-2	num-infected-outside	classroom-in-quarantine	num-of-classroom-in-quarantine	classroom-with-at-least-one-infected
0	123457029	72	0	0	0	0	0	0	0	0	0	0	0	0	0	0	0	0	0	0	0	0	0	218	0	0	0	0	0	0	0	0	0	0	0	0	0	0	0	0	[]	0	0
1	123457029	70	2	0	0	0	0	0	0	0	0	0	0	0	0	0	0	60	0	0	0	0	0	217	1	0	0	0	0	0	0	0	0	0	0	0	0	0	0	3	[]	0	0
2	123457029	68	4	0	0	0	0	0	0	0	0	0	0	0	0	0	0	60	1	0	0	0	0	213	5	0	0	0	0	0	0	0	0	0	0	0	0	0	0	9	[]	0	0
3	123457029	66	4	2	0	0	0	0	0	0	0	0	0	0	0	0	0	60	1	0	0	0	0	211	7	0	0	0	0	0	0	0	0	0	0	0	0	0	0	12	[]	0	2
4	123457029	64	5	3	0	0	0	0	0	0	0	0	0	0	0	0	0	60	3	0	0	0	0	211	7	0	0	0	0	0	0	0	0	0	0	0	0	0	0	12	[]	0	3
5	123457029	57	5	4	0	4	0	1	0	0	0	1	0	0	0	0	0	79	5	0	1	1	0	197	4	3	0	13	1	0	0	0	0	0	0	0	0	0	0	14	[3C]	1	6
6	123457029	54	5	7	0	4	0	1	0	0	0	1	0	0	0	0	0	79	5	0	1	1	0	194	6	4	0	13	0	1	0	0	0	0	0	0	0	0	0	20	[3C]	1	8
7	123457029	52	5	7	2	4	0	1	0	0	0	1	0	0	0	0	0	79	5	0	1	1	0	192	8	4	0	13	0	1	0	0	0	0	0	0	0	0	0	24	[3C]	1	8
8	123457029	47	6	5	2	6	2	3	0	0	0	1	0	0	0	0	0	172	6	0	4	1	0	177	8	4	0	27	0	2	0	0	0	0	0	0	0	0	0	27	[3C 2B]	2	8
9	123457029	43	9	5	3	6	1	4	0	0	0	1	0	0	0	0	0	172	6	0	4	1	0	175	7	6	1	27	0	1	1	0	0	0	0	0	0	0	0	28	[3C 2B]	2	8
10	123457029	38	10	9	3	6	1	3	1	0	0	1	0	0	0	0	0	172	9	0	4	1	0	173	7	7	2	27	0	1	1	0	0	0	0	0	0	0	0	32	[3C 2B]	2	7
11	123457029	33	12	12	3	6	1	3	1	0	0	0	1	0	0	0	0	172	9	0	4	1	0	168	11	8	2	27	0	1	1	0	0	0	0	0	0	0	0	37	[3C 2B]	2	7
12	123457029	31	9	17	3	6	1	3	1	0	0	0	1	0	0	0	0	172	10	0	4	1	0	166	10	9	4	27	0	1	1	0	0	0	0	0	0	0	0	40	[3C 2B]	2	8
13	123457029	26	8	17	3	10	2	1	4	0	0	0	1	0	0	0	0	191	10	0	6	1	0	155	9	6	6	37	0	3	2	0	0	0	0	0	0	0	0	42	[3C 2B 1C]	3	7
14	123457029	24	8	15	7	10	1	2	4	0	0	0	1	0	0	0	0	191	10	0	6	1	0	154	7	7	8	37	0	3	2	0	0	0	0	0	0	0	0	45	[3C 2B 1C]	3	7
15	123457029	14	5	9	2	18	3	10	9	0	0	1	1	0	0	0	0	326	11	0	19	2	0	105	6	2	6	84	1	9	5	0	0	0	0	0	0	0	0	48	[3C 2B 1C 2A 2C 3A 3D]	7	9
16	123457029	12	6	8	4	18	2	8	12	0	0	1	1	0	0	0	0	326	11	0	19	2	0	103	5	5	6	84	1	6	8	0	0	0	0	0	0	0	0	49	[3C 2B 1C 2A 2C 3A 3D]	7	11
17	123457029	11	6	4	3	18	3	9	16	0	0	0	2	0	0	0	0	345	12	0	21	3	0	91	6	2	6	95	1	5	11	0	0	1	0	0	0	0	0	50	[3C 2B 1C 2A 2C 3A 3D 3B]	8	9
18	123457029	10	4	5	5	18	3	9	16	0	0	0	2	0	0	0	0	345	12	0	21	3	0	90	5	3	7	95	1	4	12	0	0	1	0	0	0	0	0	51	[3C 2B 1C 2A 2C 3A 3D 3B]	8	10
19	123457029	14	3	6	7	14	3	9	15	0	0	0	1	0	0	0	0	345	12	0	21	3	0	103	2	6	8	82	0	5	11	0	0	1	0	0	0	0	0	51	[2B 1C 2A 2C 3A 3D 3B]	7	10
20	123457029	13	1	2	8	14	6	11	15	0	0	0	1	0	0	1	0	383	12	1	24	3	1	90	1	6	8	95	0	6	11	0	0	1	0	0	0	0	0	52	[2B 1C 2A 2C 3A 3D 3B 1B]	8	10
21	123457029	12	2	2	8	14	4	10	18	0	0	0	1	0	0	1	0	383	12	1	24	3	1	90	1	4	10	95	0	6	11	0	0	1	0	0	0	0	0	53	[2B 1C 2A 2C 3A 3D 3B 1B]	8	10
22	123457029	13	2	1	8	12	2	12	20	0	0	0	1	0	0	1	0	426	13	1	26	3	1	92	1	2	10	93	0	6	13	0	0	1	0	0	0	0	0	54	[1C 2A 2C 3A 3D 3B 1B 2D]	8	10
23	123457029	13	2	0	9	12	2	9	23	0	0	0	1	0	0	1	0	426	13	1	26	3	1	92	1	2	10	93	0	5	14	0	0	1	0	0	0	0	0	54	[1C 2A 2C 3A 3D 3B 1B 2D]	8	9
24	123457029	12	2	1	9	12	1	9	24	0	0	0	1	0	0	1	0	426	13	1	26	3	1	92	1	1	11	93	0	4	15	0	0	1	0	0	0	0	0	55	[1C 2A 2C 3A 3D 3B 1B 2D]	8	9
25	123457029	12	2	1	9	12	1	9	24	0	0	0	1	0	0	1	0	426	13	1	26	3	1	91	2	1	11	93	0	4	15	0	0	1	0	0	0	0	0	56	[1C 2A 2C 3A 3D 3B 1B 2D]	8	9
26	123457029	12	2	1	9	12	1	8	25	0	0	0	1	0	0	1	0	426	13	1	26	3	1	91	2	1	11	93	0	4	15	0	0	1	0	0	0	0	0	56	[1C 2A 2C 3A 3D 3B 1B 2D]	8	9
27	123457029	14	4	1	11	8	1	7	24	0	0	0	1	0	0	1	0	426	13	1	26	3	1	101	2	1	15	83	0	4	11	0	0	1	0	0	0	0	0	58	[2A 2C 3A 3D 3B 1B 2D]	7	8
28	123457029	13	4	2	11	8	1	7	24	0	0	0	1	0	0	1	0	426	14	1	26	3	1	101	1	2	15	83	0	3	12	0	0	1	0	0	0	0	0	59	[2A 2C 3A 3D 3B 1B 2D]	7	8
29	123457029	18	1	0	28	3	2	7	11	0	0	1	0	0	0	1	0	509	15	1	28	4	1	134	2	2	24	49	0	2	4	0	0	1	0	0	0	0	0	60	[3B 1B 2D 1D]	4	5
30	123457029	18	1	0	28	3	2	6	12	0	0	1	0	0	0	1	0	509	15	1	28	4	1	134	1	1	26	49	0	2	4	0	0	1	0	0	0	0	0	60	[3B 1B 2D 1D]	4	6
31	123457029	18	0	1	34	3	0	5	9	0	0	1	0	0	0	1	0	509	15	1	28	4	1	144	1	2	29	38	0	2	2	0	0	0	0	0	0	0	0	60	[1B 2D 1D]	3	6
32	123457029	18	0	0	35	3	0	4	10	0	0	1	0	0	0	1	0	509	18	1	28	4	1	142	3	1	30	38	0	2	2	0	0	0	0	0	0	0	0	62	[1B 2D 1D]	3	5
33	123457029	18	0	0	35	3	0	2	12	0	0	1	0	0	0	0	1	509	18	1	28	4	1	141	4	0	31	38	0	2	2	0	0	0	0	0	0	0	0	63	[1B 2D 1D]	3	3
34	123457029	15	3	0	41	3	0	1	8	0	0	1	0	0	0	0	0	528	21	1	28	4	1	153	4	1	32	25	0	1	2	0	0	0	0	0	0	0	0	67	[2D 1D]	2	3
35	123457029	13	4	1	41	3	0	1	8	0	0	1	0	0	0	0	0	528	23	1	28	4	1	153	3	2	32	25	0	1	2	0	0	0	0	0	0	0	0	69	[2D 1D]	2	5
36	123457029	11	3	3	47	3	0	1	3	0	0	1	0	0	0	0	0	621	24	1	30	4	1	164	2	3	34	13	0	1	1	0	0	0	0	0	0	0	0	70	[1D]	1	6
37	123457029	11	1	4	48	3	0	1	3	0	0	1	0	0	0	0	0	621	24	1	30	4	1	163	3	3	34	13	0	1	1	0	0	0	0	0	0	0	0	70	[1D]	1	6
38	123457029	10	2	4	48	3	0	1	3	0	0	1	0	0	0	0	0	621	25	1	30	4	1	163	1	5	34	13	0	1	1	0	0	0	0	0	0	0	0	70	[1D]	1	7
39	123457029	10	2	2	49	3	0	1	3	0	0	1	0	0	0	1	0	640	25	2	30	4	2	163	0	6	34	13	0	0	2	0	0	0	0	0	0	0	0	70	[1D]	1	6
40	123457029	10	2	1	50	3	0	1	3	0	0	0	1	0	0	1	0	640	25	2	30	4	2	162	1	5	35	13	0	0	2	0	0	0	0	0	0	0	0	71	[1D]	1	6
41	123457029	10	2	1	50	3	0	0	4	0	0	0	1	0	0	1	0	678	25	2	30	4	2	162	1	5	35	13	0	0	2	0	0	0	0	0	0	0	0	71	[1D]	1	5
42	123457029	10	2	1	50	3	0	0	4	0	0	0	1	0	0	1	0	678	25	2	30	4	2	162	1	5	35	13	0	0	2	0	0	0	0	0	0	0	0	71	[1D]	1	5
43	123457029	13	1	1	54	0	0	1	1	0	0	0	0	0	0	1	0	755	27	2	31	4	2	175	0	5	37	0	0	0	1	0	0	0	0	0	0	0	0	71	[]	0	7
44	123457029	12	2	1	54	0	0	1	1	0	0	0	0	0	0	1	0	774	27	2	31	4	2	173	2	4	38	0	0	0	1	0	0	0	0	0	0	0	0	73	[]	0	6
45	123457029	12	2	1	54	0	0	1	1	0	0	0	0	0	0	1	0	774	28	2	31	4	2	173	0	5	39	0	0	0	1	0	0	0	0	0	0	0	0	73	[]	0	7
46	123457029	11	2	2	54	0	0	0	2	0	0	0	0	0	0	1	0	774	28	2	31	4	2	173	0	5	39	0	0	0	1	0	0	0	0	0	0	0	0	73	[]	0	6
47	123457029	9	2	4	54	0	0	0	2	0	0	0	0	0	0	1	0	774	28	2	31	4	2	171	2	3	41	0	0	0	1	0	0	0	0	0	0	0	0	74	[]	0	5
48	123457029	9	2	4	54	0	0	0	2	0	0	0	0	0	0	1	0	793	28	2	31	4	2	171	1	4	41	0	0	0	1	0	0	0	0	0	0	0	0	74	[]	0	5
49	123457029	9	0	2	52	0	0	2	6	0	0	0	0	0	0	1	0	812	28	3	33	4	3	158	3	3	39	10	0	0	4	0	0	0	0	0	0	1	0	77	[3A]	1	4
50	123457029	8	1	1	53	0	0	2	6	0	0	0	0	0	0	0	1	904	29	3	35	4	3	158	2	2	41	10	0	1	3	0	0	0	0	0	0	0	1	78	[3A]	1	5
51	123457029	8	1	1	53	0	0	2	6	0	0	0	0	0	0	0	1	904	31	3	35	4	3	157	3	1	42	10	0	1	3	0	0	0	0	0	0	0	1	79	[3A]	1	5
52	123457029	8	0	1	54	0	0	2	6	0	0	0	0	0	0	0	1	904	32	3	35	4	3	157	2	2	42	10	0	1	3	0	0	0	0	0	0	0	1	79	[3A]	1	5
53	123457029	8	0	1	55	0	0	1	7	0	0	0	0	0	0	0	0	904	32	3	35	4	3	156	1	4	42	10	0	1	3	0	0	0	0	0	0	0	1	80	[3A]	1	4
54	123457029	8	0	1	55	0	0	1	7	0	0	0	0	0	0	0	0	904	33	3	35	4	3	156	1	3	43	10	0	0	4	0	0	0	0	0	0	0	1	80	[3A]	1	2
55	123457029	7	1	1	55	0	0	0	8	0	0	0	0	0	0	0	0	923	33	3	35	4	3	156	0	3	44	10	0	0	4	0	0	0	0	0	0	0	1	81	[3A]	1	2
56	123457029	7	0	2	55	0	0	0	8	0	0	0	0	0	0	0	0	923	35	3	35	4	3	155	1	3	44	10	0	0	4	0	0	0	0	0	0	0	1	82	[3A]	1	3
57	123457029	7	0	1	57	0	0	0	7	0	0	0	0	0	0	0	0	976	35	3	35	4	3	153	3	2	45	10	0	0	4	0	0	0	0	0	0	0	1	84	[3A]	1	1
58	123457029	7	0	1	57	0	0	0	7	0	0	0	0	0	0	0	0	976	36	3	35	4	3	152	2	3	46	10	0	0	4	0	0	0	0	0	0	0	1	85	[3A]	1	1
59	123457029	6	1	1	57	0	0	0	7	0	0	0	0	0	0	0	0	976	38	3	35	4	3	152	2	2	47	10	0	0	4	0	0	0	0	0	0	0	1	86	[3A]	1	1
60	123457029	6	1	1	57	0	0	0	7	0	0	0	0	0	0	0	0	976	38	3	35	4	3	152	1	3	47	10	0	0	4	0	0	0	0	0	0	0	1	86	[3A]	1	2
