day	seedRun	susceptible	exposed	infected	removed	susceptible-in-quarantine	exposed-in-quarantine	infected-in-quarantine	removed-in-quarantine	susceptible-in-quarantine-external-1	exposed-in-quarantine-external-1	infected-in-quarantine-external-1	removed-in-quarantine-external-1	susceptible-in-quarantine-external-2	exposed-in-quarantine-external-2	infected-in-quarantine-external-2	removed-in-quarantine-external-2	num-of-screened-agents	num-of-screened-agents-external-1	num-of-screened-agents-external-2	num-of-positive-agents	num-of-positive-agents-external-1	num-of-positive-agents-external-2	num-vaccinated	num-immunized	num-immunized-in-quarantine	num-immunized-in-quarantine-external-1	num-immunized-in-quarantine-external-2	num-infected-outside	classroom-in-quarantine	num-of-classroom-in-quarantine	classroom-with-at-least-one-infected
0	123456869	216	0	0	0	0	0	0	0	0	0	0	0	0	0	0	0	0	0	0	0	0	0	74	74	0	0	0	0	[]	0	0
1	123456869	213	3	0	0	0	0	0	0	0	0	0	0	0	0	0	0	0	3	0	0	0	0	74	74	0	0	0	3	[]	0	0
2	123456869	210	6	0	0	0	0	0	0	0	0	0	0	0	0	0	0	0	6	0	0	0	0	74	74	0	0	0	6	[]	0	0
3	123456869	203	11	2	0	0	0	0	0	0	0	0	0	0	0	0	0	0	8	0	0	0	0	74	74	0	0	0	10	[]	0	2
4	123456869	197	16	2	1	0	0	0	0	0	0	0	0	0	0	0	0	0	9	0	0	0	0	74	74	0	0	0	14	[]	0	2
5	123456869	182	25	8	1	0	0	0	0	0	0	0	0	0	0	0	0	0	9	0	0	0	0	74	74	0	0	0	18	[]	0	7
6	123456869	179	22	13	2	0	0	0	0	0	0	0	0	0	0	0	0	0	9	0	0	0	0	74	74	0	0	0	21	[]	0	9
7	123456869	172	25	16	3	0	0	0	0	0	0	0	0	0	0	0	0	0	10	0	0	0	0	74	74	0	0	0	28	[]	0	9
8	123456869	144	48	19	5	0	0	0	0	0	0	0	0	0	0	0	0	0	12	0	0	0	0	74	74	0	0	0	34	[]	0	9
9	123456869	111	66	32	6	0	0	0	0	0	0	0	0	0	0	1	0	0	13	1	0	0	1	74	74	0	0	0	36	[]	0	10
10	123456869	79	78	46	10	0	0	0	0	0	0	1	0	0	0	2	0	0	16	2	0	1	2	74	74	0	0	0	39	[]	0	10
11	123456869	60	77	61	11	0	0	0	0	0	0	2	0	0	0	5	0	0	17	5	0	2	5	74	74	0	0	0	42	[]	0	10
12	123456869	47	68	73	20	0	0	0	0	0	0	2	0	0	0	6	0	0	19	6	0	2	6	74	74	0	0	0	43	[]	0	11
13	123456869	47	47	85	25	0	0	0	0	0	0	3	0	0	0	8	1	0	21	9	0	3	9	74	74	0	0	0	43	[]	0	11
14	123456869	46	39	80	38	0	0	0	0	0	0	3	1	0	0	8	1	0	23	9	0	4	9	74	74	0	0	0	44	[]	0	11
15	123456869	33	42	74	50	0	0	0	0	0	0	3	1	0	0	11	2	0	23	13	0	4	13	74	74	0	0	0	45	[]	0	12
16	123456869	29	34	78	56	0	0	0	0	0	0	4	1	0	0	10	4	0	26	14	0	5	14	74	74	0	0	0	45	[]	0	12
17	123456869	25	28	70	70	0	0	0	0	0	0	5	1	0	0	11	6	0	28	17	0	6	17	74	74	0	0	0	45	[]	0	12
18	123456869	19	24	63	85	0	0	0	0	0	0	5	1	0	0	12	7	0	28	19	0	6	19	74	74	0	0	0	45	[]	0	12
19	123456869	12	26	56	95	0	0	0	0	0	0	5	1	0	0	14	7	0	28	22	0	6	22	74	74	0	0	0	46	[]	0	12
20	123456869	12	21	56	102	0	0	0	0	0	0	4	1	0	0	14	6	0	29	22	0	6	22	74	74	0	0	0	46	[]	0	12
21	123456869	12	15	55	111	0	0	0	0	0	0	5	1	0	0	12	5	0	33	22	0	8	22	74	74	0	0	0	46	[]	0	12
22	123456869	8	16	52	117	0	0	0	0	0	0	4	2	0	0	10	7	0	33	23	0	8	23	74	74	0	0	0	46	[]	0	12
23	123456869	5	16	41	132	0	0	0	0	0	0	4	2	0	0	11	5	0	34	25	0	9	25	74	74	0	0	0	46	[]	0	12
24	123456869	4	15	35	139	0	0	0	0	0	0	5	2	0	0	10	6	0	37	25	0	11	25	74	74	0	0	0	46	[]	0	12
25	123456869	3	11	35	146	0	0	0	0	0	0	5	2	0	0	9	5	0	41	27	0	11	27	74	74	0	0	0	46	[]	0	12
26	123456869	2	10	33	151	0	0	0	0	0	0	5	2	0	0	7	6	0	43	27	0	12	27	74	74	0	0	0	46	[]	0	12
27	123456869	2	8	29	159	0	0	0	0	0	0	5	1	0	0	8	4	0	45	29	0	12	29	74	74	0	0	0	46	[]	0	12
28	123456869	2	4	28	165	0	0	0	0	0	0	5	2	0	0	5	5	0	48	29	0	13	29	74	74	0	0	0	46	[]	0	11
29	123456869	1	4	25	171	0	0	0	0	0	0	5	2	0	0	5	3	0	49	30	0	13	30	74	74	0	0	0	46	[]	0	11
30	123456869	1	3	21	174	0	0	0	0	0	0	5	2	0	0	5	5	0	50	32	0	13	32	74	74	0	0	0	46	[]	0	10
31	123456869	1	3	20	177	0	0	0	0	0	0	5	0	0	0	5	5	0	52	32	0	13	32	74	74	0	0	0	46	[]	0	10
32	123456869	1	2	20	179	0	0	0	0	0	0	4	1	0	0	4	5	0	53	32	0	13	32	74	74	0	0	0	46	[]	0	10
33	123456869	0	3	14	187	0	0	0	0	0	0	3	1	0	0	4	4	0	58	33	0	13	33	74	74	0	0	0	46	[]	0	10
34	123456869	0	3	10	192	0	0	0	0	0	0	1	1	0	0	4	5	0	61	34	0	13	34	74	74	0	0	0	46	[]	0	10
35	123456869	0	3	9	195	0	0	0	0	0	0	0	2	0	0	2	5	0	61	34	0	13	34	74	74	0	0	0	46	[]	0	8
36	123456869	0	2	9	196	0	0	0	0	0	0	0	1	0	0	2	6	0	63	35	0	13	35	74	74	0	0	0	46	[]	0	8
37	123456869	0	2	8	199	0	0	0	0	0	0	0	1	0	0	2	4	0	66	35	0	13	35	74	74	0	0	0	46	[]	0	7
38	123456869	0	1	8	200	0	0	0	0	0	0	1	0	0	0	2	4	0	69	35	0	14	35	74	74	0	0	0	46	[]	0	7
39	123456869	0	1	7	201	0	0	0	0	0	0	0	1	0	0	2	4	0	70	36	0	14	36	74	74	0	0	0	46	[]	0	7
40	123456869	0	1	6	204	0	0	0	0	0	0	0	1	0	0	2	2	0	70	36	0	14	36	74	74	0	0	0	46	[]	0	6
41	123456869	0	0	7	204	0	0	0	0	0	0	0	1	0	0	2	2	0	71	36	0	14	36	74	74	0	0	0	46	[]	0	6
42	123456869	0	0	7	204	0	0	0	0	0	0	0	1	0	0	2	2	0	71	36	0	14	36	74	74	0	0	0	46	[]	0	6
43	123456869	0	0	6	206	0	0	0	0	0	0	0	1	0	0	1	2	0	73	36	0	14	36	74	74	0	0	0	46	[]	0	6
44	123456869	0	0	6	207	0	0	0	0	0	0	0	1	0	0	0	2	0	77	36	0	14	36	74	74	0	0	0	46	[]	0	5
45	123456869	0	0	6	207	0	0	0	0	0	0	0	1	0	0	0	2	0	78	36	0	14	36	74	74	0	0	0	46	[]	0	5
46	123456869	0	0	4	210	0	0	0	0	0	0	0	1	0	0	0	1	0	79	36	0	14	36	74	74	0	0	0	46	[]	0	4
47	123456869	0	0	3	211	0	0	0	0	0	0	0	1	0	0	0	1	0	80	36	0	14	36	74	74	0	0	0	46	[]	0	3
48	123456869	0	0	3	212	0	0	0	0	0	0	0	0	0	0	0	1	0	81	36	0	14	36	74	74	0	0	0	46	[]	0	3
49	123456869	0	0	2	214	0	0	0	0	0	0	0	0	0	0	0	0	0	82	36	0	14	36	74	74	0	0	0	46	[]	0	2
50	123456869	0	0	1	215	0	0	0	0	0	0	0	0	0	0	0	0	0	82	36	0	14	36	74	74	0	0	0	46	[]	0	1
51	123456869	0	0	1	215	0	0	0	0	0	0	0	0	0	0	0	0	0	84	36	0	14	36	74	74	0	0	0	46	[]	0	1
52	123456869	0	0	1	215	0	0	0	0	0	0	0	0	0	0	0	0	0	86	36	0	14	36	74	74	0	0	0	46	[]	0	1
53	123456869	0	0	1	215	0	0	0	0	0	0	0	0	0	0	0	0	0	89	36	0	14	36	74	74	0	0	0	46	[]	0	1
54	123456869	0	0	1	215	0	0	0	0	0	0	0	0	0	0	0	0	0	92	36	0	14	36	74	74	0	0	0	46	[]	0	1
55	123456869	0	0	1	215	0	0	0	0	0	0	0	0	0	0	0	0	0	95	36	0	14	36	74	74	0	0	0	46	[]	0	1
56	123456869	0	0	1	215	0	0	0	0	0	0	0	0	0	0	0	0	0	97	36	0	14	36	74	74	0	0	0	46	[]	0	1
57	123456869	0	0	1	215	0	0	0	0	0	0	0	0	0	0	0	0	0	98	36	0	14	36	74	74	0	0	0	46	[]	0	1
58	123456869	0	0	1	215	0	0	0	0	0	0	0	0	0	0	0	0	0	102	36	0	14	36	74	74	0	0	0	46	[]	0	1
59	123456869	0	0	1	215	0	0	0	0	0	0	0	0	0	0	0	0	0	104	36	0	14	36	74	74	0	0	0	46	[]	0	1
60	123456869	0	0	1	215	0	0	0	0	0	0	0	0	0	0	0	0	0	107	36	0	14	36	74	74	0	0	0	46	[]	0	1
