day	seedRun	susceptible	exposed	infected	removed	susceptible-in-quarantine	exposed-in-quarantine	infected-in-quarantine	removed-in-quarantine	susceptible-in-quarantine-external-1	exposed-in-quarantine-external-1	infected-in-quarantine-external-1	removed-in-quarantine-external-1	susceptible-in-quarantine-external-2	exposed-in-quarantine-external-2	infected-in-quarantine-external-2	removed-in-quarantine-external-2	num-of-screened-agents	num-of-screened-agents-external-1	num-of-screened-agents-external-2	num-of-positive-agents	num-of-positive-agents-external-1	num-of-positive-agents-external-2	num-vaccinated-susceptible	num-vaccinated-exposed	num-vaccinated-infected	num-vaccinated-removed	num-vaccinated-susceptible-in-quarantine	num-vaccinated-exposed-in-quarantine	num-vaccinated-infected-in-quarantine	num-vaccinated-removed-in-quarantine	num-vaccinated-susceptible-in-quarantine-external-1	num-vaccinated-exposed-in-quarantine-external-1	num-vaccinated-infected-in-quarantine-external-1	num-vaccinated-removed-in-quarantine-external-1	num-vaccinated-susceptible-in-quarantine-external-2	num-vaccinated-exposed-in-quarantine-external-2	num-vaccinated-infected-in-quarantine-external-2	num-vaccinated-removed-in-quarantine-external-2	num-infected-outside	classroom-in-quarantine	num-of-classroom-in-quarantine	classroom-with-at-least-one-infected
0	123456874	240	0	0	0	0	0	0	0	0	0	0	0	0	0	0	0	0	0	0	0	0	0	0	0	0	50	0	0	0	0	0	0	0	0	0	0	0	0	0	[]	0	0
1	123456874	233	7	0	0	0	0	0	0	0	0	0	0	0	0	0	0	0	0	0	0	0	0	0	0	0	50	0	0	0	0	0	0	0	0	0	0	0	0	7	[]	0	0
2	123456874	220	18	2	0	0	0	0	0	0	0	0	0	0	0	0	0	0	0	0	0	0	0	0	0	0	50	0	0	0	0	0	0	0	0	0	0	0	0	19	[]	0	2
3	123456874	197	36	7	0	0	0	0	0	0	0	0	0	0	0	0	0	0	1	0	0	0	0	0	0	0	50	0	0	0	0	0	0	0	0	0	0	0	0	33	[]	0	6
4	123456874	165	60	14	1	0	0	0	0	0	0	0	0	0	0	0	0	0	3	0	0	0	0	0	0	0	50	0	0	0	0	0	0	0	0	0	0	0	0	43	[]	0	8
5	123456874	134	80	22	3	0	0	0	0	0	0	1	0	0	0	0	0	0	8	0	0	1	0	0	0	0	50	0	0	0	0	0	0	0	0	0	0	0	0	49	[]	0	11
6	123456874	130	57	48	4	0	0	0	0	0	0	1	0	0	0	0	0	0	8	0	0	1	0	0	0	0	50	0	0	0	0	0	0	0	0	0	0	0	0	53	[]	0	12
7	123456874	123	50	59	7	0	0	0	0	0	0	0	1	0	0	0	0	0	8	0	0	1	0	0	0	0	50	0	0	0	0	0	0	0	0	0	0	0	0	60	[]	0	12
8	123456874	76	82	64	17	0	0	0	0	0	0	0	1	0	0	0	0	0	9	0	0	1	0	0	0	0	50	0	0	0	0	0	0	0	0	0	0	0	0	65	[]	0	12
9	123456874	32	105	79	23	0	0	0	0	0	0	0	1	0	0	0	0	0	11	0	0	1	0	0	0	0	50	0	0	0	0	0	0	0	0	0	0	0	0	69	[]	0	12
10	123456874	13	96	98	32	0	0	0	0	0	0	0	1	0	0	0	0	0	11	0	0	1	0	0	0	0	50	0	0	0	0	0	0	0	0	0	0	0	0	71	[]	0	12
11	123456874	3	80	109	45	0	0	0	0	0	0	0	1	0	0	2	0	0	12	2	0	1	2	0	0	0	50	0	0	0	0	0	0	0	0	0	0	0	0	71	[]	0	12
12	123456874	1	60	116	60	0	0	0	0	0	0	0	1	0	0	2	0	0	14	2	0	1	2	0	0	0	50	0	0	0	0	0	0	0	0	0	0	0	0	71	[]	0	12
13	123456874	1	36	126	74	0	0	0	0	0	0	0	1	0	0	2	0	0	14	2	0	1	2	0	0	0	50	0	0	0	0	0	0	0	0	0	0	0	0	71	[]	0	12
14	123456874	1	26	114	95	0	0	0	0	0	0	0	1	0	0	3	0	0	14	3	0	1	3	0	0	0	50	0	0	0	0	0	0	0	0	0	0	0	0	71	[]	0	12
15	123456874	1	20	107	107	0	0	0	0	0	0	1	1	0	0	3	0	0	15	3	0	2	3	0	0	0	50	0	0	0	0	0	0	0	0	0	0	0	0	71	[]	0	12
16	123456874	0	12	95	127	0	0	0	0	0	0	1	2	0	0	1	2	0	16	3	0	3	3	0	0	0	50	0	0	0	0	0	0	0	0	0	0	0	0	71	[]	0	12
17	123456874	0	9	88	137	0	0	0	0	0	0	1	2	0	0	1	2	0	16	3	0	3	3	0	0	0	50	0	0	0	0	0	0	0	0	0	0	0	0	71	[]	0	12
18	123456874	0	8	73	152	0	0	0	0	0	0	1	2	0	0	2	2	0	19	4	0	3	4	0	0	0	50	0	0	0	0	0	0	0	0	0	0	0	0	71	[]	0	12
19	123456874	0	7	68	159	0	0	0	0	0	0	1	1	0	0	2	2	0	19	4	0	3	4	0	0	0	50	0	0	0	0	0	0	0	0	0	0	0	0	71	[]	0	12
20	123456874	0	6	59	169	0	0	0	0	0	0	1	1	0	0	2	2	0	19	4	0	3	4	0	0	0	50	0	0	0	0	0	0	0	0	0	0	0	0	71	[]	0	12
21	123456874	0	5	55	174	0	0	0	0	0	0	1	1	0	0	2	2	0	19	4	0	3	4	0	0	0	50	0	0	0	0	0	0	0	0	0	0	0	0	71	[]	0	12
22	123456874	0	5	48	180	0	0	0	0	0	0	1	1	0	0	3	2	0	21	5	0	3	5	0	0	0	50	0	0	0	0	0	0	0	0	0	0	0	0	71	[]	0	12
23	123456874	0	5	42	184	0	0	0	0	0	0	0	2	0	0	5	2	0	22	7	0	3	7	0	0	0	50	0	0	0	0	0	0	0	0	0	0	0	0	71	[]	0	12
24	123456874	0	3	40	187	0	0	0	0	0	0	0	2	0	0	6	2	0	22	8	0	3	8	0	0	0	50	0	0	0	0	0	0	0	0	0	0	0	0	71	[]	0	12
25	123456874	0	2	34	195	0	0	0	0	0	0	0	2	0	0	6	1	0	22	9	0	3	9	0	0	0	50	0	0	0	0	0	0	0	0	0	0	0	0	71	[]	0	12
26	123456874	0	1	32	198	0	0	0	0	0	0	0	2	0	0	5	2	0	22	9	0	3	9	0	0	0	50	0	0	0	0	0	0	0	0	0	0	0	0	71	[]	0	11
27	123456874	0	1	29	201	0	0	0	0	0	0	0	2	0	0	4	3	0	23	9	0	3	9	0	0	0	50	0	0	0	0	0	0	0	0	0	0	0	0	71	[]	0	11
28	123456874	0	1	24	207	0	0	0	0	0	0	0	2	0	0	3	3	0	23	9	0	3	9	0	0	0	50	0	0	0	0	0	0	0	0	0	0	0	0	71	[]	0	11
29	123456874	0	1	20	210	0	0	0	0	0	0	0	1	0	0	5	3	0	24	11	0	3	11	0	0	0	50	0	0	0	0	0	0	0	0	0	0	0	0	71	[]	0	11
30	123456874	0	0	19	213	0	0	0	0	0	0	0	0	0	0	3	5	0	24	11	0	3	11	0	0	0	50	0	0	0	0	0	0	0	0	0	0	0	0	71	[]	0	10
31	123456874	0	0	13	219	0	0	0	0	0	0	0	0	0	0	2	6	0	24	11	0	3	11	0	0	0	50	0	0	0	0	0	0	0	0	0	0	0	0	71	[]	0	8
32	123456874	0	0	10	223	0	0	0	0	0	0	0	0	0	0	2	5	0	26	11	0	3	11	0	0	0	50	0	0	0	0	0	0	0	0	0	0	0	0	71	[]	0	7
33	123456874	0	0	9	224	0	0	0	0	0	0	0	0	0	0	2	5	0	26	11	0	3	11	0	0	0	50	0	0	0	0	0	0	0	0	0	0	0	0	71	[]	0	6
34	123456874	0	0	9	224	0	0	0	0	0	0	0	0	0	0	2	5	0	26	11	0	3	11	0	0	0	50	0	0	0	0	0	0	0	0	0	0	0	0	71	[]	0	6
35	123456874	0	0	8	225	0	0	0	0	0	0	0	0	0	0	1	6	0	26	11	0	3	11	0	0	0	50	0	0	0	0	0	0	0	0	0	0	0	0	71	[]	0	5
36	123456874	0	0	8	226	0	0	0	0	0	0	0	0	0	0	1	5	0	26	11	0	3	11	0	0	0	50	0	0	0	0	0	0	0	0	0	0	0	0	71	[]	0	5
37	123456874	0	0	6	230	0	0	0	0	0	0	0	0	0	0	1	3	0	26	11	0	3	11	0	0	0	50	0	0	0	0	0	0	0	0	0	0	0	0	71	[]	0	4
38	123456874	0	0	5	232	0	0	0	0	0	0	0	0	0	0	1	2	0	28	11	0	3	11	0	0	0	50	0	0	0	0	0	0	0	0	0	0	0	0	71	[]	0	4
39	123456874	0	0	4	234	0	0	0	0	0	0	0	0	0	0	0	2	0	28	11	0	3	11	0	0	0	50	0	0	0	0	0	0	0	0	0	0	0	0	71	[]	0	4
40	123456874	0	0	4	234	0	0	0	0	0	0	0	0	0	0	0	2	0	28	11	0	3	11	0	0	0	50	0	0	0	0	0	0	0	0	0	0	0	0	71	[]	0	4
41	123456874	0	0	3	235	0	0	0	0	0	0	0	0	0	0	0	2	0	29	11	0	3	11	0	0	0	50	0	0	0	0	0	0	0	0	0	0	0	0	71	[]	0	3
42	123456874	0	0	2	236	0	0	0	0	0	0	0	0	0	0	0	2	0	29	11	0	3	11	0	0	0	50	0	0	0	0	0	0	0	0	0	0	0	0	71	[]	0	2
43	123456874	0	0	2	238	0	0	0	0	0	0	0	0	0	0	0	0	0	29	11	0	3	11	0	0	0	50	0	0	0	0	0	0	0	0	0	0	0	0	71	[]	0	2
44	123456874	0	0	1	239	0	0	0	0	0	0	0	0	0	0	0	0	0	29	11	0	3	11	0	0	0	50	0	0	0	0	0	0	0	0	0	0	0	0	71	[]	0	1
45	123456874	0	0	1	239	0	0	0	0	0	0	0	0	0	0	0	0	0	29	11	0	3	11	0	0	0	50	0	0	0	0	0	0	0	0	0	0	0	0	71	[]	0	1
46	123456874	0	0	1	239	0	0	0	0	0	0	0	0	0	0	0	0	0	30	11	0	3	11	0	0	0	50	0	0	0	0	0	0	0	0	0	0	0	0	71	[]	0	1
47	123456874	0	0	1	239	0	0	0	0	0	0	0	0	0	0	0	0	0	30	11	0	3	11	0	0	0	50	0	0	0	0	0	0	0	0	0	0	0	0	71	[]	0	1
48	123456874	0	0	1	239	0	0	0	0	0	0	0	0	0	0	0	0	0	31	11	0	3	11	0	0	0	50	0	0	0	0	0	0	0	0	0	0	0	0	71	[]	0	1
49	123456874	0	0	0	240	0	0	0	0	0	0	0	0	0	0	0	0	0	33	11	0	3	11	0	0	0	50	0	0	0	0	0	0	0	0	0	0	0	0	71	[]	0	0
50	123456874	0	0	0	240	0	0	0	0	0	0	0	0	0	0	0	0	0	34	11	0	3	11	0	0	0	50	0	0	0	0	0	0	0	0	0	0	0	0	71	[]	0	0
51	123456874	0	0	0	240	0	0	0	0	0	0	0	0	0	0	0	0	0	35	11	0	3	11	0	0	0	50	0	0	0	0	0	0	0	0	0	0	0	0	71	[]	0	0
52	123456874	0	0	0	240	0	0	0	0	0	0	0	0	0	0	0	0	0	37	11	0	3	11	0	0	0	50	0	0	0	0	0	0	0	0	0	0	0	0	71	[]	0	0
53	123456874	0	0	0	240	0	0	0	0	0	0	0	0	0	0	0	0	0	40	11	0	3	11	0	0	0	50	0	0	0	0	0	0	0	0	0	0	0	0	71	[]	0	0
54	123456874	0	0	0	240	0	0	0	0	0	0	0	0	0	0	0	0	0	42	11	0	3	11	0	0	0	50	0	0	0	0	0	0	0	0	0	0	0	0	71	[]	0	0
55	123456874	0	0	0	240	0	0	0	0	0	0	0	0	0	0	0	0	0	42	11	0	3	11	0	0	0	50	0	0	0	0	0	0	0	0	0	0	0	0	71	[]	0	0
56	123456874	0	0	0	240	0	0	0	0	0	0	0	0	0	0	0	0	0	44	11	0	3	11	0	0	0	50	0	0	0	0	0	0	0	0	0	0	0	0	71	[]	0	0
57	123456874	0	0	0	240	0	0	0	0	0	0	0	0	0	0	0	0	0	45	11	0	3	11	0	0	0	50	0	0	0	0	0	0	0	0	0	0	0	0	71	[]	0	0
58	123456874	0	0	0	240	0	0	0	0	0	0	0	0	0	0	0	0	0	46	11	0	3	11	0	0	0	50	0	0	0	0	0	0	0	0	0	0	0	0	71	[]	0	0
59	123456874	0	0	0	240	0	0	0	0	0	0	0	0	0	0	0	0	0	46	11	0	3	11	0	0	0	50	0	0	0	0	0	0	0	0	0	0	0	0	71	[]	0	0
60	123456874	0	0	0	240	0	0	0	0	0	0	0	0	0	0	0	0	0	46	11	0	3	11	0	0	0	50	0	0	0	0	0	0	0	0	0	0	0	0	71	[]	0	0
