day	seedRun	susceptible	exposed	infected	removed	susceptible-in-quarantine	exposed-in-quarantine	infected-in-quarantine	removed-in-quarantine	susceptible-in-quarantine-external-1	exposed-in-quarantine-external-1	infected-in-quarantine-external-1	removed-in-quarantine-external-1	susceptible-in-quarantine-external-2	exposed-in-quarantine-external-2	infected-in-quarantine-external-2	removed-in-quarantine-external-2	num-of-screened-agents	num-of-screened-agents-external-1	num-of-screened-agents-external-2	num-of-positive-agents	num-of-positive-agents-external-1	num-of-positive-agents-external-2	num-vaccinated-susceptible	num-vaccinated-exposed	num-vaccinated-infected	num-vaccinated-removed	num-vaccinated-susceptible-in-quarantine	num-vaccinated-exposed-in-quarantine	num-vaccinated-infected-in-quarantine	num-vaccinated-removed-in-quarantine	num-vaccinated-susceptible-in-quarantine-external-1	num-vaccinated-exposed-in-quarantine-external-1	num-vaccinated-infected-in-quarantine-external-1	num-vaccinated-removed-in-quarantine-external-1	num-vaccinated-susceptible-in-quarantine-external-2	num-vaccinated-exposed-in-quarantine-external-2	num-vaccinated-infected-in-quarantine-external-2	num-vaccinated-removed-in-quarantine-external-2	num-infected-outside	classroom-in-quarantine	num-of-classroom-in-quarantine	classroom-with-at-least-one-infected
0	123456812	240	0	0	0	0	0	0	0	0	0	0	0	0	0	0	0	0	0	0	0	0	0	0	0	0	50	0	0	0	0	0	0	0	0	0	0	0	0	0	[]	0	0
1	123456812	230	10	0	0	0	0	0	0	0	0	0	0	0	0	0	0	0	2	0	0	0	0	0	0	0	50	0	0	0	0	0	0	0	0	0	0	0	0	10	[]	0	0
2	123456812	221	17	2	0	0	0	0	0	0	0	0	0	0	0	0	0	0	4	0	0	0	0	0	0	0	50	0	0	0	0	0	0	0	0	0	0	0	0	17	[]	0	2
3	123456812	200	31	9	0	0	0	0	0	0	0	0	0	0	0	0	0	0	5	0	0	0	0	0	0	0	50	0	0	0	0	0	0	0	0	0	0	0	0	30	[]	0	4
4	123456812	169	53	17	1	0	0	0	0	0	0	0	0	0	0	0	0	0	5	0	0	0	0	0	0	0	50	0	0	0	0	0	0	0	0	0	0	0	0	39	[]	0	7
5	123456812	136	69	30	5	0	0	0	0	0	0	0	0	0	0	0	0	0	6	0	0	0	0	0	0	0	50	0	0	0	0	0	0	0	0	0	0	0	0	46	[]	0	10
6	123456812	129	58	42	10	0	0	0	0	0	0	0	0	0	0	1	0	0	8	1	0	0	1	0	0	0	50	0	0	0	0	0	0	0	0	0	0	0	0	53	[]	0	10
7	123456812	120	53	49	16	0	0	0	0	0	0	0	0	0	0	1	1	0	8	2	0	0	2	0	0	0	50	0	0	0	0	0	0	0	0	0	0	0	0	62	[]	0	10
8	123456812	82	82	50	24	0	0	0	0	0	0	0	0	0	0	1	1	0	8	2	0	0	2	0	0	0	50	0	0	0	0	0	0	0	0	0	0	0	0	64	[]	0	12
9	123456812	57	91	62	28	0	0	0	0	0	0	0	0	0	0	1	1	0	8	2	0	0	2	0	0	0	50	0	0	0	0	0	0	0	0	0	0	0	0	68	[]	0	12
10	123456812	36	88	77	37	0	0	0	0	0	0	0	0	0	0	1	1	0	8	2	0	0	2	0	0	0	50	0	0	0	0	0	0	0	0	0	0	0	0	71	[]	0	12
11	123456812	20	88	83	45	0	0	0	0	0	0	2	0	0	0	1	1	0	10	2	0	2	2	0	0	0	50	0	0	0	0	0	0	0	0	0	0	0	0	73	[]	0	12
12	123456812	7	72	101	55	0	0	0	0	0	0	2	0	0	0	2	1	0	10	3	0	2	3	0	0	0	50	0	0	0	0	0	0	0	0	0	0	0	0	74	[]	0	12
13	123456812	6	50	110	68	0	0	0	0	0	0	3	0	0	0	2	1	0	12	3	0	3	3	0	0	0	50	0	0	0	0	0	0	0	0	0	0	0	0	75	[]	0	12
14	123456812	6	39	106	83	0	0	0	0	0	0	2	1	0	0	1	2	0	12	3	0	3	3	0	0	0	50	0	0	0	0	0	0	0	0	0	0	0	0	75	[]	0	12
15	123456812	3	33	106	92	0	0	0	0	0	0	2	1	0	0	0	3	0	12	3	0	3	3	0	0	0	50	0	0	0	0	0	0	0	0	0	0	0	0	75	[]	0	12
16	123456812	2	25	93	113	0	0	0	0	0	0	2	1	0	0	1	3	0	12	4	0	3	4	0	0	0	50	0	0	0	0	0	0	0	0	0	0	0	0	75	[]	0	12
17	123456812	1	14	95	123	0	0	0	0	0	0	2	1	0	0	1	3	0	12	4	0	3	4	0	0	0	50	0	0	0	0	0	0	0	0	0	0	0	0	75	[]	0	12
18	123456812	1	8	87	135	0	0	0	0	0	0	4	1	0	0	1	3	0	15	4	0	5	4	0	0	0	50	0	0	0	0	0	0	0	0	0	0	0	0	75	[]	0	12
19	123456812	0	7	83	140	0	0	0	0	0	0	4	1	0	0	1	4	0	15	5	0	5	5	0	0	0	50	0	0	0	0	0	0	0	0	0	0	0	0	75	[]	0	12
20	123456812	0	5	76	150	0	0	0	0	0	0	4	1	0	0	1	3	0	15	5	0	5	5	0	0	0	50	0	0	0	0	0	0	0	0	0	0	0	0	75	[]	0	12
21	123456812	0	4	63	164	0	0	0	0	0	0	3	2	0	0	2	2	0	17	6	0	5	6	0	0	0	50	0	0	0	0	0	0	0	0	0	0	0	0	75	[]	0	12
22	123456812	0	4	58	168	0	0	0	0	0	0	3	3	0	0	1	3	0	18	6	0	6	6	0	0	0	50	0	0	0	0	0	0	0	0	0	0	0	0	75	[]	0	12
23	123456812	0	3	51	176	0	0	0	0	0	0	3	3	0	0	1	3	0	18	6	0	6	6	0	0	0	50	0	0	0	0	0	0	0	0	0	0	0	0	75	[]	0	12
24	123456812	0	2	46	182	0	0	0	0	0	0	3	3	0	0	1	3	0	19	6	0	6	6	0	0	0	50	0	0	0	0	0	0	0	0	0	0	0	0	75	[]	0	11
25	123456812	0	2	37	193	0	0	0	0	0	0	2	2	0	0	0	4	0	21	6	0	6	6	0	0	0	50	0	0	0	0	0	0	0	0	0	0	0	0	75	[]	0	11
26	123456812	0	1	35	196	0	0	0	0	0	0	3	2	0	0	0	3	0	22	6	0	7	6	0	0	0	50	0	0	0	0	0	0	0	0	0	0	0	0	75	[]	0	11
27	123456812	0	0	31	202	0	0	0	0	0	0	1	3	0	0	0	3	0	22	6	0	7	6	0	0	0	50	0	0	0	0	0	0	0	0	0	0	0	0	75	[]	0	11
28	123456812	0	0	26	207	0	0	0	0	0	0	1	3	0	0	0	3	0	22	6	0	7	6	0	0	0	50	0	0	0	0	0	0	0	0	0	0	0	0	75	[]	0	9
29	123456812	0	0	17	215	0	0	0	0	0	0	1	3	0	0	1	3	0	23	7	0	7	7	0	0	0	50	0	0	0	0	0	0	0	0	0	0	0	0	75	[]	0	9
30	123456812	0	0	15	217	0	0	0	0	0	0	1	4	0	0	1	2	0	24	7	0	8	7	0	0	0	50	0	0	0	0	0	0	0	0	0	0	0	0	75	[]	0	9
31	123456812	0	0	11	221	0	0	0	0	0	0	1	4	0	0	1	2	0	24	7	0	8	7	0	0	0	50	0	0	0	0	0	0	0	0	0	0	0	0	75	[]	0	8
32	123456812	0	0	11	223	0	0	0	0	0	0	1	2	0	0	1	2	0	24	7	0	8	7	0	0	0	50	0	0	0	0	0	0	0	0	0	0	0	0	75	[]	0	8
33	123456812	0	0	10	225	0	0	0	0	0	0	1	2	0	0	0	2	0	24	7	0	8	7	0	0	0	50	0	0	0	0	0	0	0	0	0	0	0	0	75	[]	0	6
34	123456812	0	0	8	227	0	0	0	0	0	0	1	2	0	0	0	2	0	25	7	0	8	7	0	0	0	50	0	0	0	0	0	0	0	0	0	0	0	0	75	[]	0	5
35	123456812	0	0	6	230	0	0	0	0	0	0	1	2	0	0	0	1	0	25	7	0	8	7	0	0	0	50	0	0	0	0	0	0	0	0	0	0	0	0	75	[]	0	4
36	123456812	0	0	4	233	0	0	0	0	0	0	1	1	0	0	0	1	0	25	7	0	8	7	0	0	0	50	0	0	0	0	0	0	0	0	0	0	0	0	75	[]	0	3
37	123456812	0	0	2	235	0	0	0	0	0	0	0	2	0	0	0	1	0	25	7	0	8	7	0	0	0	50	0	0	0	0	0	0	0	0	0	0	0	0	75	[]	0	2
38	123456812	0	0	1	236	0	0	0	0	0	0	0	2	0	0	0	1	0	26	7	0	8	7	0	0	0	50	0	0	0	0	0	0	0	0	0	0	0	0	75	[]	0	1
39	123456812	0	0	0	237	0	0	0	0	0	0	0	2	0	0	0	1	0	26	7	0	8	7	0	0	0	50	0	0	0	0	0	0	0	0	0	0	0	0	75	[]	0	0
40	123456812	0	0	0	238	0	0	0	0	0	0	0	1	0	0	0	1	0	27	7	0	8	7	0	0	0	50	0	0	0	0	0	0	0	0	0	0	0	0	75	[]	0	0
41	123456812	0	0	0	238	0	0	0	0	0	0	0	1	0	0	0	1	0	31	7	0	8	7	0	0	0	50	0	0	0	0	0	0	0	0	0	0	0	0	75	[]	0	0
42	123456812	0	0	0	238	0	0	0	0	0	0	0	1	0	0	0	1	0	32	7	0	8	7	0	0	0	50	0	0	0	0	0	0	0	0	0	0	0	0	75	[]	0	0
43	123456812	0	0	0	239	0	0	0	0	0	0	0	1	0	0	0	0	0	33	7	0	8	7	0	0	0	50	0	0	0	0	0	0	0	0	0	0	0	0	75	[]	0	0
44	123456812	0	0	0	240	0	0	0	0	0	0	0	0	0	0	0	0	0	33	7	0	8	7	0	0	0	50	0	0	0	0	0	0	0	0	0	0	0	0	75	[]	0	0
45	123456812	0	0	0	240	0	0	0	0	0	0	0	0	0	0	0	0	0	33	7	0	8	7	0	0	0	50	0	0	0	0	0	0	0	0	0	0	0	0	75	[]	0	0
46	123456812	0	0	0	240	0	0	0	0	0	0	0	0	0	0	0	0	0	34	7	0	8	7	0	0	0	50	0	0	0	0	0	0	0	0	0	0	0	0	75	[]	0	0
47	123456812	0	0	0	240	0	0	0	0	0	0	0	0	0	0	0	0	0	38	7	0	8	7	0	0	0	50	0	0	0	0	0	0	0	0	0	0	0	0	75	[]	0	0
48	123456812	0	0	0	240	0	0	0	0	0	0	0	0	0	0	0	0	0	38	7	0	8	7	0	0	0	50	0	0	0	0	0	0	0	0	0	0	0	0	75	[]	0	0
49	123456812	0	0	0	240	0	0	0	0	0	0	0	0	0	0	0	0	0	39	7	0	8	7	0	0	0	50	0	0	0	0	0	0	0	0	0	0	0	0	75	[]	0	0
50	123456812	0	0	0	240	0	0	0	0	0	0	0	0	0	0	0	0	0	39	7	0	8	7	0	0	0	50	0	0	0	0	0	0	0	0	0	0	0	0	75	[]	0	0
51	123456812	0	0	0	240	0	0	0	0	0	0	0	0	0	0	0	0	0	40	7	0	8	7	0	0	0	50	0	0	0	0	0	0	0	0	0	0	0	0	75	[]	0	0
52	123456812	0	0	0	240	0	0	0	0	0	0	0	0	0	0	0	0	0	40	7	0	8	7	0	0	0	50	0	0	0	0	0	0	0	0	0	0	0	0	75	[]	0	0
53	123456812	0	0	0	240	0	0	0	0	0	0	0	0	0	0	0	0	0	41	7	0	8	7	0	0	0	50	0	0	0	0	0	0	0	0	0	0	0	0	75	[]	0	0
54	123456812	0	0	0	240	0	0	0	0	0	0	0	0	0	0	0	0	0	43	7	0	8	7	0	0	0	50	0	0	0	0	0	0	0	0	0	0	0	0	75	[]	0	0
55	123456812	0	0	0	240	0	0	0	0	0	0	0	0	0	0	0	0	0	44	7	0	8	7	0	0	0	50	0	0	0	0	0	0	0	0	0	0	0	0	75	[]	0	0
56	123456812	0	0	0	240	0	0	0	0	0	0	0	0	0	0	0	0	0	45	7	0	8	7	0	0	0	50	0	0	0	0	0	0	0	0	0	0	0	0	75	[]	0	0
57	123456812	0	0	0	240	0	0	0	0	0	0	0	0	0	0	0	0	0	45	7	0	8	7	0	0	0	50	0	0	0	0	0	0	0	0	0	0	0	0	75	[]	0	0
58	123456812	0	0	0	240	0	0	0	0	0	0	0	0	0	0	0	0	0	45	7	0	8	7	0	0	0	50	0	0	0	0	0	0	0	0	0	0	0	0	75	[]	0	0
59	123456812	0	0	0	240	0	0	0	0	0	0	0	0	0	0	0	0	0	45	7	0	8	7	0	0	0	50	0	0	0	0	0	0	0	0	0	0	0	0	75	[]	0	0
60	123456812	0	0	0	240	0	0	0	0	0	0	0	0	0	0	0	0	0	46	7	0	8	7	0	0	0	50	0	0	0	0	0	0	0	0	0	0	0	0	75	[]	0	0
