day	seedRun	susceptible	exposed	infected	removed	susceptible-in-quarantine	exposed-in-quarantine	infected-in-quarantine	removed-in-quarantine	susceptible-in-quarantine-external-1	exposed-in-quarantine-external-1	infected-in-quarantine-external-1	removed-in-quarantine-external-1	susceptible-in-quarantine-external-2	exposed-in-quarantine-external-2	infected-in-quarantine-external-2	removed-in-quarantine-external-2	num-of-screened-agents	num-of-screened-agents-external-1	num-of-screened-agents-external-2	num-of-positive-agents	num-of-positive-agents-external-1	num-of-positive-agents-external-2	num-vaccinated	num-immunized	num-immunized-in-quarantine	num-immunized-in-quarantine-external-1	num-immunized-in-quarantine-external-2	num-infected-outside	classroom-in-quarantine	num-of-classroom-in-quarantine	classroom-with-at-least-one-infected
0	123456967	236	0	0	0	0	0	0	0	0	0	0	0	0	0	0	0	0	0	0	0	0	0	74	54	0	0	0	0	[]	0	0
1	123456967	236	0	0	0	0	0	0	0	0	0	0	0	0	0	0	0	0	3	0	0	0	0	74	54	0	0	0	0	[]	0	0
2	123456967	236	0	0	0	0	0	0	0	0	0	0	0	0	0	0	0	0	4	0	0	0	0	74	54	0	0	0	0	[]	0	0
3	123456967	235	1	0	0	0	0	0	0	0	0	0	0	0	0	0	0	0	6	0	0	0	0	74	54	0	0	0	1	[]	0	0
4	123456967	231	4	1	0	0	0	0	0	0	0	0	0	0	0	0	0	0	6	0	0	0	0	74	54	0	0	0	2	[]	0	1
5	123456967	213	20	2	0	0	0	0	0	0	0	0	0	0	0	1	0	0	8	1	0	0	1	74	54	0	0	0	2	[]	0	2
6	123456967	213	15	7	0	0	0	0	0	0	0	0	0	0	0	1	0	0	9	1	0	0	1	74	54	0	0	0	2	[]	0	2
7	123456967	213	12	9	0	0	0	0	0	0	0	0	0	0	0	1	1	0	9	2	0	0	2	74	54	0	0	0	2	[]	0	3
8	123456967	191	29	14	0	0	0	0	0	0	0	0	0	0	0	1	1	0	10	2	0	0	2	74	54	0	0	0	3	[]	0	3
9	123456967	159	51	22	1	0	0	0	0	0	0	0	0	0	0	2	1	0	12	3	0	0	3	74	54	0	0	0	3	[]	0	6
10	123456967	121	75	34	3	0	0	0	0	0	0	0	0	0	0	2	1	0	14	3	0	0	3	74	54	0	0	0	5	[]	0	7
11	123456967	94	78	47	11	0	0	0	0	0	0	0	0	0	0	5	1	0	15	6	0	0	6	74	54	0	0	0	5	[]	0	7
12	123456967	79	72	60	16	0	0	0	0	0	0	1	0	0	0	7	1	0	17	8	0	1	8	74	54	0	0	0	5	[]	0	8
13	123456967	79	55	65	26	0	0	0	0	0	0	1	0	0	0	6	4	0	17	10	0	1	10	74	54	0	0	0	5	[]	0	9
14	123456967	78	37	69	38	0	0	0	0	0	0	1	0	0	0	8	5	0	18	13	0	1	13	74	54	0	0	0	6	[]	0	11
15	123456967	48	54	73	47	0	0	0	0	0	0	2	0	0	0	6	6	0	22	13	0	2	13	74	54	0	0	0	6	[]	0	10
16	123456967	34	55	76	54	0	0	0	0	0	0	1	1	0	0	8	7	0	24	16	0	2	16	74	54	0	0	0	6	[]	0	10
17	123456967	20	58	79	62	0	0	0	0	0	0	0	2	0	0	8	7	0	24	17	0	2	17	74	54	0	0	0	6	[]	0	11
18	123456967	1	58	86	73	0	0	0	0	0	0	0	2	0	0	9	7	0	26	18	0	2	18	74	54	0	0	0	6	[]	0	12
19	123456967	0	36	96	86	0	0	0	0	0	0	1	2	0	0	8	7	0	28	18	0	3	18	74	54	0	0	0	6	[]	0	12
20	123456967	0	23	93	101	0	0	0	0	0	0	1	2	0	0	8	8	0	28	19	0	3	19	74	54	0	0	0	6	[]	0	12
21	123456967	0	16	88	114	0	0	0	0	0	0	0	3	0	0	8	7	0	30	21	0	3	21	74	54	0	0	0	6	[]	0	12
22	123456967	0	12	73	134	0	0	0	0	0	0	0	2	0	0	9	6	0	31	23	0	3	23	74	54	0	0	0	6	[]	0	12
23	123456967	0	8	71	142	0	0	0	0	0	0	0	2	0	0	6	7	0	31	23	0	3	23	74	54	0	0	0	6	[]	0	11
24	123456967	0	6	56	161	0	0	0	0	0	0	0	2	0	0	6	5	0	33	24	0	3	24	74	54	0	0	0	6	[]	0	11
25	123456967	0	4	46	173	0	0	0	0	0	0	0	1	0	0	5	7	0	34	25	0	3	25	74	54	0	0	0	6	[]	0	11
26	123456967	0	3	37	184	0	0	0	0	0	0	0	1	0	0	5	6	0	38	27	0	3	27	74	54	0	0	0	6	[]	0	11
27	123456967	0	0	36	187	0	0	0	0	0	0	0	1	0	0	7	5	0	41	29	0	3	29	74	54	0	0	0	6	[]	0	11
28	123456967	0	0	28	194	0	0	0	0	0	0	0	1	0	0	7	6	0	42	31	0	3	31	74	54	0	0	0	6	[]	0	9
29	123456967	0	0	22	200	0	0	0	0	0	0	0	0	0	0	7	7	0	42	32	0	3	32	74	54	0	0	0	6	[]	0	9
30	123456967	0	0	19	203	0	0	0	0	0	0	0	0	0	0	6	8	0	42	33	0	3	33	74	54	0	0	0	6	[]	0	9
31	123456967	0	0	15	209	0	0	0	0	0	0	0	0	0	0	4	8	0	44	33	0	3	33	74	54	0	0	0	6	[]	0	7
32	123456967	0	0	14	212	0	0	0	0	0	0	0	0	0	0	4	6	0	45	33	0	3	33	74	54	0	0	0	6	[]	0	7
33	123456967	0	0	12	213	0	0	0	0	0	0	1	0	0	0	3	7	0	47	33	0	4	33	74	54	0	0	0	6	[]	0	6
34	123456967	0	0	11	215	0	0	0	0	0	0	0	1	0	0	3	6	0	48	33	0	4	33	74	54	0	0	0	6	[]	0	5
35	123456967	0	0	10	217	0	0	0	0	0	0	0	1	0	0	2	6	0	52	33	0	4	33	74	54	0	0	0	6	[]	0	5
36	123456967	0	0	8	221	0	0	0	0	0	0	0	1	0	0	2	4	0	55	33	0	4	33	74	54	0	0	0	6	[]	0	5
37	123456967	0	0	6	225	0	0	0	0	0	0	0	1	0	0	1	3	0	55	33	0	4	33	74	54	0	0	0	6	[]	0	4
38	123456967	0	0	5	228	0	0	0	0	0	0	0	1	0	0	0	2	0	57	33	0	4	33	74	54	0	0	0	6	[]	0	3
39	123456967	0	0	2	232	0	0	0	0	0	0	0	1	0	0	0	1	0	57	33	0	4	33	74	54	0	0	0	6	[]	0	2
40	123456967	0	0	2	233	0	0	0	0	0	0	0	1	0	0	0	0	0	61	33	0	4	33	74	54	0	0	0	6	[]	0	2
41	123456967	0	0	0	235	0	0	0	0	0	0	0	1	0	0	0	0	0	64	33	0	4	33	74	54	0	0	0	6	[]	0	0
42	123456967	0	0	0	235	0	0	0	0	0	0	0	1	0	0	0	0	0	64	33	0	4	33	74	54	0	0	0	6	[]	0	0
43	123456967	0	0	0	236	0	0	0	0	0	0	0	0	0	0	0	0	0	65	33	0	4	33	74	54	0	0	0	6	[]	0	0
44	123456967	0	0	0	236	0	0	0	0	0	0	0	0	0	0	0	0	0	73	33	0	4	33	74	54	0	0	0	6	[]	0	0
45	123456967	0	0	0	236	0	0	0	0	0	0	0	0	0	0	0	0	0	77	33	0	4	33	74	54	0	0	0	6	[]	0	0
46	123456967	0	0	0	236	0	0	0	0	0	0	0	0	0	0	0	0	0	78	33	0	4	33	74	54	0	0	0	6	[]	0	0
47	123456967	0	0	0	236	0	0	0	0	0	0	0	0	0	0	0	0	0	79	33	0	4	33	74	54	0	0	0	6	[]	0	0
48	123456967	0	0	0	236	0	0	0	0	0	0	0	0	0	0	0	0	0	82	33	0	4	33	74	54	0	0	0	6	[]	0	0
49	123456967	0	0	0	236	0	0	0	0	0	0	0	0	0	0	0	0	0	84	33	0	4	33	74	54	0	0	0	6	[]	0	0
50	123456967	0	0	0	236	0	0	0	0	0	0	0	0	0	0	0	0	0	88	33	0	4	33	74	54	0	0	0	6	[]	0	0
51	123456967	0	0	0	236	0	0	0	0	0	0	0	0	0	0	0	0	0	89	33	0	4	33	74	54	0	0	0	6	[]	0	0
52	123456967	0	0	0	236	0	0	0	0	0	0	0	0	0	0	0	0	0	91	33	0	4	33	74	54	0	0	0	6	[]	0	0
53	123456967	0	0	0	236	0	0	0	0	0	0	0	0	0	0	0	0	0	92	33	0	4	33	74	54	0	0	0	6	[]	0	0
54	123456967	0	0	0	236	0	0	0	0	0	0	0	0	0	0	0	0	0	93	33	0	4	33	74	54	0	0	0	6	[]	0	0
55	123456967	0	0	0	236	0	0	0	0	0	0	0	0	0	0	0	0	0	94	33	0	4	33	74	54	0	0	0	6	[]	0	0
56	123456967	0	0	0	236	0	0	0	0	0	0	0	0	0	0	0	0	0	97	33	0	4	33	74	54	0	0	0	6	[]	0	0
57	123456967	0	0	0	236	0	0	0	0	0	0	0	0	0	0	0	0	0	100	33	0	4	33	74	54	0	0	0	6	[]	0	0
58	123456967	0	0	0	236	0	0	0	0	0	0	0	0	0	0	0	0	0	102	33	0	4	33	74	54	0	0	0	6	[]	0	0
59	123456967	0	0	0	236	0	0	0	0	0	0	0	0	0	0	0	0	0	104	33	0	4	33	74	54	0	0	0	6	[]	0	0
60	123456967	0	0	0	236	0	0	0	0	0	0	0	0	0	0	0	0	0	109	33	0	4	33	74	54	0	0	0	6	[]	0	0
