day	seedRun	susceptible	exposed	infected	removed	susceptible-in-quarantine	exposed-in-quarantine	infected-in-quarantine	removed-in-quarantine	susceptible-in-quarantine-external-1	exposed-in-quarantine-external-1	infected-in-quarantine-external-1	removed-in-quarantine-external-1	susceptible-in-quarantine-external-2	exposed-in-quarantine-external-2	infected-in-quarantine-external-2	removed-in-quarantine-external-2	num-of-screened-agents	num-of-screened-agents-external-1	num-of-screened-agents-external-2	num-of-positive-agents	num-of-positive-agents-external-1	num-of-positive-agents-external-2	num-vaccinated	num-immunized	num-immunized-in-quarantine	num-immunized-in-quarantine-external-1	num-immunized-in-quarantine-external-2	num-infected-outside	classroom-in-quarantine	num-of-classroom-in-quarantine	classroom-with-at-least-one-infected
0	123456989	178	0	0	0	0	0	0	0	0	0	0	0	0	0	0	0	0	0	0	0	0	0	146	112	0	0	0	0	[]	0	0
1	123456989	168	10	0	0	0	0	0	0	0	0	0	0	0	0	0	0	0	3	0	0	0	0	146	112	0	0	0	10	[]	0	0
2	123456989	155	18	5	0	0	0	0	0	0	0	0	0	0	0	0	0	0	6	0	0	0	0	146	112	0	0	0	17	[]	0	5
3	123456989	136	29	13	0	0	0	0	0	0	0	0	0	0	0	0	0	0	9	0	0	0	0	146	112	0	0	0	27	[]	0	6
4	123456989	109	46	21	2	0	0	0	0	0	0	0	0	0	0	0	0	0	13	0	0	0	0	146	112	0	0	0	35	[]	0	10
5	123456989	85	55	32	5	0	0	0	0	0	0	1	0	0	0	0	0	0	17	0	0	1	0	146	112	0	0	0	42	[]	0	11
6	123456989	82	41	43	10	0	0	0	0	0	0	1	0	0	0	1	0	0	18	1	0	1	1	146	112	0	0	0	45	[]	0	11
7	123456989	80	35	45	16	0	0	0	0	0	0	1	0	0	0	1	0	0	19	1	0	1	1	146	112	0	0	0	47	[]	0	11
8	123456989	57	46	46	24	0	0	0	0	0	0	2	0	0	0	3	0	0	22	3	0	2	3	146	112	0	0	0	50	[]	0	11
9	123456989	42	54	45	30	0	0	0	0	0	0	1	1	0	0	5	0	0	23	5	0	2	5	146	112	0	0	0	53	[]	0	11
10	123456989	32	50	52	36	0	0	0	0	0	0	1	1	0	0	6	0	0	24	6	0	2	6	146	112	0	0	0	56	[]	0	11
11	123456989	19	49	59	42	0	0	0	0	0	0	1	1	0	0	7	0	0	27	7	0	2	7	146	112	0	0	0	58	[]	0	12
12	123456989	16	41	62	50	0	0	0	0	0	0	1	1	0	0	7	0	0	30	7	0	2	7	146	112	0	0	0	58	[]	0	12
13	123456989	14	29	67	59	0	0	0	0	0	0	1	1	0	0	6	1	0	32	7	0	2	7	146	112	0	0	0	60	[]	0	12
14	123456989	13	20	68	68	0	0	0	0	0	0	1	1	0	0	6	1	0	33	7	0	2	7	146	112	0	0	0	61	[]	0	12
15	123456989	11	17	62	80	0	0	0	0	0	0	0	1	0	0	5	2	0	34	7	0	2	7	146	112	0	0	0	62	[]	0	12
16	123456989	8	16	58	88	0	0	0	0	0	0	0	1	0	0	5	2	0	37	8	0	2	8	146	112	0	0	0	62	[]	0	12
17	123456989	5	10	53	98	0	0	0	0	0	0	0	1	0	0	9	2	0	38	12	0	2	12	146	112	0	0	0	63	[]	0	12
18	123456989	3	11	46	106	0	0	0	0	0	0	1	0	0	0	9	2	0	40	14	0	3	14	146	112	0	0	0	63	[]	0	12
19	123456989	3	6	46	113	0	0	0	0	0	0	1	0	0	0	6	3	0	41	14	0	3	14	146	112	0	0	0	63	[]	0	12
20	123456989	3	5	37	123	0	0	0	0	0	0	1	0	0	0	6	3	0	42	15	0	3	15	146	112	0	0	0	63	[]	0	12
21	123456989	3	4	32	129	0	0	0	0	0	0	2	0	0	0	5	3	0	45	15	0	4	15	146	112	0	0	0	63	[]	0	12
22	123456989	2	3	29	134	0	0	0	0	0	0	2	0	0	0	3	5	0	46	15	0	4	15	146	112	0	0	0	63	[]	0	11
23	123456989	2	2	23	139	0	0	0	0	0	0	2	0	0	0	5	5	0	48	17	0	4	17	146	112	0	0	0	63	[]	0	11
24	123456989	2	2	22	139	0	0	0	0	0	0	2	0	0	0	5	6	0	50	18	0	4	18	146	112	0	0	0	63	[]	0	11
25	123456989	2	1	18	143	0	0	0	0	0	0	2	0	0	0	6	6	0	53	19	0	4	19	146	112	0	0	0	63	[]	0	11
26	123456989	2	0	18	145	0	0	0	0	0	0	1	1	0	0	5	6	0	54	19	0	4	19	146	112	0	0	0	63	[]	0	11
27	123456989	2	0	14	152	0	0	0	0	0	0	1	1	0	0	4	4	0	57	20	0	4	20	146	112	0	0	0	63	[]	0	9
28	123456989	2	0	10	158	0	0	0	0	0	0	0	1	0	0	3	4	0	59	21	0	4	21	146	112	0	0	0	63	[]	0	8
29	123456989	2	0	9	159	0	0	0	0	0	0	0	1	0	0	3	4	0	59	21	0	4	21	146	112	0	0	0	63	[]	0	8
30	123456989	2	0	6	162	0	0	0	0	0	0	0	1	0	0	3	4	0	61	22	0	4	22	146	112	0	0	0	63	[]	0	6
31	123456989	2	0	6	163	0	0	0	0	0	0	0	0	0	0	2	5	0	61	22	0	4	22	146	112	0	0	0	63	[]	0	6
32	123456989	2	0	5	164	0	0	0	0	0	0	0	0	0	0	2	5	0	64	22	0	4	22	146	112	0	0	0	63	[]	0	6
33	123456989	2	0	5	166	0	0	0	0	0	0	0	0	0	0	1	4	0	64	22	0	4	22	146	112	0	0	0	63	[]	0	5
34	123456989	2	0	5	167	0	0	0	0	0	0	0	0	0	0	1	3	0	66	22	0	4	22	146	112	0	0	0	63	[]	0	5
35	123456989	2	0	4	169	0	0	0	0	0	0	0	0	0	0	1	2	0	69	22	0	4	22	146	112	0	0	0	63	[]	0	4
36	123456989	2	0	2	171	0	0	0	0	0	0	0	0	0	0	1	2	0	72	22	0	4	22	146	112	0	0	0	63	[]	0	3
37	123456989	2	0	1	173	0	0	0	0	0	0	0	0	0	0	1	1	0	73	22	0	4	22	146	112	0	0	0	63	[]	0	2
38	123456989	2	0	0	174	0	0	0	0	0	0	0	0	0	0	1	1	0	74	23	0	4	23	146	112	0	0	0	63	[]	0	1
39	123456989	2	0	0	174	0	0	0	0	0	0	0	0	0	0	1	1	0	75	23	0	4	23	146	112	0	0	0	63	[]	0	1
40	123456989	2	0	0	175	0	0	0	0	0	0	0	0	0	0	1	0	0	78	23	0	4	23	146	112	0	0	0	63	[]	0	1
41	123456989	2	0	0	175	0	0	0	0	0	0	0	0	0	0	1	0	0	80	23	0	4	23	146	112	0	0	0	63	[]	0	1
42	123456989	2	0	0	175	0	0	0	0	0	0	0	0	0	0	1	0	0	83	23	0	4	23	146	112	0	0	0	63	[]	0	1
43	123456989	2	0	0	175	0	0	0	0	0	0	0	0	0	0	1	0	0	86	23	0	4	23	146	112	0	0	0	63	[]	0	1
44	123456989	2	0	0	175	0	0	0	0	0	0	0	0	0	0	0	1	0	88	23	0	4	23	146	112	0	0	0	63	[]	0	0
45	123456989	2	0	0	175	0	0	0	0	0	0	0	0	0	0	0	1	0	90	23	0	4	23	146	112	0	0	0	63	[]	0	0
46	123456989	2	0	0	175	0	0	0	0	0	0	0	0	0	0	0	1	0	92	23	0	4	23	146	112	0	0	0	63	[]	0	0
47	123456989	2	0	0	175	0	0	0	0	0	0	0	0	0	0	0	1	0	93	23	0	4	23	146	112	0	0	0	63	[]	0	0
48	123456989	2	0	0	176	0	0	0	0	0	0	0	0	0	0	0	0	0	94	23	0	4	23	146	112	0	0	0	63	[]	0	0
49	123456989	2	0	0	176	0	0	0	0	0	0	0	0	0	0	0	0	0	94	23	0	4	23	146	112	0	0	0	63	[]	0	0
50	123456989	2	0	0	176	0	0	0	0	0	0	0	0	0	0	0	0	0	94	23	0	4	23	146	112	0	0	0	63	[]	0	0
51	123456989	2	0	0	176	0	0	0	0	0	0	0	0	0	0	0	0	0	96	23	0	4	23	146	112	0	0	0	63	[]	0	0
52	123456989	2	0	0	176	0	0	0	0	0	0	0	0	0	0	0	0	0	98	23	0	4	23	146	112	0	0	0	63	[]	0	0
53	123456989	2	0	0	176	0	0	0	0	0	0	0	0	0	0	0	0	0	99	23	0	4	23	146	112	0	0	0	63	[]	0	0
54	123456989	2	0	0	176	0	0	0	0	0	0	0	0	0	0	0	0	0	100	23	0	4	23	146	112	0	0	0	63	[]	0	0
55	123456989	1	1	0	176	0	0	0	0	0	0	0	0	0	0	0	0	0	101	23	0	4	23	146	112	0	0	0	64	[]	0	0
56	123456989	1	1	0	176	0	0	0	0	0	0	0	0	0	0	0	0	0	102	23	0	4	23	146	112	0	0	0	64	[]	0	0
57	123456989	1	0	1	176	0	0	0	0	0	0	0	0	0	0	0	0	0	105	23	0	4	23	146	112	0	0	0	64	[]	0	0
58	123456989	1	0	1	176	0	0	0	0	0	0	0	0	0	0	0	0	0	105	23	0	4	23	146	112	0	0	0	64	[]	0	0
59	123456989	1	0	1	176	0	0	0	0	0	0	0	0	0	0	0	0	0	108	23	0	4	23	146	112	0	0	0	64	[]	0	0
60	123456989	1	0	1	176	0	0	0	0	0	0	0	0	0	0	0	0	0	110	23	0	4	23	146	112	0	0	0	64	[]	0	0
