day	seedRun	susceptible	exposed	infected	removed	susceptible-in-quarantine	exposed-in-quarantine	infected-in-quarantine	removed-in-quarantine	susceptible-in-quarantine-external-1	exposed-in-quarantine-external-1	infected-in-quarantine-external-1	removed-in-quarantine-external-1	susceptible-in-quarantine-external-2	exposed-in-quarantine-external-2	infected-in-quarantine-external-2	removed-in-quarantine-external-2	num-of-screened-agents	num-of-screened-agents-external-1	num-of-screened-agents-external-2	num-of-positive-agents	num-of-positive-agents-external-1	num-of-positive-agents-external-2	num-vaccinated	num-immunized	num-immunized-in-quarantine	num-immunized-in-quarantine-external-1	num-immunized-in-quarantine-external-2	num-infected-outside	classroom-in-quarantine	num-of-classroom-in-quarantine	classroom-with-at-least-one-infected
0	123457210	188	0	0	0	0	0	0	0	0	0	0	0	0	0	0	0	0	0	0	0	0	0	146	102	0	0	0	0	[]	0	0
1	123457210	179	9	0	0	0	0	0	0	0	0	0	0	0	0	0	0	0	2	0	0	0	0	146	102	0	0	0	9	[]	0	0
2	123457210	162	24	2	0	0	0	0	0	0	0	0	0	0	0	0	0	0	3	0	0	0	0	146	102	0	0	0	21	[]	0	2
3	123457210	140	37	10	0	0	0	0	0	0	0	0	0	0	0	1	0	0	9	1	0	0	1	146	102	0	0	0	32	[]	0	7
4	123457210	110	56	19	2	0	0	0	0	0	0	0	0	0	0	1	0	0	9	1	0	0	1	146	102	0	0	0	39	[]	0	10
5	123457210	87	65	31	3	0	0	0	0	0	0	0	0	0	0	2	0	0	10	2	0	0	2	146	102	0	0	0	42	[]	0	12
6	123457210	84	56	36	9	0	0	0	0	0	0	0	0	0	0	3	0	0	12	3	0	0	3	146	102	0	0	0	45	[]	0	11
7	123457210	82	45	42	16	0	0	0	0	0	0	0	0	0	0	3	0	0	13	3	0	0	3	146	102	0	0	0	47	[]	0	12
8	123457210	57	59	52	17	0	0	0	0	0	0	0	0	0	0	2	1	0	14	3	0	0	3	146	102	0	0	0	53	[]	0	12
9	123457210	41	64	58	20	0	0	0	0	0	0	1	0	0	0	3	1	0	15	4	0	1	4	146	102	0	0	0	56	[]	0	12
10	123457210	29	61	63	29	0	0	0	0	0	0	2	0	0	0	3	1	0	16	4	0	2	4	146	102	0	0	0	56	[]	0	12
11	123457210	10	65	69	35	0	0	0	0	0	0	1	2	0	0	5	1	0	19	6	0	3	6	146	102	0	0	0	61	[]	0	12
12	123457210	5	47	76	47	0	0	0	0	0	0	2	2	0	0	6	3	0	22	9	0	4	9	146	102	0	0	0	61	[]	0	12
13	123457210	4	39	73	58	0	0	0	0	0	0	3	2	0	0	7	2	0	23	10	0	5	10	146	102	0	0	0	62	[]	0	12
14	123457210	4	32	65	70	0	0	0	0	0	0	3	3	0	0	8	3	0	26	12	0	6	12	146	102	0	0	0	62	[]	0	12
15	123457210	2	27	60	81	0	0	0	0	0	0	3	3	0	0	9	3	0	28	14	0	6	14	146	102	0	0	0	63	[]	0	12
16	123457210	2	20	59	87	0	0	0	0	0	0	5	3	0	0	10	2	0	32	15	0	8	15	146	102	0	0	0	63	[]	0	12
17	123457210	2	15	54	97	0	0	0	0	0	0	4	4	0	0	9	3	0	34	15	0	8	15	146	102	0	0	0	63	[]	0	12
18	123457210	2	12	49	104	0	0	0	0	0	0	4	4	0	0	9	4	0	36	16	0	8	16	146	102	0	0	0	63	[]	0	11
19	123457210	1	9	44	113	0	0	0	0	0	0	4	3	0	0	10	4	0	37	18	0	8	18	146	102	0	0	0	63	[]	0	12
20	123457210	1	9	35	123	0	0	0	0	0	0	4	2	0	0	8	6	0	38	18	0	8	18	146	102	0	0	0	63	[]	0	12
21	123457210	1	6	38	126	0	0	0	0	0	0	4	1	0	0	8	4	0	40	18	0	8	18	146	102	0	0	0	63	[]	0	12
22	123457210	0	5	37	132	0	0	0	0	0	0	3	1	0	0	8	2	0	40	19	0	8	19	146	102	0	0	0	64	[]	0	12
23	123457210	0	5	31	138	0	0	0	0	0	0	2	1	0	0	9	2	0	40	21	0	8	21	146	102	0	0	0	64	[]	0	12
24	123457210	0	2	30	144	0	0	0	0	0	0	2	0	0	0	8	2	0	42	22	0	8	22	146	102	0	0	0	64	[]	0	12
25	123457210	0	1	26	151	0	0	0	0	0	0	2	0	0	0	5	3	0	45	22	0	8	22	146	102	0	0	0	64	[]	0	12
26	123457210	0	1	19	158	0	0	0	0	0	0	1	0	0	0	7	2	0	47	24	0	9	24	146	102	0	0	0	64	[]	0	12
27	123457210	0	0	14	163	0	0	0	0	0	0	1	0	0	0	7	3	0	48	25	0	9	25	146	102	0	0	0	64	[]	0	10
28	123457210	0	0	10	166	0	0	0	0	0	0	1	0	0	0	8	3	0	49	27	0	9	27	146	102	0	0	0	64	[]	0	10
29	123457210	0	0	9	169	0	0	0	0	0	0	1	0	0	0	6	3	0	51	27	0	9	27	146	102	0	0	0	64	[]	0	10
30	123457210	0	0	6	172	0	0	0	0	0	0	1	0	0	0	6	3	0	56	27	0	9	27	146	102	0	0	0	64	[]	0	10
31	123457210	0	0	5	173	0	0	0	0	0	0	1	0	0	0	5	4	0	58	27	0	9	27	146	102	0	0	0	64	[]	0	10
32	123457210	0	0	4	175	0	0	0	0	0	0	1	0	0	0	5	3	0	59	27	0	9	27	146	102	0	0	0	64	[]	0	9
33	123457210	0	0	3	177	0	0	0	0	0	0	1	0	0	0	4	3	0	60	28	0	9	28	146	102	0	0	0	64	[]	0	8
34	123457210	0	0	3	178	0	0	0	0	0	0	1	0	0	0	4	2	0	61	28	0	9	28	146	102	0	0	0	64	[]	0	8
35	123457210	0	0	3	178	0	0	0	0	0	0	1	0	0	0	4	2	0	61	28	0	9	28	146	102	0	0	0	64	[]	0	8
36	123457210	0	0	3	181	0	0	0	0	0	0	0	0	0	0	3	1	0	62	28	0	9	28	146	102	0	0	0	64	[]	0	6
37	123457210	0	0	2	183	0	0	0	0	0	0	0	0	0	0	2	1	0	64	28	0	9	28	146	102	0	0	0	64	[]	0	4
38	123457210	0	0	2	185	0	0	0	0	0	0	0	0	0	0	1	0	0	66	28	0	9	28	146	102	0	0	0	64	[]	0	3
39	123457210	0	0	2	185	0	0	0	0	0	0	0	0	0	0	0	1	0	67	28	0	9	28	146	102	0	0	0	64	[]	0	2
40	123457210	0	0	2	185	0	0	0	0	0	0	0	0	0	0	0	1	0	71	28	0	9	28	146	102	0	0	0	64	[]	0	2
41	123457210	0	0	2	185	0	0	0	0	0	0	0	0	0	0	0	1	0	73	28	0	9	28	146	102	0	0	0	64	[]	0	2
42	123457210	0	0	2	185	0	0	0	0	0	0	0	0	0	0	0	1	0	74	28	0	9	28	146	102	0	0	0	64	[]	0	2
43	123457210	0	0	1	187	0	0	0	0	0	0	0	0	0	0	0	0	0	77	28	0	9	28	146	102	0	0	0	64	[]	0	1
44	123457210	0	0	1	187	0	0	0	0	0	0	0	0	0	0	0	0	0	80	28	0	9	28	146	102	0	0	0	64	[]	0	1
45	123457210	0	0	1	187	0	0	0	0	0	0	0	0	0	0	0	0	0	82	28	0	9	28	146	102	0	0	0	64	[]	0	1
46	123457210	0	0	1	187	0	0	0	0	0	0	0	0	0	0	0	0	0	83	28	0	9	28	146	102	0	0	0	64	[]	0	1
47	123457210	0	0	1	187	0	0	0	0	0	0	0	0	0	0	0	0	0	85	28	0	9	28	146	102	0	0	0	64	[]	0	1
48	123457210	0	0	1	187	0	0	0	0	0	0	0	0	0	0	0	0	0	86	28	0	9	28	146	102	0	0	0	64	[]	0	1
49	123457210	0	0	1	187	0	0	0	0	0	0	0	0	0	0	0	0	0	91	28	0	9	28	146	102	0	0	0	64	[]	0	1
50	123457210	0	0	1	187	0	0	0	0	0	0	0	0	0	0	0	0	0	93	28	0	9	28	146	102	0	0	0	64	[]	0	1
51	123457210	0	0	1	187	0	0	0	0	0	0	0	0	0	0	0	0	0	93	28	0	9	28	146	102	0	0	0	64	[]	0	1
52	123457210	0	0	1	187	0	0	0	0	0	0	0	0	0	0	0	0	0	95	28	0	9	28	146	102	0	0	0	64	[]	0	1
53	123457210	0	0	1	187	0	0	0	0	0	0	0	0	0	0	0	0	0	95	28	0	9	28	146	102	0	0	0	64	[]	0	1
54	123457210	0	0	0	188	0	0	0	0	0	0	0	0	0	0	0	0	0	98	28	0	9	28	146	102	0	0	0	64	[]	0	0
55	123457210	0	0	0	188	0	0	0	0	0	0	0	0	0	0	0	0	0	102	28	0	9	28	146	102	0	0	0	64	[]	0	0
56	123457210	0	0	0	188	0	0	0	0	0	0	0	0	0	0	0	0	0	105	28	0	9	28	146	102	0	0	0	64	[]	0	0
57	123457210	0	0	0	188	0	0	0	0	0	0	0	0	0	0	0	0	0	108	28	0	9	28	146	102	0	0	0	64	[]	0	0
58	123457210	0	0	0	188	0	0	0	0	0	0	0	0	0	0	0	0	0	109	28	0	9	28	146	102	0	0	0	64	[]	0	0
59	123457210	0	0	0	188	0	0	0	0	0	0	0	0	0	0	0	0	0	109	28	0	9	28	146	102	0	0	0	64	[]	0	0
60	123457210	0	0	0	188	0	0	0	0	0	0	0	0	0	0	0	0	0	113	28	0	9	28	146	102	0	0	0	64	[]	0	0
