day	seedRun	susceptible	exposed	infected	removed	susceptible-in-quarantine	exposed-in-quarantine	infected-in-quarantine	removed-in-quarantine	susceptible-in-quarantine-external-1	exposed-in-quarantine-external-1	infected-in-quarantine-external-1	removed-in-quarantine-external-1	susceptible-in-quarantine-external-2	exposed-in-quarantine-external-2	infected-in-quarantine-external-2	removed-in-quarantine-external-2	num-of-screened-agents	num-of-screened-agents-external-1	num-of-screened-agents-external-2	num-of-positive-agents	num-of-positive-agents-external-1	num-of-positive-agents-external-2	num-vaccinated	num-immunized	num-immunized-in-quarantine	num-immunized-in-quarantine-external-1	num-immunized-in-quarantine-external-2	num-infected-outside	classroom-in-quarantine	num-of-classroom-in-quarantine	classroom-with-at-least-one-infected
0	123457261	240	0	0	0	0	0	0	0	0	0	0	0	0	0	0	0	0	0	0	0	0	0	50	50	0	0	0	0	[]	0	0
1	123457261	239	1	0	0	0	0	0	0	0	0	0	0	0	0	0	0	0	1	0	0	0	0	50	50	0	0	0	1	[]	0	0
2	123457261	238	2	0	0	0	0	0	0	0	0	0	0	0	0	0	0	0	3	0	0	0	0	50	50	0	0	0	2	[]	0	0
3	123457261	223	15	2	0	0	0	0	0	0	0	0	0	0	0	0	0	0	6	0	0	0	0	50	50	0	0	0	2	[]	0	2
4	123457261	197	35	8	0	0	0	0	0	0	0	0	0	0	0	0	0	0	9	0	0	0	0	50	50	0	0	0	2	[]	0	3
5	123457261	189	30	15	2	0	0	3	0	0	0	0	0	0	0	1	0	19	11	1	3	0	1	50	50	0	0	0	2	[]	0	3
6	123457261	189	14	11	2	0	8	13	1	0	0	0	0	0	0	2	0	38	12	2	13	0	2	50	50	0	0	0	2	[1A]	1	3
7	123457261	189	11	13	3	0	6	14	2	0	0	0	0	0	0	2	0	38	13	2	13	0	2	50	50	0	0	0	2	[1A]	1	3
8	123457261	174	23	16	3	0	4	13	5	0	0	0	0	0	0	2	0	38	14	2	13	0	2	50	50	0	0	0	2	[1A]	1	5
9	123457261	150	35	8	1	0	6	29	7	0	0	0	0	0	0	4	0	76	15	4	27	0	4	50	50	0	0	0	2	[1A 2A]	2	6
10	123457261	140	29	9	0	1	10	32	15	0	0	0	0	0	0	3	1	92	17	4	31	0	4	50	50	0	0	0	2	[1A 2A 2B]	3	6
11	123457261	136	12	10	0	1	15	43	18	0	0	0	0	0	0	4	1	111	17	5	41	0	5	50	50	0	0	0	2	[1A 2A 2B 3A]	4	6
12	123457261	136	2	0	0	1	12	62	21	0	0	0	0	0	0	4	2	130	17	6	53	0	6	50	50	0	0	0	2	[1A 2A 2B 3A 2C]	5	6
13	123457261	136	0	1	0	1	7	60	28	0	0	0	0	0	0	5	2	149	17	7	53	0	7	50	50	0	0	0	2	[1A 2A 2B 3A 2C]	5	8
14	123457261	136	0	1	0	1	6	54	35	0	0	0	0	0	0	4	3	167	18	7	53	0	7	50	50	0	0	0	2	[1A 2A 2B 3A 2C]	5	7
15	123457261	133	3	1	0	1	3	52	40	0	0	0	0	0	0	3	4	167	18	7	53	0	7	50	50	0	0	0	2	[1A 2A 2B 3A 2C]	5	7
16	123457261	124	12	1	20	1	2	39	35	0	0	0	0	0	0	3	3	167	18	7	53	0	7	50	50	0	0	0	2	[2A 2B 3A 2C]	4	6
17	123457261	117	0	0	20	8	8	41	39	0	0	0	0	0	0	4	3	186	18	8	58	0	8	50	50	0	0	0	2	[2A 2B 3A 2C 2D]	5	6
18	123457261	117	0	0	20	8	5	36	47	0	0	0	0	0	0	3	4	205	19	8	58	0	8	50	50	0	0	0	2	[2A 2B 3A 2C 2D]	5	6
19	123457261	117	0	0	42	8	3	28	37	0	0	0	0	0	0	2	3	205	19	8	58	0	8	50	50	0	0	0	2	[2B 3A 2C 2D]	4	4
20	123457261	118	0	0	61	7	2	21	27	0	0	0	0	0	0	1	3	205	23	8	58	0	8	50	50	0	0	0	2	[3A 2C 2D]	3	3
21	123457261	118	0	0	81	7	2	12	17	0	0	0	0	0	0	0	3	205	24	8	58	0	8	50	50	0	0	0	2	[2C 2D]	2	2
22	123457261	118	0	0	101	7	2	6	4	0	0	0	0	0	0	0	2	205	24	8	58	0	8	50	50	0	0	0	2	[2D]	1	1
23	123457261	118	0	0	102	7	2	6	4	0	0	0	0	0	0	0	1	205	27	8	58	0	8	50	50	0	0	0	2	[2D]	1	1
24	123457261	118	0	0	102	7	2	5	5	0	0	0	0	0	0	0	1	205	29	8	58	0	8	50	50	0	0	0	2	[2D]	1	1
25	123457261	118	0	0	102	7	1	5	6	0	0	0	0	0	0	0	1	205	30	8	58	0	8	50	50	0	0	0	2	[2D]	1	1
26	123457261	118	0	0	102	7	0	6	6	0	0	0	0	0	0	0	1	205	30	8	58	0	8	50	50	0	0	0	2	[2D]	1	1
27	123457261	125	0	0	115	0	0	0	0	0	0	0	0	0	0	0	0	205	30	8	58	0	8	50	50	0	0	0	2	[]	0	0
28	123457261	124	1	0	115	0	0	0	0	0	0	0	0	0	0	0	0	205	34	8	58	0	8	50	50	0	0	0	3	[]	0	0
29	123457261	112	12	1	115	0	0	0	0	0	0	0	0	0	0	0	0	205	35	8	58	0	8	50	50	0	0	0	3	[]	0	1
30	123457261	104	0	0	115	8	7	4	0	0	0	0	0	0	0	2	0	243	35	10	62	0	10	50	50	0	0	0	3	[3D]	1	2
31	123457261	104	0	0	115	8	4	7	0	0	0	0	0	0	0	2	0	243	36	10	62	0	10	50	50	0	0	0	3	[3D]	1	2
32	123457261	104	0	0	115	8	2	8	1	0	0	0	0	0	0	2	0	243	38	10	62	0	10	50	50	0	0	0	3	[3D]	1	2
33	123457261	104	0	0	115	8	1	9	1	0	0	0	0	0	0	2	0	243	41	10	62	0	10	50	50	0	0	0	3	[3D]	1	2
34	123457261	104	0	0	115	8	1	9	1	0	0	0	0	0	0	1	1	243	44	10	62	0	10	50	50	0	0	0	3	[3D]	1	2
35	123457261	104	0	0	115	8	0	9	2	0	0	0	0	0	0	1	1	262	47	10	62	0	10	50	50	0	0	0	3	[3D]	1	2
36	123457261	104	0	0	115	8	0	9	2	0	0	0	0	0	0	0	2	262	51	10	62	0	10	50	50	0	0	0	3	[3D]	1	1
37	123457261	104	0	0	115	8	0	6	5	0	0	0	0	0	0	0	2	262	53	10	62	0	10	50	50	0	0	0	3	[3D]	1	1
38	123457261	104	0	0	115	8	0	5	6	0	0	0	0	0	0	0	2	262	53	10	62	0	10	50	50	0	0	0	3	[3D]	1	1
39	123457261	104	0	0	115	8	0	5	6	0	0	0	0	0	0	0	2	262	55	10	62	0	10	50	50	0	0	0	3	[3D]	1	1
40	123457261	112	0	0	128	0	0	0	0	0	0	0	0	0	0	0	0	262	56	10	62	0	10	50	50	0	0	0	3	[]	0	0
41	123457261	111	1	0	128	0	0	0	0	0	0	0	0	0	0	0	0	262	57	10	62	0	10	50	50	0	0	0	4	[]	0	0
42	123457261	111	1	0	128	0	0	0	0	0	0	0	0	0	0	0	0	262	60	10	62	0	10	50	50	0	0	0	4	[]	0	0
43	123457261	111	1	0	128	0	0	0	0	0	0	0	0	0	0	0	0	262	61	10	62	0	10	50	50	0	0	0	4	[]	0	0
44	123457261	110	2	0	128	0	0	0	0	0	0	0	0	0	0	0	0	262	61	10	62	0	10	50	50	0	0	0	5	[]	0	0
45	123457261	104	7	1	128	0	0	0	0	0	0	0	0	0	0	0	0	262	63	10	62	0	10	50	50	0	0	0	5	[]	0	1
46	123457261	93	16	2	129	0	0	0	0	0	0	0	0	0	0	0	0	262	63	10	62	0	10	50	50	0	0	0	5	[]	0	1
47	123457261	91	16	4	129	0	0	0	0	0	0	0	0	0	0	0	0	262	65	10	62	0	10	50	50	0	0	0	5	[]	0	1
48	123457261	91	12	8	129	0	0	0	0	0	0	0	0	0	0	0	0	262	66	10	62	0	10	50	50	0	0	0	5	[]	0	1
49	123457261	91	8	12	129	0	0	0	0	0	0	0	0	0	0	0	0	262	66	10	62	0	10	50	50	0	0	0	5	[]	0	1
50	123457261	80	14	15	131	0	0	0	0	0	0	0	0	0	0	0	0	262	68	10	62	0	10	50	50	0	0	0	5	[]	0	2
51	123457261	71	2	13	134	9	5	5	0	0	0	1	0	0	0	0	0	281	69	10	67	1	10	50	50	0	0	0	5	[1B]	1	2
52	123457261	71	1	11	137	9	5	3	2	0	0	1	0	0	0	0	0	281	72	10	67	1	10	50	50	0	0	0	5	[1B]	1	2
53	123457261	71	0	10	138	9	3	4	3	0	0	0	1	0	0	1	0	300	75	11	67	1	11	50	50	0	0	0	5	[1B]	1	3
54	123457261	71	0	9	139	9	2	5	3	0	0	0	1	0	0	1	0	300	76	11	67	1	11	50	50	0	0	0	5	[1B]	1	3
55	123457261	71	0	7	141	9	1	5	4	0	0	0	1	0	0	1	0	300	76	11	67	1	11	50	50	0	0	0	5	[1B]	1	3
56	123457261	71	0	0	128	9	0	9	20	0	0	1	1	0	0	0	1	319	80	11	71	2	11	50	50	0	0	0	5	[1B 1C]	2	2
57	123457261	71	0	0	128	9	0	7	22	0	0	0	2	0	0	0	1	319	81	11	71	2	11	50	50	0	0	0	5	[1B 1C]	2	2
58	123457261	71	0	0	128	9	0	5	24	0	0	0	2	0	0	0	1	319	82	11	71	2	11	50	50	0	0	0	5	[1B 1C]	2	2
59	123457261	71	0	0	128	9	0	5	24	0	0	0	2	0	0	0	1	319	85	11	71	2	11	50	50	0	0	0	5	[1B 1C]	2	2
60	123457261	71	0	0	128	9	0	5	24	0	0	0	2	0	0	0	1	319	86	11	71	2	11	50	50	0	0	0	5	[1B 1C]	2	2
