day	seedRun	susceptible	exposed	infected	removed	susceptible-in-quarantine	exposed-in-quarantine	infected-in-quarantine	removed-in-quarantine	susceptible-in-quarantine-external-1	exposed-in-quarantine-external-1	infected-in-quarantine-external-1	removed-in-quarantine-external-1	susceptible-in-quarantine-external-2	exposed-in-quarantine-external-2	infected-in-quarantine-external-2	removed-in-quarantine-external-2	num-of-screened-agents	num-of-screened-agents-external-1	num-of-screened-agents-external-2	num-of-positive-agents	num-of-positive-agents-external-1	num-of-positive-agents-external-2	num-vaccinated	num-immunized	num-immunized-in-quarantine	num-immunized-in-quarantine-external-1	num-immunized-in-quarantine-external-2	num-infected-outside	classroom-in-quarantine	num-of-classroom-in-quarantine	classroom-with-at-least-one-infected
0	123456994	240	0	0	0	0	0	0	0	0	0	0	0	0	0	0	0	0	0	0	0	0	0	50	50	0	0	0	0	[]	0	0
1	123456994	238	2	0	0	0	0	0	0	0	0	0	0	0	0	0	0	0	2	0	0	0	0	50	50	0	0	0	2	[]	0	0
2	123456994	238	2	0	0	0	0	0	0	0	0	0	0	0	0	0	0	0	4	0	0	0	0	50	50	0	0	0	2	[]	0	0
3	123456994	229	10	1	0	0	0	0	0	0	0	0	0	0	0	0	0	0	7	0	0	0	0	50	50	0	0	0	2	[]	0	1
4	123456994	216	20	4	0	0	0	0	0	0	0	0	0	0	0	0	0	0	9	0	0	0	0	50	50	0	0	0	2	[]	0	2
5	123456994	203	27	9	1	0	0	0	0	0	0	0	0	0	0	0	0	0	11	0	0	0	0	50	50	0	0	0	2	[]	0	2
6	123456994	203	11	6	0	0	9	9	1	0	0	0	0	0	0	1	0	19	15	1	9	0	1	50	50	0	0	0	2	[1C]	1	2
7	123456994	203	6	7	4	0	7	9	3	0	0	0	0	0	0	1	0	19	17	1	9	0	1	50	50	0	0	0	2	[1C]	1	2
8	123456994	200	0	0	0	3	9	18	8	0	0	0	0	0	0	2	0	38	17	2	17	0	2	50	50	0	0	0	2	[1C 2A]	2	2
9	123456994	200	0	0	0	3	8	16	11	0	0	0	0	0	0	1	1	38	19	2	17	0	2	50	50	0	0	0	2	[1C 2A]	2	2
10	123456994	200	0	0	0	3	6	15	14	0	0	0	0	0	0	1	1	38	22	2	17	0	2	50	50	0	0	0	2	[1C 2A]	2	2
11	123456994	200	0	0	0	3	5	15	15	0	0	0	0	0	0	1	1	38	26	2	17	0	2	50	50	0	0	0	2	[1C 2A]	2	2
12	123456994	200	0	0	0	3	1	19	15	0	0	0	0	0	0	1	1	38	27	2	17	0	2	50	50	0	0	0	2	[1C 2A]	2	2
13	123456994	198	2	0	0	3	1	17	17	0	0	0	0	0	0	1	1	38	29	2	17	0	2	50	50	0	0	0	4	[1C 2A]	2	2
14	123456994	198	1	0	0	3	1	16	18	0	0	0	0	0	0	2	1	57	33	3	17	0	3	50	50	0	0	0	4	[1C 2A]	2	3
15	123456994	198	1	0	0	3	0	13	22	0	0	0	0	0	0	2	1	57	35	3	17	0	3	50	50	0	0	0	4	[1C 2A]	2	3
16	123456994	190	8	1	20	3	0	4	12	0	0	0	0	0	0	1	1	57	36	3	17	0	3	50	50	0	0	0	4	[2A]	1	3
17	123456994	179	16	4	20	3	0	4	12	0	0	0	0	0	0	1	1	57	38	3	17	0	3	50	50	0	0	0	4	[2A]	1	3
18	123456994	176	5	1	37	1	11	5	2	0	0	0	0	0	0	2	0	76	42	4	22	0	4	50	50	0	0	0	4	[3C]	1	3
19	123456994	158	20	4	37	1	7	8	3	0	0	0	0	0	0	2	0	95	42	4	22	0	4	50	50	0	0	0	5	[3C]	1	4
20	123456994	153	5	1	37	6	16	12	6	0	0	0	0	0	0	3	1	133	42	6	28	0	6	50	50	0	0	0	5	[3C 2C]	2	4
21	123456994	153	4	1	38	6	9	17	8	0	0	0	0	0	0	3	1	133	42	6	28	0	6	50	50	0	0	0	5	[3C 2C]	2	3
22	123456994	142	13	3	38	6	9	16	9	0	0	0	0	0	0	3	1	133	45	6	28	0	6	50	50	0	0	0	6	[3C 2C]	2	3
23	123456994	140	13	3	40	6	4	20	10	0	0	0	0	0	0	3	1	133	45	6	28	0	6	50	50	0	0	0	6	[3C 2C]	2	3
24	123456994	139	11	5	42	6	2	21	11	0	0	0	0	0	0	2	1	133	47	6	28	0	6	50	50	0	0	0	6	[3C 2C]	2	3
25	123456994	131	9	1	39	7	7	25	18	0	0	0	0	0	0	2	1	150	47	6	33	0	6	50	50	0	0	0	6	[3C 2C 1D]	3	4
26	123456994	120	15	5	40	7	6	23	21	0	0	0	0	0	0	2	1	150	48	6	33	0	6	50	50	0	0	0	6	[3C 2C 1D]	3	4
27	123456994	120	11	9	40	7	4	22	24	0	0	0	0	0	0	2	1	150	49	6	33	0	6	50	50	0	0	0	6	[3C 2C 1D]	3	4
28	123456994	121	2	0	57	6	9	25	17	0	0	0	0	0	0	3	0	169	49	7	41	0	7	50	50	0	0	0	6	[2C 1D 1A]	3	3
29	123456994	121	2	0	57	6	7	25	19	0	0	0	0	0	0	2	1	169	50	7	41	0	7	50	50	0	0	0	6	[2C 1D 1A]	3	3
30	123456994	126	2	0	72	1	5	19	13	0	0	0	0	0	0	1	1	169	51	7	41	0	7	50	50	0	0	0	6	[1D 1A]	2	2
31	123456994	119	8	1	72	1	4	18	15	0	0	0	0	0	0	1	1	169	52	7	41	0	7	50	50	0	0	0	6	[1D 1A]	2	3
32	123456994	114	12	1	73	1	3	16	18	0	0	0	0	0	0	1	1	169	52	7	41	0	7	50	50	0	0	0	6	[1D 1A]	2	3
33	123456994	99	23	4	74	1	1	15	21	0	0	0	0	0	0	1	1	169	53	7	41	0	7	50	50	0	0	0	6	[1D 1A]	2	4
34	123456994	97	23	2	74	1	1	15	24	0	0	0	0	0	0	2	1	188	55	8	44	0	8	50	50	0	0	0	8	[1D 1A]	2	4
35	123456994	98	14	11	93	0	1	9	12	0	0	0	0	0	0	2	0	188	57	8	44	0	8	50	50	0	0	0	8	[1A]	1	4
36	123456994	73	35	12	96	0	1	8	13	0	0	0	0	0	0	2	0	188	60	8	44	0	8	50	50	0	0	0	8	[1A]	1	5
37	123456994	52	50	17	97	0	0	9	13	0	0	0	0	0	0	2	0	188	60	8	44	0	8	50	50	0	0	0	8	[1A]	1	5
38	123456994	49	17	13	117	1	19	17	4	0	0	0	0	0	0	3	0	226	60	10	59	0	10	50	50	0	0	0	8	[3D 3A]	2	4
39	123456994	48	14	7	111	1	15	27	14	0	0	0	0	0	0	2	1	242	62	10	66	0	10	50	50	0	0	0	8	[3D 3A 1B]	3	4
40	123456994	47	10	11	112	1	12	26	18	0	0	0	0	0	0	2	1	242	63	10	66	0	10	50	50	0	0	0	8	[3D 3A 1B]	3	4
41	123456994	47	0	2	111	1	14	38	23	0	0	0	0	0	0	3	1	261	67	11	77	0	11	50	50	0	0	0	8	[3D 3A 1B 2B]	4	6
42	123456994	47	0	1	112	1	8	41	26	0	0	0	0	0	0	3	1	261	68	11	77	0	11	50	50	0	0	0	8	[3D 3A 1B 2B]	4	5
43	123456994	39	8	1	112	1	7	36	32	0	0	0	0	0	0	3	1	261	68	11	77	0	11	50	50	0	0	0	8	[3D 3A 1B 2B]	4	5
44	123456994	30	15	2	113	1	6	32	37	0	0	0	0	0	0	3	1	261	70	11	77	0	11	50	50	0	0	0	8	[3D 3A 1B 2B]	4	5
45	123456994	29	11	7	113	1	3	28	44	0	0	0	0	0	0	2	2	261	70	11	77	0	11	50	50	0	0	0	8	[3D 3A 1B 2B]	4	5
46	123456994	29	0	0	111	1	9	35	50	0	0	0	0	0	0	2	3	280	71	12	85	0	12	50	50	0	0	0	8	[3D 3A 1B 2B 2D]	5	5
47	123456994	29	0	0	111	1	8	33	53	0	0	0	0	0	0	2	3	280	73	12	85	0	12	50	50	0	0	0	8	[3D 3A 1B 2B 2D]	5	5
48	123456994	30	0	0	150	0	5	18	34	0	0	0	0	0	0	1	2	280	74	12	85	0	12	50	50	0	0	0	8	[1B 2B 2D]	3	3
49	123456994	30	0	0	170	0	5	11	22	0	0	0	0	0	0	1	1	280	76	12	85	0	12	50	50	0	0	0	8	[2B 2D]	2	2
50	123456994	30	0	0	170	0	3	12	23	0	0	0	0	0	0	0	2	280	77	12	85	0	12	50	50	0	0	0	8	[2B 2D]	2	2
51	123456994	29	1	0	190	0	2	7	10	0	0	0	0	0	0	0	1	280	79	12	85	0	12	50	50	0	0	0	9	[2D]	1	1
52	123456994	29	1	0	190	0	1	6	12	0	0	0	0	0	0	0	1	280	81	12	85	0	12	50	50	0	0	0	9	[2D]	1	1
53	123456994	29	1	0	190	0	1	6	12	0	0	0	0	0	0	0	1	280	82	12	85	0	12	50	50	0	0	0	9	[2D]	1	1
54	123456994	29	1	0	190	0	1	6	12	0	0	0	0	0	0	0	1	280	82	12	85	0	12	50	50	0	0	0	9	[2D]	1	1
55	123456994	29	1	0	190	0	0	7	12	0	0	0	0	0	0	0	1	280	82	12	85	0	12	50	50	0	0	0	9	[2D]	1	1
56	123456994	29	1	0	210	0	0	0	0	0	0	0	0	0	0	0	0	280	83	12	85	0	12	50	50	0	0	0	9	[]	0	0
57	123456994	29	1	0	210	0	0	0	0	0	0	0	0	0	0	0	0	280	84	12	85	0	12	50	50	0	0	0	9	[]	0	0
58	123456994	29	1	0	210	0	0	0	0	0	0	0	0	0	0	0	0	280	87	12	85	0	12	50	50	0	0	0	9	[]	0	0
59	123456994	29	1	0	210	0	0	0	0	0	0	0	0	0	0	0	0	280	91	12	85	0	12	50	50	0	0	0	9	[]	0	0
60	123456994	24	5	1	210	0	0	0	0	0	0	0	0	0	0	0	0	280	95	12	85	0	12	50	50	0	0	0	9	[]	0	1
