day	seedRun	susceptible	exposed	infected	removed	susceptible-in-quarantine	exposed-in-quarantine	infected-in-quarantine	removed-in-quarantine	susceptible-in-quarantine-external-1	exposed-in-quarantine-external-1	infected-in-quarantine-external-1	removed-in-quarantine-external-1	susceptible-in-quarantine-external-2	exposed-in-quarantine-external-2	infected-in-quarantine-external-2	removed-in-quarantine-external-2	num-of-screened-agents	num-of-screened-agents-external-1	num-of-screened-agents-external-2	num-of-positive-agents	num-of-positive-agents-external-1	num-of-positive-agents-external-2	num-vaccinated-susceptible	num-vaccinated-exposed	num-vaccinated-infected	num-vaccinated-removed	num-vaccinated-susceptible-in-quarantine	num-vaccinated-exposed-in-quarantine	num-vaccinated-infected-in-quarantine	num-vaccinated-removed-in-quarantine	num-vaccinated-susceptible-in-quarantine-external-1	num-vaccinated-exposed-in-quarantine-external-1	num-vaccinated-infected-in-quarantine-external-1	num-vaccinated-removed-in-quarantine-external-1	num-vaccinated-susceptible-in-quarantine-external-2	num-vaccinated-exposed-in-quarantine-external-2	num-vaccinated-infected-in-quarantine-external-2	num-vaccinated-removed-in-quarantine-external-2	num-infected-outside	classroom-in-quarantine	num-of-classroom-in-quarantine	classroom-with-at-least-one-infected
0	123456832	72	0	0	0	0	0	0	0	0	0	0	0	0	0	0	0	0	0	0	0	0	0	218	0	0	0	0	0	0	0	0	0	0	0	0	0	0	0	0	[]	0	0
1	123456832	72	0	0	0	0	0	0	0	0	0	0	0	0	0	0	0	60	0	0	0	0	0	218	0	0	0	0	0	0	0	0	0	0	0	0	0	0	0	0	[]	0	0
2	123456832	72	0	0	0	0	0	0	0	0	0	0	0	0	0	0	0	60	0	0	0	0	0	218	0	0	0	0	0	0	0	0	0	0	0	0	0	0	0	0	[]	0	0
3	123456832	72	0	0	0	0	0	0	0	0	0	0	0	0	0	0	0	60	0	0	0	0	0	218	0	0	0	0	0	0	0	0	0	0	0	0	0	0	0	0	[]	0	0
4	123456832	72	0	0	0	0	0	0	0	0	0	0	0	0	0	0	0	60	0	0	0	0	0	218	0	0	0	0	0	0	0	0	0	0	0	0	0	0	0	0	[]	0	0
5	123456832	72	0	0	0	0	0	0	0	0	0	0	0	0	0	0	0	60	1	0	0	0	0	218	0	0	0	0	0	0	0	0	0	0	0	0	0	0	0	0	[]	0	0
6	123456832	72	0	0	0	0	0	0	0	0	0	0	0	0	0	0	0	60	2	0	0	0	0	218	0	0	0	0	0	0	0	0	0	0	0	0	0	0	0	0	[]	0	0
7	123456832	72	0	0	0	0	0	0	0	0	0	0	0	0	0	0	0	60	3	0	0	0	0	218	0	0	0	0	0	0	0	0	0	0	0	0	0	0	0	0	[]	0	0
8	123456832	72	0	0	0	0	0	0	0	0	0	0	0	0	0	0	0	120	4	0	0	0	0	218	0	0	0	0	0	0	0	0	0	0	0	0	0	0	0	0	[]	0	0
9	123456832	72	0	0	0	0	0	0	0	0	0	0	0	0	0	0	0	120	6	0	0	0	0	217	1	0	0	0	0	0	0	0	0	0	0	0	0	0	0	1	[]	0	0
10	123456832	72	0	0	0	0	0	0	0	0	0	0	0	0	0	0	0	120	6	0	0	0	0	217	1	0	0	0	0	0	0	0	0	0	0	0	0	0	0	1	[]	0	0
11	123456832	72	0	0	0	0	0	0	0	0	0	0	0	0	0	0	0	120	6	0	0	0	0	216	2	0	0	0	0	0	0	0	0	0	0	0	0	0	0	2	[]	0	0
12	123456832	72	0	0	0	0	0	0	0	0	0	0	0	0	0	0	0	120	6	0	0	0	0	216	2	0	0	0	0	0	0	0	0	0	0	0	0	0	0	2	[]	0	0
13	123456832	72	0	0	0	0	0	0	0	0	0	0	0	0	0	0	0	120	7	0	0	0	0	216	2	0	0	0	0	0	0	0	0	0	0	0	0	0	0	2	[]	0	0
14	123456832	72	0	0	0	0	0	0	0	0	0	0	0	0	0	0	0	120	8	0	0	0	0	216	2	0	0	0	0	0	0	0	0	0	0	0	0	0	0	2	[]	0	0
15	123456832	72	0	0	0	0	0	0	0	0	0	0	0	0	0	0	0	180	8	0	0	0	0	216	1	1	0	0	0	0	0	0	0	0	0	0	0	0	0	2	[]	0	0
16	123456832	72	0	0	0	0	0	0	0	0	0	0	0	0	0	0	0	180	9	0	0	0	0	216	1	1	0	0	0	0	0	0	0	0	0	0	0	0	0	2	[]	0	0
17	123456832	72	0	0	0	0	0	0	0	0	0	0	0	0	0	0	0	180	10	0	0	0	0	215	1	2	0	0	0	0	0	0	0	0	0	0	0	0	0	2	[]	0	1
18	123456832	70	2	0	0	0	0	0	0	0	0	0	0	0	0	0	0	180	12	0	0	0	0	215	0	2	1	0	0	0	0	0	0	0	0	0	0	0	0	3	[]	0	1
19	123456832	70	1	1	0	0	0	0	0	0	0	0	0	0	0	0	0	180	12	0	0	0	0	213	2	1	2	0	0	0	0	0	0	0	0	0	0	0	0	4	[]	0	2
20	123456832	70	1	1	0	0	0	0	0	0	0	0	0	0	0	0	0	180	14	0	0	0	0	213	2	1	2	0	0	0	0	0	0	0	0	0	0	0	0	4	[]	0	2
21	123456832	70	0	2	0	0	0	0	0	0	0	0	0	0	0	0	0	180	14	0	0	0	0	212	2	2	2	0	0	0	0	0	0	0	0	0	0	0	0	5	[]	0	2
22	123456832	68	2	2	0	0	0	0	0	0	0	0	0	0	0	0	0	240	16	0	0	0	0	210	3	3	2	0	0	0	0	0	0	0	0	0	0	0	0	5	[]	0	2
23	123456832	68	2	2	0	0	0	0	0	0	0	0	0	0	0	0	0	240	16	0	0	0	0	209	3	2	4	0	0	0	0	0	0	0	0	0	0	0	0	5	[]	0	2
24	123456832	68	2	2	0	0	0	0	0	0	0	0	0	0	0	0	0	240	17	0	0	0	0	207	3	4	4	0	0	0	0	0	0	0	0	0	0	0	0	5	[]	0	2
25	123456832	66	4	2	0	0	0	0	0	0	0	0	0	0	0	0	0	240	19	0	0	0	0	204	5	5	4	0	0	0	0	0	0	0	0	0	0	0	0	6	[]	0	2
26	123456832	65	5	2	0	0	0	0	0	0	0	0	0	0	0	0	0	240	20	0	0	0	0	204	4	6	4	0	0	0	0	0	0	0	0	0	0	0	0	6	[]	0	2
27	123456832	63	2	1	0	2	3	1	0	0	0	0	0	0	0	0	0	259	20	1	2	0	1	193	2	4	5	11	1	1	0	0	0	0	0	0	0	1	0	6	[3B]	1	3
28	123456832	63	2	1	0	2	2	2	0	0	0	0	0	0	0	0	0	259	20	1	2	0	1	193	1	4	6	11	1	1	0	0	0	0	0	0	0	0	1	6	[3B]	1	3
29	123456832	62	2	2	0	2	2	1	1	0	0	0	0	0	0	0	0	314	20	1	2	0	1	193	0	5	6	11	1	1	0	0	0	0	0	0	0	0	1	6	[3B]	1	3
30	123456832	60	3	2	1	2	1	2	1	0	0	0	0	0	0	0	0	314	20	1	2	0	1	192	1	4	7	11	1	1	0	0	0	0	0	0	0	0	1	7	[3B]	1	2
31	123456832	60	3	2	1	2	0	3	1	0	0	0	0	0	0	0	0	314	20	1	2	0	1	192	0	5	7	11	1	1	0	0	0	0	0	0	0	0	1	7	[3B]	1	2
32	123456832	58	3	3	2	2	0	2	2	0	0	0	0	0	0	0	0	314	20	1	2	0	1	191	1	4	8	11	0	1	1	0	0	0	0	0	0	0	1	7	[3B]	1	2
33	123456832	57	3	4	2	2	0	2	2	0	0	0	0	0	0	0	0	314	21	1	2	0	1	187	5	4	8	11	0	1	1	0	0	0	0	0	0	0	1	7	[3B]	1	3
34	123456832	57	2	4	3	2	0	2	2	0	0	0	0	0	0	0	0	314	22	1	2	0	1	187	5	4	8	11	0	1	1	0	0	0	0	0	0	0	1	7	[3B]	1	4
35	123456832	57	1	5	3	2	0	2	2	0	0	0	0	0	0	0	0	314	23	1	2	0	1	187	4	4	9	11	0	1	1	0	0	0	0	0	0	0	1	7	[3B]	1	4
36	123456832	53	0	0	1	6	1	4	7	0	0	0	0	0	0	0	0	388	23	1	7	0	1	168	1	1	6	30	2	4	5	0	0	0	0	0	0	0	1	7	[3B 1C 2C]	3	3
37	123456832	53	0	0	1	6	1	4	7	0	0	0	0	0	0	0	0	388	25	1	7	0	1	168	0	2	6	30	2	2	7	0	0	0	0	0	0	0	1	7	[3B 1C 2C]	3	3
38	123456832	53	0	0	1	6	1	4	7	0	0	0	0	0	0	0	0	388	25	1	7	0	1	168	0	1	7	30	2	2	7	0	0	0	0	0	0	0	1	7	[3B 1C 2C]	3	3
39	123456832	53	0	0	1	6	1	4	7	0	0	0	0	0	0	0	0	388	25	1	7	0	1	168	0	1	7	30	2	2	7	0	0	0	0	0	0	0	1	7	[3B 1C 2C]	3	3
40	123456832	53	0	0	1	6	0	5	7	0	0	0	0	0	0	0	0	388	25	1	7	0	1	168	0	1	7	30	0	4	7	0	0	0	0	0	0	0	1	7	[3B 1C 2C]	3	3
41	123456832	55	0	0	5	4	0	4	4	0	0	0	0	0	0	0	0	388	26	1	7	0	1	179	0	1	10	19	0	4	5	0	0	0	0	0	0	0	0	7	[1C 2C]	2	2
42	123456832	55	0	0	5	4	0	3	5	0	0	0	0	0	0	0	0	388	27	1	7	0	1	179	0	0	11	19	0	3	6	0	0	0	0	0	0	0	0	7	[1C 2C]	2	2
43	123456832	55	0	0	5	4	0	2	6	0	0	0	0	0	0	0	0	438	29	1	7	0	1	179	0	0	11	19	0	3	6	0	0	0	0	0	0	0	0	7	[1C 2C]	2	2
44	123456832	55	0	0	5	4	0	2	6	0	0	0	0	0	0	0	0	438	29	1	7	0	1	179	0	0	11	19	0	3	6	0	0	0	0	0	0	0	0	7	[1C 2C]	2	2
45	123456832	55	0	0	5	4	0	2	6	0	0	0	0	0	0	0	0	438	29	1	7	0	1	179	0	0	11	19	0	3	6	0	0	0	0	0	0	0	0	7	[1C 2C]	2	2
46	123456832	54	1	0	5	4	0	2	6	0	0	0	0	0	0	0	0	438	29	1	7	0	1	179	0	0	11	19	0	2	7	0	0	0	0	0	0	0	0	8	[1C 2C]	2	2
47	123456832	54	0	1	5	4	0	2	6	0	0	0	0	0	0	0	0	438	29	1	7	0	1	179	0	0	11	19	0	2	7	0	0	0	0	0	0	0	0	8	[1C 2C]	2	3
48	123456832	54	0	1	5	4	0	2	6	0	0	0	0	0	0	0	0	438	30	1	7	0	1	179	0	0	11	19	0	2	7	0	0	0	0	0	0	0	0	8	[1C 2C]	2	3
49	123456832	54	0	1	5	4	0	1	7	0	0	0	0	0	0	0	0	438	30	1	7	0	1	179	0	0	11	19	0	1	8	0	0	0	0	0	0	0	0	8	[1C 2C]	2	3
50	123456832	58	0	0	13	0	0	1	0	0	0	0	0	0	0	0	0	517	30	1	8	0	1	197	1	0	20	0	0	0	0	0	0	0	0	0	0	0	0	9	[]	0	1
51	123456832	57	1	0	13	0	0	1	0	0	0	0	0	0	0	0	0	517	30	1	8	0	1	195	2	1	20	0	0	0	0	0	0	0	0	0	0	0	0	10	[]	0	1
52	123456832	56	2	0	13	0	0	1	0	0	0	0	0	0	0	0	0	517	32	1	8	0	1	195	2	1	20	0	0	0	0	0	0	0	0	0	0	0	0	11	[]	0	1
53	123456832	56	2	0	13	0	0	1	0	0	0	0	0	0	0	0	0	517	33	1	8	0	1	194	2	2	20	0	0	0	0	0	0	0	0	0	0	0	0	11	[]	0	2
54	123456832	56	1	1	13	0	0	1	0	0	0	0	0	0	0	0	0	517	33	1	8	0	1	192	4	2	20	0	0	0	0	0	0	0	0	0	0	0	0	11	[]	0	3
55	123456832	56	1	1	13	0	0	1	0	0	0	0	0	0	0	0	0	536	34	1	8	0	1	192	4	2	20	0	0	0	0	0	0	0	0	0	0	0	0	11	[]	0	3
56	123456832	56	0	2	13	0	0	1	0	0	0	0	0	0	0	0	0	536	35	1	8	0	1	192	3	2	21	0	0	0	0	0	0	0	0	0	0	0	0	11	[]	0	3
57	123456832	51	0	1	13	5	0	1	1	0	0	0	0	0	0	0	0	614	35	1	10	0	1	180	2	1	21	12	0	2	0	0	0	0	0	0	0	0	0	11	[1A]	1	3
58	123456832	51	0	0	14	5	0	1	1	0	0	0	0	0	0	0	0	614	36	1	10	0	1	178	3	2	21	12	0	2	0	0	0	0	0	0	0	0	0	11	[1A]	1	3
59	123456832	49	2	0	14	5	0	1	1	0	0	0	0	0	0	0	0	614	37	1	10	0	1	178	0	5	21	12	0	2	0	0	0	0	0	0	0	0	0	11	[1A]	1	3
60	123456832	48	2	1	14	5	0	1	1	0	0	0	0	0	0	0	0	614	37	1	10	0	1	176	2	3	23	12	0	1	1	0	0	0	0	0	0	0	0	11	[1A]	1	3
